country_code	name	1950-1955	1955-1960	1960-1965	1965-1970	1970-1975	1975-1980	1980-1985	1985-1990	1990-1995	1995-2000	2000-2005	2005-2010	2010-2015	2015-2020	last.observed
900	World	49.7284	52.1875	53.6164	56.9169	59.0562	61.5152	63.7555	65.5517	66.8008	67.9602	69.6867	71.6553	73.5254	74.996	2021
1834	Sub-Saharan Africa	39.4098	41.0936	43.1303	44.459	46.039	48.3564	49.7445	50.4754	50.6797	51.3467	52.7216	55.6206	59.1551	61.7178	2021
1833	Northern Africa and Western Asia	44.6058	47.725	50.6491	53.2875	56.1833	59.4507	62.7409	65.465	67.9628	69.7164	71.6595	73.1045	74.3399	75.5886	2021
1831	Central and Southern Asia	40.8413	43.4126	45.4978	46.8432	48.9872	52.4367	55.7292	58.5029	60.6633	62.7193	65.3328	67.7057	69.8741	71.922	2021
1832	Eastern and South-Eastern Asia	47.7624	50.0799	50.6068	57.7552	61.3881	64.8593	67.8522	69.8888	71.426	73.1492	75.2597	76.975	78.3798	79.6263	2021
1830	Latin America and the Caribbean	51.9836	55.1789	58.0596	60.366	62.4657	65.0163	67.3375	69.6018	71.6889	73.4492	75.1659	76.4146	77.2605	78.0533	2021
1835	Oceania (excluding Australia and New Zealand)	44.696	48.8854	52.3649	55.8241	58.7859	61.4065	63.5083	65.0583	65.8638	66.4353	66.7827	67.1062	68.6699	70.0365	2021
1836	Australia/New Zealand	72.144	73.4938	74.2226	74.4105	75.117	76.8872	78.2722	78.9749	80.3788	81.3304	82.5026	83.4817	84.2512	84.897	2021
1829	Europe and Northern America	67.7197	70.7255	72.5349	73.4214	74.1583	75.1765	75.9796	76.8697	77.4158	77.895	78.5964	79.7708	80.9564	81.7732	2021
901	More developed regions	67.3693	70.5488	72.4756	73.5122	74.3621	75.4821	76.3633	77.3213	77.9491	78.5208	79.3247	80.4994	81.6339	82.4593	2021
902	Less developed regions	44.2345	46.7107	48.1596	52.2655	54.9109	57.8031	60.4919	62.6137	64.137	65.572	67.55	69.6186	71.6149	73.2631	2021
941	Least developed countries	38.6529	40.6138	42.8416	44.5775	44.9042	47.0477	49.0834	50.2934	51.6803	54.4363	57.5811	60.5275	63.8342	66.4511	2021
934	Less developed regions, excluding least developed countries	45.0853	47.6182	48.9757	53.4536	56.5404	59.6671	62.5475	64.859	66.4441	67.7163	69.4914	71.3796	73.1116	74.5927	2021
948	Less developed regions, excluding China	43.02	46.1922	48.7205	50.459	52.6529	55.4881	58.2007	60.2782	61.9412	63.401	65.2855	67.3975	69.4869	71.2126	2021
1636	Land-locked Developing Countries (LLDC)	42.1013	43.6271	46.2453	47.5643	48.4923	50.0715	51.1694	52.1231	52.8828	54.262	56.4798	60.2144	64.0719	66.8302	2021
1637	Small Island Developing States (SIDS)	51.9574	55.5673	58.2288	60.6669	62.7465	63.915	65.4549	67.0789	68.524	69.9018	71.4855	72.9117	73.3378	75.1701	2021
1503	High-income countries	66.7291	69.6062	71.4704	72.869	74.1199	75.6864	76.9698	78.0564	79.136	80.0692	81.0905	82.1641	83.0572	83.5661	2021
1517	Middle-income countries	46.0275	48.4983	49.8389	53.914	56.4903	59.3574	62.0789	64.2664	65.6149	66.8689	68.6497	70.5822	72.5044	74.124	2021
1502	Upper-middle-income countries	49.7608	51.8464	52.4259	59.1535	62.3065	65.6285	68.1736	70.1188	71.2808	72.7118	74.4165	76.0859	77.7699	79.1702	2021
1501	Lower-middle-income countries	42.2654	45.1498	47.4412	48.8888	51.0927	54.1516	57.2633	59.5681	61.201	62.6272	64.5984	66.6589	68.6275	70.366	2021
1500	Low-income countries	37.5836	40.4268	42.7528	44.1933	45.7067	47.4142	48.2857	49.117	50.4272	52.4787	55.3819	59.051	62.3435	64.8612	2021
1518	No income group available	54.6879	58.1295	61.7794	64.4375	67.624	70.2631	72.0466	73.3184	74.3386	75.2454	75.9493	76.9137	77.1963	76.6317	2021
903	Africa	39.6839	41.7609	43.9222	45.4278	47.1911	49.7662	51.5936	52.7196	53.2999	54.0859	55.5268	58.2356	61.4953	63.8533	2021
910	Eastern Africa	40.9961	42.3802	45.3938	46.5492	47.2805	48.5767	49.2518	49.4669	48.9257	50.4932	52.9667	57.4296	62.2124	65.6837	2021
108	Burundi	42.3903	43.7614	44.8622	44.5017	39.1018	44.917	48.5412	48.3306	44.3601	47.4426	51.7578	56.3484	59.9188	63.2194	2021
174	Comoros	36.524	39.0026	40.8494	43.5648	48.1044	50.7594	53.497	55.7351	57.8844	60.0305	60.8227	62.0779	63.9196	65.8391	2021
262	Djibouti	43.0909	44.3787	46.0523	48.0126	50.4754	52.7133	54.765	56.7046	57.6661	57.9201	58.7683	60.9114	63.0714	65.1217	2021
232	Eritrea	36.1232	38.0705	40.5136	42.1757	43.8564	46.1317	47.6722	49.8622	53.6438	56.5464	60.3655	63.8039	66.6682	68.7132	2021
231	Ethiopia	39.1279	38.2937	43.7704	44.4587	43.7785	44.0941	42.4632	43.9674	48.1681	50.3182	52.5956	58.1068	63.8359	67.7694	2021
404	Kenya	41.555	47.1561	51.652	53.9934	56.6366	58.1588	62.3332	61.5273	59.312	56.582	56.3247	60.4293	63.1937	64.8197	2021
450	Madagascar	41.218	43.0937	45.1014	47.0707	49.2496	50.8269	50.9443	51.6559	54.5576	57.6987	60.1103	63.2923	65.691	67.3512	2021
454	Malawi	34.2217	35.923	37.2726	37.3885	39.1269	43.9743	47.9011	45.9817	45.5931	45.4282	49.0849	55.7692	61.3317	66.4441	2021
480	Mauritius	53.2665	56.7283	60.0842	62.1	64.4046	67.8529	70.3714	71.853	73.9217	74.5716	75.5549	76.9301	77.8898	78.1991	2021
175	Mayotte	45.9236	53.1692	58.2308	62.4218	66.074	69.3012	71.8122	73.8247	75.6951	77.3745	78.6463	79.7427	80.7719	80.9212	2021
508	Mozambique	39.0389	41.1011	42.8061	43.122	43.3358	43.9488	42.5179	44.7865	46.7043	48.9557	51.9754	54.0643	57.6276	62.3316	2021
638	Réunion	52.6671	56.1756	60.1063	64.1797	68.1902	70.9503	74.0237	77.1464	78.4383	79.6994	80.8142	82.2343	83.8058	84.7155	2021
646	Rwanda	44.098	45.7574	47.661	48.4144	46.6237	45.9019	51.5771	52.8909	31.9274	43.3561	52.0819	61.057	65.6751	68.0418	2021
690	Seychelles	54.957	56.2813	57.7446	60.2452	63.9626	68.0155	71.5803	74.0587	76.2218	75.0974	75.554	76.9521	78.145	78.3584	2021
706	Somalia	43.1634	44.2551	45.3066	46.4168	46.8448	47.4757	49.3355	49.7691	40.4882	51.9283	52.0989	52.587	54.5845	57.9663	2021
728	South Sudan	34.8947	33.4895	32.5263	30.8059	34.5817	37.8969	37.9766	25.9452	31.1255	32.0375	49.5513	53.759	56.726	57.2662	2021
800	Uganda	41.7148	45.2577	49.3033	51.5744	50.6675	48.7244	47.9891	49.5219	48.6474	49.4	51.628	56.526	60.7448	64.21	2021
834	United Republic of Tanzania	42.936	43.7023	44.5329	46.5051	49.3835	51.8882	53.8215	54.0139	53.1171	52.3827	55.1899	58.8794	64.2376	68.2186	2021
894	Zambia	46.8518	48.8811	50.8216	51.9759	53.8789	56.0323	55.359	51.7931	47.9771	46.2436	48.3566	54.1064	60.7847	64.6022	2021
716	Zimbabwe	52.3224	54.11	56.0479	58.026	59.1482	59.5292	62.1977	64.4136	58.9063	50.2008	44.7938	47.1046	57.1239	62.9141	2021
911	Middle Africa	38.9532	40.776	42.0762	43.9597	45.9708	47.026	48.3315	49.4767	50.7254	51.6508	53.1094	55.6327	58.6498	61.2362	2021
24	Angola	38.2407	39.1468	40.3231	41.9838	43.8293	44.7243	45.6751	45.3464	46.3421	48.0149	50.4946	55.7722	60.8782	64.1023	2021
120	Cameroon	36.5	40.3812	43.3454	46.4376	49.9717	51.4315	53.3529	55.6486	55.744	54.4597	55.0324	56.5649	59.2192	62.1988	2021
140	Central African Republic	37.2826	39.2074	41.4723	44.3445	47.4866	50.1898	51.9452	52.2176	50.6437	48.0541	46.5952	48.5101	51.8948	55.9941	2021
148	Chad	38.0996	39.2673	40.4266	41.6051	43.1199	44.2661	46.1528	47.4474	47.5005	48.0922	48.9346	49.904	51.7629	53.913	2021
178	Congo	43.7573	47.9153	52.0089	54.917	57.1881	58.691	60.0434	59.8328	55.754	53.3922	55.8862	60.4402	63.5403	64.8259	2021
180	Democratic Republic of the Congo	39.9723	41.3897	41.8772	43.4053	44.9766	45.7508	46.7958	48.292	50.728	52.6262	54.3682	56.459	59.0144	61.2982	2021
226	Equatorial Guinea	41.2121	42.5181	43.8014	41.9267	40.3469	39.7099	50.0609	51.7828	52.6675	53.716	55.7731	58.17	60.5856	62.7992	2021
266	Gabon	42.377	46.0155	49.3468	52.46	55.1879	57.8229	59.8825	61.3745	61.7277	61.7531	62.6285	64.2296	66.6331	68.4952	2021
678	Sao Tome and Principe	40.6805	40.4586	46.772	54.6838	59.7394	60.6605	61.2885	61.6344	63.5012	63.3499	64.5459	67.0771	68.5732	71.051	2021
912	Northern Africa	40.9053	44.3287	46.8667	49.0395	51.5814	55.2486	58.9862	62.1533	65.189	67.2743	69.3526	70.8738	72.5283	73.8304	2021
12	Algeria	43.4588	43.7038	43.2639	43.1268	45.0095	50.2315	59.0604	67.1411	69.1044	70.7957	72.4257	73.9053	75.6633	77.1686	2021
818	Egypt	39.0137	44.7745	48.6369	51.5429	52.8987	56.2854	59.9377	63.9388	66.8616	69.1054	70.6117	71.741	72.7825	73.708	2021
434	Libya	34.2015	37.3219	44.9855	52.9275	59.112	65.065	68.7476	70.8548	72.5488	73.3355	73.5088	74.4626	74.8781	75.7025	2021
504	Morocco	40.5908	42.7284	44.9578	48.1882	50.8079	53.8311	58.2067	62.1961	65.0649	67.3438	69.3026	71.3825	73.5637	75.7233	2021
729	Sudan	47.3368	47.8394	48.7154	47.8389	52.3753	54.9296	53.0588	49.8072	54.1653	56.8024	61.4064	63.5432	66.3836	67.9652	2021
788	Tunisia	39.652	42.8051	46.6798	51.6776	57.4499	63.2026	67.7321	71.0697	73.3536	75.5503	76.8611	78.0974	78.7704	79.2317	2021
732	Western Sahara	37.0793	38.955	40.8816	42.7984	45.0908	48.3122	52.8014	57.1734	60.5257	63.0257	65.6806	68.0915	70.2488	71.956	2021
913	Southern Africa	45.3192	51.481	55.0944	56.8021	58.88	61.5309	64.0903	65.9069	66.3522	62.9486	57.0583	56.5351	63.2523	67.5408	2021
72	Botswana	48.2396	51.1238	53.8002	56.2096	58.7805	61.7757	64.4117	65.4284	61.7557	55.8149	52.7484	57.0252	63.584	67.8564	2021
748	Eswatini	45.0158	46.4587	48.0719	50.76	53.4962	57.1596	60.4025	63.7384	63.5672	54.8599	46.4978	44.938	52.0122	61.4698	2021
426	Lesotho	48.9353	52.2803	53.5237	53.8114	55.5905	58.7034	62.3708	64.2763	63.0007	56.8858	47.9762	45.7157	50.4785	55.7233	2021
516	Namibia	44.4309	47.5402	50.8867	53.9192	56.8813	60.3465	62.8571	64.7582	64.0046	57.7963	53.2033	56.1452	60.8669	65.6424	2021
710	South Africa	45.0792	51.7336	55.5628	57.225	59.248	61.8133	64.2884	66.0765	66.7938	63.8597	58.0466	57.2584	64.1138	68.2216	2021
914	Western Africa	37.0015	38.176	39.3524	40.4413	42.451	46.1869	48.2028	48.94	49.4921	49.9899	51.7432	53.895	55.7775	57.1654	2021
204	Benin	36.2269	37.8927	39.7604	42.0094	44.2251	47.8689	51.3886	54.4015	56.6247	57.6309	58.1815	58.9677	59.9477	61.194	2021
854	Burkina Faso	34.6264	35.9792	37.6962	39.4718	41.4795	45.4305	48.676	49.9773	50.3716	50.9395	52.902	55.9357	58.9604	61.243	2021
132	Cabo Verde	49.6417	50.9572	51.9614	53.4752	56.5694	60.1377	62.2378	64.5123	66.9371	68.5433	73.9586	76.7923	78.8377	79.9715	2021
384	Côte d'Ivoire	34.9653	37.6737	40.9265	43.8969	47.3031	51.9895	55.1034	55.3315	54.4609	53.3351	52.2887	54.1616	57.3593	59.7146	2021
270	Gambia	33.2093	34.6577	37.1573	39.6193	42.2708	44.8879	47.8301	51.0119	54.9693	58.3774	59.1632	60.7915	62.8536	64.3626	2021
288	Ghana	46.2735	48.4349	49.649	49.8666	50.3451	52.1827	53.3947	55.6681	57.3142	58.4387	59.8989	61.6829	63.797	65.9916	2021
324	Guinea	36.9412	37.3461	38.2914	39.544	40.9676	42.8489	45.2161	47.1566	48.9395	51.8275	53.6881	56.4113	58.605	60.0857	2021
624	Guinea-Bissau	37.796	38.7123	39.7372	41.3441	42.9759	44.733	46.2667	47.7335	49.7106	50.8872	53.3322	56.0928	59.7023	62.162	2021
430	Liberia	40.505	40.3629	40.124	41.1383	43.1342	45.1286	46.6096	45.8776	44.7434	49.3622	55.3016	59.6602	60.8215	61.6679	2021
466	Mali	29.072	30.1674	30.706	31.9863	34.7308	39.1428	42.3385	45.0873	47.843	48.8207	52.5879	55.7657	58.1136	60.2144	2021
478	Mauritania	40.2283	43.2008	46.6554	50.265	53.1228	55.1066	57.9478	60.1435	61.5485	62.0683	62.9488	63.9516	65.3314	66.9349	2021
562	Niger	36.5788	36.6505	37.0108	37.1302	36.218	38.3856	40.0252	40.3083	43.238	47.6108	51.0017	56.0646	60.3221	63.055	2021
566	Nigeria	37.4214	38.1645	39.0919	39.8827	42.0629	46.1902	47.6085	47.4623	47.3359	47.3368	49.1045	50.7469	51.8917	52.6064	2021
654	Saint Helena	67.903	69.0875	69.8267	70.6405	71.0321	71.7297	72.7421	73.5317	74.7042	77.4098	79.0105	79.4846	79.659	79.5904	2021
686	Senegal	37.1569	39.1428	39.9278	40.2092	42.1971	46.9516	52.0178	56.7868	59.1077	58.1423	59.5283	63.8661	67.5825	70.1017	2021
694	Sierra Leone	31.7591	33.84	36.1581	38.6822	41.0128	43.3722	44.8768	45.082	44.7226	44.7641	47.1538	51.0869	56.2018	60.1091	2021
768	Togo	42.3497	43.2392	44.4325	45.9941	48.2609	50.9064	53.6901	55.8596	55.6573	55.4022	56.0505	56.8417	58.2847	60.439	2021
935	Asia	45.1016	47.5109	48.6635	53.4377	56.3613	59.4282	62.4273	64.8493	66.6478	68.4016	70.7103	72.7969	74.6418	76.2997	2021
5500	Central Asia	58.3129	59.7101	61.1314	62.6349	64.1983	65.277	66.3663	67.6162	67.6811	67.865	69.3579	70.8872	72.585	73.8157	2021
398	Kazakhstan	61.2845	62.6057	63.7377	65.0419	66.3493	67.2248	68.3741	69.2851	69.3595	69.4821	70.1299	71.3782	73.4843	74.9261	2021
417	Kyrgyzstan	56.8047	58.1185	59.5729	60.9671	62.5672	63.6552	65.3316	67.1422	67.8079	68.8743	69.9223	71.0884	72.9595	74.4285	2021
762	Tajikistan	53.6877	54.977	56.6283	58.1857	59.961	61.5042	62.0495	63.6905	63.1077	63.7146	67.2645	69.8411	71.0793	72.4599	2021
795	Turkmenistan	54.5026	56.1967	58.1896	60.0669	61.9905	63.3681	65.005	66.4269	67.3397	67.6544	69.1986	70.5428	71.9302	72.2688	2021
860	Uzbekistan	57.7226	59.3802	61.009	62.8635	64.5915	65.6761	66.6366	67.9259	67.9872	68.0226	69.6863	71.0548	72.5459	73.7133	2021
906	Eastern Asia	48.3179	50.1577	49.858	58.4097	62.2667	66.4018	69.3497	71.2658	72.5888	74.348	76.8624	78.7748	80.2066	81.5013	2021
156	China	47.0611	48.0509	47.1895	56.4682	60.4438	64.7251	67.8303	69.8005	71.0567	73.0411	75.5853	77.5025	79.016	80.3933	2021
344	China, Hong Kong SAR	65.3878	68.5758	71.5247	73.9722	76.2411	77.0071	78.5576	79.7999	81.0774	82.8605	84.2908	85.2501	86.5453	87.8711	2021
446	China, Macao SAR	62.4066	64.9976	67.5526	69.6956	71.9369	74.2898	76.3824	78.3658	80.5414	82.8791	84.1493	85.5195	86.5334	87.2486	2021
158	China, Taiwan Province of China	59.3341	63.0128	66.3234	69.4562	72.4264	74.2161	75.2345	76.4069	77.5715	78.5429	80.1815	81.6593	82.8681	83.7754	2021
408	Dem. People's Republic of Korea	32.5087	53.7297	56.8403	60.4035	64.0192	67.1414	70.1081	72.8081	74.8351	64.2026	67.3015	72.5728	74.7185	75.6368	2021
392	Japan	63.9317	68.4736	71.4866	73.9394	75.7653	77.8822	79.6395	81.3053	82.4187	83.6462	85.1262	85.9105	86.3918	87.2485	2021
496	Mongolia	42.3167	44.1835	49.0659	52.7034	55.9556	57.6793	58.4451	60.1388	62.4254	63.9714	68.1231	70.8686	72.5093	74.9885	2021
410	Republic of Korea	41.78	54.0377	58.3418	64.375	67.7284	69.9835	72.4169	74.7063	77.324	79.0669	81.0628	83.0761	85.0114	86.4032	2021
5501	Southern Asia	40.3207	42.8669	44.9318	46.2672	48.43	51.9548	55.3182	58.139	60.3848	62.5364	65.2098	67.6052	69.7743	71.8445	2021
4	Afghanistan	29.2351	31.7429	34.3033	36.7258	39.323	41.4515	40.8971	43.5736	51.0248	55.0554	58.0051	60.8971	63.5161	65.8523	2021
50	Bangladesh	39.3944	42.8489	45.6273	47.5469	42.9331	49.8462	51.6479	53.9457	56.0634	61.7195	67.5135	68.7177	71.6009	73.9878	2021
64	Bhutan	31.5771	33.1894	35.4813	38.6646	42.6507	46.8735	51.0467	54.9962	58.7381	62.4308	65.5645	68.6408	71.0566	72.6544	2021
356	India	41.1161	43.3005	44.9588	45.6363	48.4281	51.569	55.0607	58.0211	60.3371	62.238	64.7776	67.3825	69.6646	71.8646	2021
364	Iran (Islamic Republic of)	38.3832	41.1672	44.0568	47.4708	52.0639	57.0867	62.573	66.497	68.7097	71.0813	72.8691	74.9862	76.8209	78.7299	2021
462	Maldives	37.6979	37.9079	39.9329	42.9691	47.2706	52.4939	57.7717	62.0549	65.934	69.8945	73.9144	77.3701	79.7085	81.0313	2021
524	Nepal	38.0953	38.3456	39.3383	41.4622	43.8647	46.2329	48.8991	52.3164	57.065	61.8874	65.4965	68.1046	69.3478	70.5148	2021
586	Pakistan	35.7801	40.7437	45.2711	51.0759	54.6464	57.0643	59.8962	60.3337	60.9117	61.6274	63.7924	65.8096	67.3408	68.7334	2021
144	Sri Lanka	57.5762	60.1757	63.7655	66.2598	68.4428	69.7679	73.1431	75.7852	77.517	77.5611	74.6105	76.7052	78.2683	79.4565	2021
920	South-Eastern Asia	46.0295	50.2862	53.6797	55.6769	58.5552	60.5205	63.8224	65.851	67.9437	69.6554	70.7852	72.1102	73.4458	74.6564	2021
96	Brunei Darussalam	52.5823	55.1212	59.1681	62.7083	65.828	69.0091	71.415	73.0818	74.4689	75.89	76.9244	77.2265	77.1857	77.0665	2021
116	Cambodia	41.2894	43.0823	45.5633	48.1211	48.8758	25.1601	53.1633	56.1283	58.1245	58.7902	63.2146	67.8712	71.1028	72.6813	2021
360	Indonesia	41.8552	45.7303	49.2748	51.4273	56.1545	59.0442	61.5033	63.6065	65.6831	67.3477	68.3535	69.9381	70.9755	72.1103	2021
418	Lao People's Democratic Republic	40.3696	41.7859	43.2559	44.8312	46.2467	47.3284	50.2948	53.3265	56.2679	58.7821	61.2974	64.2681	67.2919	69.5125	2021
458	Malaysia	50.5222	55.0029	59.7749	63.3464	65.7238	68.7092	71.4216	73.0167	74.0075	74.7011	75.9057	76.6104	77.5756	78.1636	2021
104	Myanmar	38.7411	43.5561	46.8132	51.2099	53.7691	55.5755	57.3745	58.5897	60.002	62.4173	63.964	63.6661	67.3235	69.2592	2021
608	Philippines	55.9575	59.2449	61.6267	63.1584	63.6867	63.9408	64.6705	66.3129	68.8557	70.6683	71.5799	72.1752	72.5915	73.4254	2021
702	Singapore	56.2719	64.0977	68.9851	71.3198	72.8023	74.4957	75.4644	77.1152	78.375	80.0078	82.1799	83.6861	84.524	85.539	2021
764	Thailand	47.2939	51.0598	55.4347	58.4519	62.1613	65.8715	69.1711	72.6688	74.9955	76.74	76.9147	79.3168	81.1297	82.9159	2021
626	Timor-Leste	31.4765	32.8953	34.6624	37.3581	39.5737	30.0705	39.2755	44.3949	48.034	50.3946	61.7771	65.3876	67.829	69.468	2021
704	Viet Nam	56.4597	61.4173	64.0203	62.8703	62.2573	69.3901	71.1668	72.6438	74.8088	76.6126	77.5739	78.2039	78.4839	78.8112	2021
922	Western Asia	48.6418	51.3688	54.6557	57.74	60.9484	63.7488	66.5837	68.7783	70.641	72.0168	73.8409	75.2266	76.0482	77.2446	2021
51	Armenia	62.5613	63.9861	65.1781	66.4449	67.8421	68.8049	70.1804	67.3031	72.458	73.5862	74.8433	76.4261	77.8489	79.4178	2021
31	Azerbaijan	57.6525	59.07	60.7094	62.2703	63.8506	64.6366	65.2178	65.8596	66.0454	67.2285	69.9056	71.9334	73.7929	75.5337	2021
48	Bahrain	39.445	45.3886	54.5971	62.0574	67.6141	70.8765	72.7796	73.4455	74.1806	76.2831	77.9724	79.4969	80.5076	81.2299	2021
196	Cyprus	63.0288	66.2217	67.9827	71.166	72.4837	74.0261	74.4883	75.114	76.0668	77.9272	79.5102	81.0072	82.3969	83.2181	2021
268	Georgia	62.5095	64.1188	65.8296	67.4612	69.0803	70.2973	71.4734	72.402	72.649	73.2991	74.2461	75.9595	77.2143	78.2879	2021
368	Iraq	45.3827	52.4744	57.6644	61.4124	64.3685	66.9429	67.8701	66.9858	67.8143	68.6578	69.995	69.6041	70.6512	72.7966	2021
376	Israel	69.5045	70.4444	72.3354	73.2474	73.8427	74.8688	75.9658	77.634	79.1481	80.2993	81.5405	82.6734	83.7229	84.4853	2021
400	Jordan	43.0442	49.6346	55.1956	59.6825	63.0585	66.0393	68.3979	70.3489	71.8913	73.0375	74.2634	75.422	76.7122	77.983	2021
414	Kuwait	51.7765	55.9674	61.233	66.2181	69.8727	71.2492	73.6389	76.3278	77.7189	78.3976	79.1225	79.4733	81.2439	82.3829	2021
422	Lebanon	63.7573	65.6304	67.2739	68.1537	68.6777	59.6552	63.0206	67.9465	72.6034	74.1737	76.8404	79.1945	80.4212	81.3113	2021
512	Oman	32.4167	34.7989	39.9638	46.214	52.2005	58.6169	65.2442	70.2541	73.4454	75.6329	77.0066	77.7266	79.0101	79.9119	2021
634	Qatar	55.8882	58.9526	62.4689	66.2439	69.2729	71.4546	73.0226	74.334	75.3909	76.2364	77.1912	79.7402	81.0969	82.4451	2021
682	Saudi Arabia	43.2505	45.8547	48.5902	51.7779	56.4666	61.5273	65.9127	69.2503	71.8253	73.4986	75.1146	76.6892	78.1315	78.9042	2021
275	State of Palestine	48.7663	50.2478	52.6004	55.6597	58.2137	61.8326	65.2097	68.2183	70.3599	71.9061	73.1045	74.4387	75.6192	77.0103	2021
760	Syrian Arab Republic	46.0407	51.2882	55.8944	59.2114	62.6614	65.5783	68.0531	71.0309	72.117	72.4703	74.3331	76.2222	72.6729	73.4113	2021
792	Türkiye	50.6122	52.0432	55.2921	58.3555	61.3387	64.3812	67.2699	70.0098	72.3086	74.0646	75.9932	77.4923	78.9248	80.4031	2021
784	United Arab Emirates	45.6043	49.3695	53.73	59.4705	65.4974	69.7235	72.6407	74.3861	75.3311	75.7958	77.8022	79.5896	80.8079	81.7368	2021
887	Yemen	34.2789	34.953	36.6699	39.9025	44.7949	49.542	54.8713	58.9847	61.3116	63.0226	65.8405	68.5026	69.5017	68.8469	2021
908	Europe	66.5638	69.9813	72.1211	73.1253	73.791	74.5936	75.326	76.324	76.8114	77.3235	78.1346	79.4459	80.7951	81.8795	2021
923	Eastern Europe	63.8281	68.9521	71.7666	72.4032	72.5193	72.7713	72.9363	73.7683	73.619	73.4877	74.0252	75.5121	77.3076	79.0374	2021
112	Belarus	64.9322	69.6711	73.2934	74.6551	74.7938	74.5945	74.5626	74.4533	74.4897	74.904	75.0723	76.3724	77.8096	79.1362	2021
100	Bulgaria	63.6879	68.0584	71.8858	73.0296	73.483	73.7304	74.2111	74.6802	74.8159	74.6303	75.6441	76.6951	77.8776	78.3848	2021
203	Czechia	68.845	72.1356	73.407	73.4626	73.484	74.208	74.3113	75.0697	76.0702	77.4996	78.7065	79.9936	81.1072	81.8737	2021
348	Hungary	65.6912	68.9784	70.9532	71.9972	72.3234	72.8399	72.9911	73.5051	74.0162	75.225	76.6034	77.6529	78.7487	79.398	2021
616	Poland	63.0017	66.8396	71.081	72.915	73.7054	74.3986	74.7837	74.9746	75.5794	76.945	78.6714	79.7218	80.9002	81.5894	2021
498	Republic of Moldova	61.4626	63.7318	65.7373	67.1298	67.5231	68.0387	69.1962	71.0131	70.4055	68.6743	70.7222	72.9812	73.6335	74.8285	2021
642	Romania	63.9724	64.6352	68.1486	69.7246	70.4817	71.7457	72.1165	72.3141	73.2759	73.6712	74.0898	76.0091	78.0438	79.3288	2021
643	Russian Federation	62.7476	69.9298	72.0937	72.4024	72.2643	72.0569	72.1138	73.438	72.9271	72.2979	72.4661	74.2884	76.3259	78.1825	2021
703	Slovakia	65.553	70.5351	73.0248	73.2895	73.467	74.2242	74.6426	75.1061	75.824	76.7211	77.723	78.553	79.8056	80.6029	2021
804	Ukraine	66.2444	69.8942	73.022	73.259	73.1072	73.5927	73.7435	74.2379	73.6151	73.2254	73.8521	74.5701	76.3711	79.2759	2021
924	Northern Europe	71.6342	73.1704	74.0216	74.8666	75.5091	76.2613	77.2384	77.905	78.6959	79.4534	80.4536	81.5235	82.6015	83.078	2021
208	Denmark	72.2711	73.7557	74.4628	75.2493	76.3772	77.2783	77.5046	77.6645	77.9202	78.4739	79.5203	80.7052	82.0558	83.0309	2021
233	Estonia	70.6553	71.8779	73.293	73.973	74.4137	74.1512	74.3971	74.7169	74.6954	75.8907	77.4374	79.2315	81.0938	82.1193	2021
234	Faroe Islands	60.8066	70.1062	75.8106	77.0564	77.0038	77.1338	78.299	78.9868	77.4508	78.7649	78.5141	79.5605	80.5714	79.5398	2021
246	Finland	69.3527	71.3022	72.5427	73.3903	75.0433	76.9423	78.3905	78.7501	79.481	80.6621	81.6596	82.8607	83.6043	84.2916	2021
831	Guernsey	73.7658	75.2169	74.7685	75.8077	76.5214	77.1413	78.1665	79.633	80.3374	81.2757	82.2987	83.8982	84.4546	84.1315	2021
352	Iceland	74.3403	75.2532	75.9094	76.2054	77.0841	79.3703	79.8174	80.0911	80.8691	81.0661	82.4753	83.1176	83.7872	83.8786	2021
372	Ireland	68.0843	70.7285	72.1368	73.074	73.787	74.7468	76.0422	77.0585	78.1609	78.7371	80.1789	81.8422	82.9949	83.7163	2021
833	Isle of Man	67.9293	69.7905	69.4985	70.7723	71.3174	72.5476	74.0334	74.992	76.5505	76.6167	77.7743	79.9877	81.5297	81.8901	2021
832	Jersey	72.6654	73.3803	73.5348	74.5444	73.8641	74.4805	76.6035	78.4182	79.3347	80.1878	81.159	82.5109	83.1739	83.1591	2021
428	Latvia	72.0017	72.7061	73.912	74.3059	74.3257	74.0078	74.3654	74.607	74.1647	74.7418	75.9346	76.8726	78.5627	79.3692	2021
440	Lithuania	68.9038	70.5823	73.8865	74.898	75.3484	75.5532	75.8692	76.1218	75.765	76.3057	77.6605	77.9967	79.3612	79.9903	2021
578	Norway	74.4371	75.5825	75.9293	76.7643	77.6115	78.5168	79.469	79.6608	80.2363	81.0468	81.7347	82.7855	83.561	84.3586	2021
752	Sweden	73.1751	74.6055	75.474	76.4601	77.5966	78.4211	79.4321	80.0998	80.7886	81.7288	82.2579	83.0173	83.6984	84.2624	2021
826	United Kingdom	71.7868	73.2828	73.9352	74.7495	75.2381	75.972	77.0471	77.8344	78.836	79.5347	80.5474	81.6532	82.7304	83.0316	2021
925	Southern Europe	65.1658	68.1122	70.4775	72.3469	74.0386	75.7337	77.0656	78.3263	79.3635	80.6028	81.7691	82.8966	83.8344	84.3226	2021
8	Albania	49.7279	54.1958	59.7818	64.7377	68.8144	71.2972	73.783	75.3866	76.9291	77.8014	78.8727	80.1332	80.8448	81.5331	2021
20	Andorra	68.903	72.1685	74.8142	76.1371	77.5188	79.1712	80.9515	81.7405	82.499	83.0025	83.8335	84.8786	85.4853	85.4967	2021
70	Bosnia and Herzegovina	54.4578	60.6005	65.1866	68.24	70.7901	73.121	74.2164	74.2027	70.5986	76.3067	77.9148	79.1951	79.0262	78.8397	2021
191	Croatia	62.9444	66.27	69.4363	71.7057	73.4279	74.7023	73.7719	75.3286	76.7093	77.5996	78.3711	79.3378	80.5588	81.1271	2021
292	Gibraltar	67.684	68.8643	70.6544	72.4274	72.2811	73.812	76.0844	78.3163	80.466	81.9678	83.0862	83.6172	84.9554	84.1274	2021
300	Greece	68.8082	70.3123	72.5031	73.9568	75.5438	76.7013	77.9318	79.2311	80.2523	81.042	81.8899	82.9467	83.7406	83.8708	2021
380	Italy	68.1262	70.6481	72.2897	73.6924	75.1662	76.7418	78.0635	79.5236	80.6687	81.7791	83.0151	84.06	84.7611	85.1367	2021
412	Kosovo (under UNSC res. 1244)	60.404	61.9904	63.6199	65.1285	66.7224	68.2955	69.928	71.5585	73.1958	74.6412	76.4488	78.5018	81.0701	81.4102	2021
470	Malta	64.8839	67.6544	69.7268	70.8292	72.395	73.4846	73.8548	76.4814	78.2733	79.7113	81.2	82.418	84.1212	85.6035	2021
499	Montenegro	62.0946	64.7458	68.3976	71.5056	73.0539	74.0911	75.1312	78.9258	79.3669	77.1992	77.1232	77.4053	79.1326	79.7702	2021
807	North Macedonia	50.5833	54.7225	58.6519	63.4774	67.0752	70.3798	71.8474	72.6807	74.1421	74.8514	75.9239	76.5787	77.7739	78.8577	2021
620	Portugal	62.6244	64.7624	67.1022	69.4111	71.333	73.6866	75.8974	77.4625	78.4212	79.5585	80.931	82.4952	83.7031	84.3518	2021
674	San Marino	72.1447	72.8715	74.3588	76.2854	77.9934	78.5998	79.8321	80.1848	80.7781	82.2814	82.2161	83.5516	84.1454	84.3013	2021
688	Serbia	60.3225	63.7021	66.1068	67.7851	69.7409	71.3742	71.7061	72.4101	74.056	74.3505	75.1781	76.4621	78.0634	79.2147	2021
705	Slovenia	61.9825	65.6496	68.5143	70.812	72.6005	73.964	74.7262	76.1934	77.5165	78.991	80.5784	81.948	83.1234	83.9151	2021
724	Spain	66.3759	69.8001	72.2467	73.9417	75.3489	77.2128	79.1567	80.1696	81.1768	82.2585	83.2396	84.2459	85.281	85.7864	2021
926	Western Europe	70.2338	71.9593	73.3795	74.208	75.0432	76.3519	77.5858	78.8397	79.8847	80.9282	81.9202	82.974	83.6965	84.168	2021
40	Austria	68.8095	70.8697	72.631	73.3153	74.0764	75.38	76.5599	78.0433	79.208	80.4527	81.6177	82.7308	83.4526	83.9509	2021
56	Belgium	70.1578	72.1136	73.2572	73.8495	74.6882	75.8713	77.176	78.4739	79.6657	80.5448	81.2849	82.2286	82.9798	83.6538	2021
250	France	69.9589	72.4293	74.1252	75.1014	76.216	77.6533	78.8123	80.1397	81.411	82.2596	83.1458	84.2942	85.0877	85.4441	2021
276	Germany	69.8919	71.2187	72.5941	73.4487	74.0955	75.3528	76.6927	77.9907	78.9922	80.2261	81.3746	82.3229	82.9487	83.4435	2021
438	Liechtenstein	59.2976	62.4874	64.0725	66.3741	66.7978	71.2887	70.8546	76.3667	79.6938	81.4128	82.2333	83.984	84.201	85.2188	2021
442	Luxembourg	68.9403	70.366	72.0469	72.7852	73.6735	74.9066	76.1978	77.7916	78.9543	80.0804	81.1931	82.2893	83.4077	84.1152	2021
492	Monaco	70.2041	74.2136	76.612	76.0647	76.2425	76.5666	78.5534	79.9997	82.0678	84.7431	86.3483	87.5837	87.3533	88.2994	2021
528	Netherlands	73.1516	74.6183	75.7848	76.3772	77.0487	78.3572	79.4649	79.9215	80.1893	80.4905	80.8843	82.1722	82.9845	83.3263	2021
756	Switzerland	71.663	73.2828	74.4638	75.4879	76.8158	78.5071	79.448	80.6011	81.2767	82.1505	83.0127	84.008	84.7347	85.3118	2021
904	Latin America and the Caribbean	51.9836	55.1789	58.0596	60.366	62.4657	65.0163	67.3375	69.6018	71.6889	73.4492	75.1659	76.4146	77.2605	78.0533	2021
915	Caribbean	54.3233	57.5664	59.9573	62.2454	64.1856	65.5647	66.6528	68.1332	69.4825	70.9972	72.4093	73.9176	73.5156	75.6393	2021
660	Anguilla	57.9284	61.0968	63.2974	66.3457	69.7368	71.9083	72.2999	72.7285	74.9072	76.9881	78.4626	79.6646	81.196	80.4411	2021
28	Antigua and Barbuda	59.9243	62.1803	65.6273	70.282	73.5027	75.0095	75.8448	75.9156	75.8075	76.6846	77.9123	78.719	80.003	80.8445	2021
533	Aruba	61.6392	65.8212	68.6088	70.3281	72.6986	74.5278	75.4211	76.0686	76.0444	76.272	76.3929	76.7003	78.5944	78.7015	2021
44	Bahamas	63.3761	64.7847	66.3832	68.0708	69.619	70.9952	71.8851	72.8001	73.8179	74.4676	75.5447	76.0739	76.2116	76.427	2021
52	Barbados	57.7434	63.3234	67.6823	69.9798	71.0741	72.8476	74.618	75.0233	75.4894	76.1679	76.5442	77.3883	78.0482	78.8331	2021
535	Bonaire, Sint Eustatius and Saba	64.8075	67.5705	69.9757	72.0195	74.9717	75.5371	75.8905	76.2324	76.3577	77.7836	78.3914	78.3697	78.8622	79.0453	2021
92	British Virgin Islands	43.2828	56.7961	62.9517	66.6301	71.0882	71.4146	72.0375	74.549	74.6074	76.6308	76.4917	77.5641	78.3437	78.5089	2021
136	Cayman Islands	56.7263	58.918	61.8183	65.1571	67.0301	71.0155	73.791	74.8689	75.572	76.0139	76.4599	77.8714	77.8286	77.526	2021
192	Cuba	62.5898	64.7682	66.7512	69.083	71.4312	73.9344	75.3332	76.0053	76.6045	77.7446	79.0424	79.7322	80.1458	80.1368	2021
531	Curaçao	63.997	66.8264	68.5946	69.8428	71.3384	72.7144	73.6036	74.2856	75.0129	75.518	76.189	77.0002	78.8508	79.9054	2021
212	Dominica	49.2785	54.275	61.7019	65.8678	68.3848	72.0073	74.2145	73.4738	73.0091	73.9256	74.4519	75.1949	72.7908	72.6394	2021
214	Dominican Republic	47.3565	50.6803	53.7241	56.6604	59.8335	62.6142	64.9379	67.8575	70.8585	72.0124	72.6946	74.413	76.158	76.5672	2021
308	Grenada	55.996	59.9931	64.5423	67.029	68.9192	69.9585	71.0179	72.5554	73.8028	75.1263	74.9304	77.0952	77.8502	77.8066	2021
312	Guadeloupe	53.9026	59.9495	63.6485	65.4081	68.5682	72.0838	74.631	76.8429	78.4885	79.923	81.6142	83.1343	84.7969	85.7485	2021
332	Haiti	41.1981	44.5161	45.9151	48.0315	49.6863	50.7146	51.6985	53.4518	55.1347	58.2009	60.5809	63.4196	60.5171	66.6844	2021
388	Jamaica	59.6604	63.6483	66.3153	67.9689	69.1312	70.0325	71.1659	72.2402	73.2069	72.8341	73.1397	73.8224	74.6816	73.9607	2021
474	Martinique	57.6773	61.9761	64.3993	67.4749	70.1384	72.6235	74.9309	77.0321	78.5875	80.1176	81.6573	83.7095	85.0857	85.2713	2021
500	Montserrat	51.5996	55.607	59.5454	62.3422	67.5441	70.7306	71.0285	71.7851	73.1019	71.894	75.7646	75.1769	75.7445	76.5178	2021
630	Puerto Rico	64.316	69.7479	72.3542	73.839	75.3284	76.615	77.5374	77.9905	78.5641	79.3853	80.793	81.7458	82.5381	83.8688	2021
652	Saint Barthélemy	57.937	60.2526	61.9481	64.0912	68.3375	71.2469	75.2137	76.9387	78.4744	79.6672	80.5147	81.0104	82.2826	82.4932	2021
659	Saint Kitts and Nevis	57.4362	56.4391	58.7024	62.2196	63.6335	66.5841	66.438	68.0828	69.0474	70.3065	73.4158	74.6068	74.746	75.3897	2021
662	Saint Lucia	49.9512	54.8964	59.2729	63.9309	66.7238	69.2487	71.0811	72.5656	73.1774	72.7858	74.4351	75.7077	75.7915	76.777	2021
663	Saint Martin (French part)	67.7388	69.5933	71.0787	72.7152	74.4143	75.2276	76.111	77.0099	78.4904	79.6315	80.4786	81.3836	82.5518	82.9368	2021
670	Saint Vincent and the Grenadines	53.1053	54.5935	61.4083	68.562	71.1471	71.8766	72.1122	73.7381	74.8208	73.5286	74.8871	77.1835	77.1033	76.5808	2021
534	Sint Maarten (Dutch part)	63.722	66.138	68.276	70.0923	72.8059	73.3409	74.0473	74.2904	74.4938	75.5729	76.7496	78.0461	78.1306	79.1799	2021
780	Trinidad and Tobago	58.3607	61.8536	65.4907	66.6576	67.6177	69.5033	70.232	70.8586	71.0797	71.4259	73.1494	75.1139	76.8304	77.7338	2021
796	Turks and Caicos Islands	49.387	53.5103	57.9908	61.2281	60.3044	71.3965	70.9469	71.3376	71.4771	73.2413	77.5288	79.5471	79.268	79.2595	2021
850	United States Virgin Islands	61.7024	66.774	66.6541	68.8129	70.0622	71.3534	72.6139	73.9168	75.2064	75.9839	76.8053	77.0872	78.5718	80.8981	2021
916	Central America	47.2673	52.433	56.5948	59.5076	62.2361	65.2741	68.1131	70.9416	73.0304	74.6273	75.9549	76.4885	77.2241	77.382	2021
84	Belize	53.6845	57.4326	59.7896	63.4472	66.0265	68.4845	69.7049	72.027	72.0039	71.5397	71.4599	73.4849	76.0547	76.936	2021
188	Costa Rica	57.0424	60.4264	63.0498	66.1074	69.4933	73.5359	76.2978	77.8907	78.8174	79.4285	80.3609	81.1116	81.5584	81.953	2021
222	El Salvador	45.44	48.1079	51.529	53.4218	55.9281	59.0728	60.42	65.6121	69.7325	72.5973	74.5377	75.6599	76.2294	77.0891	2021
320	Guatemala	40.9102	43.6546	47.4991	49.5195	53.4811	56.7358	60.3908	64.2712	66.4454	69.2029	72.0854	73.6442	74.7846	75.5612	2021
340	Honduras	45.359	48.0125	51.391	54.4728	55.7272	60.4069	63.4552	66.0359	68.2521	68.5829	71.5021	72.5135	74.1588	75.2733	2021
484	Mexico	47.9779	54.1298	58.5356	61.4841	64.1593	66.9796	69.8438	72.4689	74.4029	75.884	76.8495	77.0316	77.557	77.5038	2021
558	Nicaragua	42.7796	45.8115	48.8117	54.3351	56.1048	58.714	61.6571	64.3408	67.4326	69.0482	70.264	72.7678	75.6798	76.5065	2021
591	Panama	57.8699	59.8411	63.6253	65.6596	68.1898	70.8243	72.5774	74.0268	75.0201	76.2577	77.8682	79.3247	80.0971	80.9194	2021
931	South America	53.3887	55.79	58.2866	60.4016	62.3158	64.8427	67.1269	69.2929	71.4499	73.3084	75.1865	76.6429	77.6625	78.5409	2021
32	Argentina	65.2216	66.7802	68.1198	68.932	70.1067	72.0248	73.0578	74.0584	75.7194	76.6261	77.6972	78.7972	79.6508	80.2242	2021
68	Bolivia (Plurinational State of)	43.0307	44.235	45.5611	47.1425	49.075	51.1957	53.3439	55.9055	59.2954	62.5798	65.4584	67.5072	69.3484	70.3234	2021
76	Brazil	51.6598	53.8152	56.3097	58.5565	60.6389	62.7766	65.3185	67.724	69.8672	72.0669	74.261	75.9525	77.0094	78.1159	2021
152	Chile	55.5563	57.9847	60.3645	63.5171	66.3791	70.2402	73.3369	75.2686	77.0446	78.6351	80.4425	81.1554	81.8166	82.622	2021
170	Colombia	52.5023	56.9054	60.3297	62.5842	64.829	67.9833	70.4219	71.7028	73.6007	74.8353	76.0699	77.4971	78.8357	79.6088	2021
218	Ecuador	51.2121	53.2857	56.0036	57.852	60.0529	63.5546	66.4877	70.1458	73.3325	74.9771	76.731	78.0095	78.8941	79.5353	2021
238	Falkland Islands (Malvinas)	50.5415	54.3982	54.5071	57.0138	57.9278	57.9703	54.4473	53.3277	58.3711	68.2333	75.2519	78.4906	79.987	80.1612	2021
254	French Guiana	53.3329	57.0284	62.644	66.58	67.9032	69.4698	71.7081	73.8226	75.5687	77.2448	77.524	78.7062	79.5889	79.8013	2021
328	Guyana	53.8275	58.6698	61.4054	62.6387	63.2283	63.6471	64.189	64.8981	66.0659	67.1417	68.2671	69.5632	70.8683	72.2378	2021
600	Paraguay	61.1952	61.9146	63.3123	64.2177	64.6754	65.5951	66.9754	68.6356	70.4835	72.009	73.382	74.179	75.2909	76.3928	2021
604	Peru	47.7444	49.8367	52.6387	55.4017	56.0855	60.5539	62.6563	65.8133	68.9209	71.3059	73.9322	75.3655	76.7175	78.1614	2021
740	Suriname	53.9629	57.2403	60.7994	62.6457	63.3863	64.3722	65.444	66.5626	67.8318	68.7241	69.0592	71.7251	73.4283	75.3449	2021
858	Uruguay	69.4368	70.5625	71.4428	72.1115	72.7886	73.6199	75.1059	76.6083	77.6692	78.8283	79.9684	80.6097	81.1708	81.3401	2021
862	Venezuela (Bolivarian Republic of)	54.7801	58.2383	61.9266	64.6102	67.8094	70.4324	72.2706	73.5097	74.4922	75.3775	76.0651	77.0212	77.2842	76.6896	2021
905	Northern America	71.6848	73.0162	73.7025	74.3086	75.3451	77.1616	78.0899	78.5313	79.2039	79.5134	79.9207	80.7973	81.5581	81.7626	2021
60	Bermuda	58.105	67.1712	67.3297	70.1405	74.596	76.2031	77.9245	77.9259	77.7631	81.4317	82.9139	82.2881	84.4758	84.8812	2021
124	Canada	71.5276	73.2606	74.585	75.6588	76.6906	78.0206	79.3381	80.0994	80.8502	81.2871	82.086	82.9002	83.752	84.1657	2021
304	Greenland	47.1696	56.7559	63.0782	64.8818	65.6656	65.8189	66.0669	67.1095	68.2061	68.4031	71.8991	72.3697	74.7685	75.6982	2021
666	Saint Pierre and Miquelon	68.1058	69.3063	70.4479	71.0339	73.6453	76.3396	75.4737	77.3422	78.1804	79.003	79.9515	81.3805	81.0952	81.0884	2021
840	United States of America	71.7248	73.0108	73.6309	74.1904	75.2215	77.0767	77.9677	78.3736	79.0325	79.3278	79.6955	80.5736	81.3185	81.4951	2021
909	Oceania	64.8124	67.0669	68.6186	69.6175	71.1011	73.0555	74.661	75.578	76.8891	77.5799	78.3846	79.1535	80.1945	81.0823	2021
927	Australia/New Zealand	72.144	73.4938	74.2226	74.4105	75.117	76.8872	78.2722	78.9749	80.3788	81.3304	82.5026	83.4817	84.2512	84.897	2021
36	Australia	72.1841	73.5525	74.2598	74.3919	75.1594	77.0885	78.5755	79.3037	80.6399	81.5951	82.761	83.7296	84.4667	85.065	2021
554	New Zealand	71.993	73.2622	74.0811	74.4933	74.9239	75.9808	76.8727	77.4276	79.1181	80.0468	81.2397	82.2651	83.1642	84.072	2021
928	Melanesia	43.141	47.4777	51.0782	54.6146	57.6077	60.3118	62.3998	63.9175	64.6793	65.1885	65.467	65.8633	67.5918	69.0658	2021
242	Fiji	51.5998	55.9738	60.5281	63.8968	64.5615	65.2594	65.7052	67.7782	68.4754	69.0214	68.4661	68.8812	69.4394	69.4803	2021
540	New Caledonia	52.5741	56.3254	59.5849	62.5866	65.5867	68.2738	70.9326	72.7551	73.6141	75.8936	79.7175	81.5177	83.4806	83.5199	2021
598	Papua New Guinea	42.0211	45.9932	49.1038	52.5571	55.7863	58.6279	60.7827	62.031	62.8837	63.5193	63.9644	64.3968	66.4238	68.2111	2021
90	Solomon Islands	43.7869	46.6874	51.0725	55.0451	59.9204	63.7027	66.8887	67.9923	68.9086	69.532	69.9791	70.3053	70.8967	71.6429	2021
548	Vanuatu	45.8506	49.11	51.7904	54.8938	57.8775	61.0275	65.3686	68.4368	70.455	71.2112	71.8052	72.067	72.0338	72.2434	2021
954	Micronesia	54.3971	56.4985	58.9982	61.6884	64.3056	66.4007	68.0449	69.3646	70.5615	71.6409	73.2003	73.631	74.0031	74.8392	2021
316	Guam	59.4483	62.2376	64.8108	67.2605	69.5285	72.1129	74.2972	75.5279	76.2249	76.681	78.9221	80.1671	80.7228	81.1122	2021
296	Kiribati	47.1156	48.0789	50.4263	53.8858	56.963	58.1714	59.2761	61.0293	63.4892	65.2441	66.4563	66.5491	67.0384	68.2895	2021
584	Marshall Islands	55.497	56.0434	58.3539	61.1827	63.5303	64.8973	65.7704	66.0418	65.3438	65.6018	66.1584	65.3915	65.3601	66.2377	2021
583	Micronesia (Fed. States of)	52.548	56.4165	59.9084	62.3473	64.7319	66.8965	68.5842	69.9652	71.282	72.4796	73.1943	74.0619	74.6751	74.933	2021
520	Nauru	57.0342	58.8709	59.8514	61.4634	63.2331	64.7136	65.6885	65.7202	65.5757	63.9225	62.4302	62.7184	64.3823	66.5108	2021
580	Northern Mariana Islands	61.7428	63.7176	65.5197	67.0127	68.6614	70.4191	71.9491	73.0858	74.4705	76.3094	78.3701	79.4653	79.1529	78.9943	2021
585	Palau	57.8674	58.11	58.8417	60.3112	63.8682	66.7338	68.968	69.4915	68.6	68.8696	71.7238	70.0312	67.5491	67.5492	2021
957	Polynesia	51.9454	56.0044	59.1757	62.3263	65.1865	67.4422	69.8501	72.0319	73.2707	75.1275	76.6536	77.283	78.3151	79.0298	2021
16	American Samoa	63.397	64.6706	68.5592	63.2024	70.7553	71.8451	73.2841	74.1886	73.8791	74.1043	73.9489	73.3682	74.2939	74.8977	2021
184	Cook Islands	39.226	47.7681	55.5665	60.8172	67.3075	67.8787	69.6817	70.4184	70.9919	71.072	74.5449	77.301	78.013	78.4904	2021
258	French Polynesia	55.2507	59.6504	61.8058	63.2844	64.5226	66.5704	70.5436	74.6136	76.4785	80.1621	82.4762	82.9878	84.6196	85.4532	2021
570	Niue	56.5989	59.1602	62.2548	65.7859	70.1211	72.4644	73.1408	72.7023	70.5214	69.5121	70.6268	70.5234	70.9663	72.0269	2021
882	Samoa	48.8036	53.0837	56.1644	60.3658	63.7717	66.8494	69.0137	70.5214	71.7206	73.1223	74.3541	74.481	75.09	75.2169	2021
772	Tokelau	57.028	59.195	60.8628	62.1834	63.1794	64.27	66.3564	68.508	70.2465	71.8551	73.2342	74.1274	74.8307	75.4554	2021
776	Tonga	57.2362	59.6043	62.0467	65.2299	68.2403	69.7948	70.5148	71.0653	71.8006	72.4977	72.9968	73.2134	73.5007	73.6309	2021
798	Tuvalu	36.9729	42.3805	48.1293	53.1476	57.117	61.5487	63.9073	64.3904	63.962	65.2887	65.9357	67.2505	67.892	68.5815	2021
876	Wallis and Futuna Islands	44.5401	46.2034	48.2112	51.0348	54.3591	58.2052	62.3453	67.1673	69.4584	73.2932	75.9638	77.3694	78.4674	79.0214	2021
