country_code	name	2020-2025	2025-2030	2030-2035	2035-2040	2040-2045	2045-2050	2050-2055	2055-2060	2060-2065	2065-2070	2070-2075	2075-2080	2080-2085	2085-2090	2090-2095	2095-2100
900	World	74.8103	76.1479	76.7914	77.3728	77.9494	78.4532	78.941	79.3912	79.8407	80.2677	80.6354	81.0643	81.4532	81.8218	82.213	82.6137
1834	Sub-Saharan Africa	62.1373	63.4742	64.3386	65.1339	65.9232	66.7171	67.5736	68.303	69.0918	69.867	70.5876	71.3115	71.9777	72.5531	73.1578	73.7382
1833	Northern Africa and Western Asia	75.3163	76.6239	77.2582	77.9101	78.6119	79.1663	79.7091	80.187	80.6716	81.1522	81.6036	82.0485	82.52	82.9682	83.4103	83.8147
1831	Central and Southern Asia	71.1517	73.0694	73.884	74.675	75.4368	76.2163	76.9867	77.6596	78.3341	78.9683	79.5791	80.1016	80.6016	81.1088	81.6699	82.2041
1832	Eastern and South-Eastern Asia	79.7238	80.1527	80.6304	81.0082	81.4742	81.9543	82.3926	82.8684	83.3406	83.7733	84.2073	84.6498	85.1224	85.5509	85.9924	86.4747
1830	Latin America and the Caribbean	77.1947	78.9602	79.6031	80.2322	80.8421	81.454	82.0577	82.6329	83.1813	83.6777	84.2443	84.7919	85.3285	85.9098	86.4611	86.9556
1835	Oceania (excluding Australia and New Zealand)	69.9565	69.7912	70.0333	70.2556	70.5533	70.856	71.2107	71.6495	71.8938	72.2399	72.7067	73.2509	73.678	74.017	74.5087	74.8623
1836	Australia/New Zealand	85.1334	84.9688	85.1531	85.3501	85.6194	85.9809	86.3813	86.7597	87.1085	87.486	87.9401	88.4072	88.753	89.0887	89.6218	90.1085
1829	Europe and Northern America	81.3125	82.7109	83.2062	83.6998	84.2547	84.7599	85.2435	85.711	86.16	86.653	87.1398	87.6358	88.1584	88.7301	89.1747	89.6933
901	More developed regions	82.1004	83.3844	83.8651	84.3506	84.8651	85.3387	85.8554	86.3064	86.7702	87.2334	87.7189	88.2243	88.7683	89.2859	89.7721	90.2824
902	Less developed regions	73.1487	74.5386	75.2449	75.9097	76.5885	77.1699	77.7068	78.1949	78.6834	79.1124	79.5019	79.9456	80.3378	80.7019	81.1268	81.5135
941	Least developed countries	67.1889	68.5766	69.4049	70.1968	70.9716	71.7519	72.4533	73.1371	73.7499	74.2812	74.8227	75.3323	75.8015	76.289	76.7334	77.2367
934	Less developed regions, excluding least developed countries	74.2757	75.6227	76.283	76.9171	77.5255	78.0774	78.5996	79.0768	79.534	80.0158	80.3467	80.8037	81.1796	81.6083	82.0039	82.4507
948	Less developed regions, excluding China	70.9374	72.7112	73.4758	74.21	74.923	75.5669	76.2096	76.7793	77.3319	77.8842	78.3436	78.8198	79.2395	79.6271	80.0671	80.5097
1636	Land-locked Developing Countries (LLDC)	67.1694	68.5226	69.2696	69.9975	70.683	71.4018	72.0157	72.6468	73.2328	73.7561	74.2855	74.7406	75.2908	75.8649	76.3653	76.8925
1637	Small Island Developing States (SIDS)	75.0767	76.0596	76.6656	77.1894	77.6831	78.0472	78.4532	78.8576	79.2119	79.5506	79.9344	80.2638	80.5604	80.9147	81.2164	81.6119
1503	High-income countries	83.5831	84.4282	84.884	85.3204	85.8131	86.2665	86.7774	87.2296	87.6761	88.1195	88.6004	89.0463	89.5466	90.0867	90.5572	91.0255
1517	Middle-income countries	73.8084	75.275	75.9621	76.6253	77.2644	77.8521	78.3854	78.8749	79.3437	79.827	80.1901	80.6398	81.0639	81.5199	81.9257	82.3762
1502	Upper-middle-income countries	79.0228	79.9969	80.5381	81.052	81.6466	82.2043	82.7415	83.3314	83.8329	84.3641	84.8201	85.3022	85.805	86.295	86.8695	87.3484
1501	Lower-middle-income countries	69.8588	71.5953	72.3229	73.0564	73.781	74.4356	75.1252	75.7544	76.3699	76.959	77.4965	78.0069	78.4646	78.9403	79.3776	79.8417
1500	Low-income countries	65.481	66.784	67.5517	68.2962	69.019	69.7149	70.3682	71.0276	71.6202	72.2089	72.7245	73.3364	73.9327	74.444	75.0158	75.4744
1518	No income group available	75.3551	75.8543	76.1105	76.5865	77.1611	77.519	78.0663	78.4813	78.9793	79.4516	79.9905	80.5488	80.9863	81.543	81.979	82.4161
903	Africa	64.1796	65.5129	66.302	67.0956	67.8706	68.6168	69.3757	70.1042	70.7903	71.4753	72.1018	72.7114	73.3446	73.8613	74.4824	75.0271
910	Eastern Africa	66.2686	67.655	68.4904	69.287	70.1056	70.9369	71.6643	72.3974	73.1244	73.7872	74.4873	75.1286	75.75	76.3911	77.01	77.5622
108	Burundi	63.1057	63.3594	63.5477	63.8321	64.1633	64.5078	64.8846	65.2605	65.6311	66.0126	66.4126	66.8059	67.2042	67.6168	68.0062	68.4016
174	Comoros	65.6496	65.9054	66.3989	66.9547	67.5219	68.0872	68.6583	69.1929	69.7298	70.2498	70.7752	71.297	71.8233	72.3406	72.8508	73.368
262	Djibouti	64.746	64.9927	65.3881	65.8609	66.3622	66.868	67.3756	67.881	68.4048	68.9044	69.4234	69.9272	70.4392	70.9565	71.4872	71.9861
232	Eritrea	68.3431	69.2156	69.7883	70.3937	71.0313	71.6575	72.2733	72.8833	73.4765	74.057	74.6288	75.1834	75.7331	76.2795	76.8125	77.3406
231	Ethiopia	68.0594	68.5394	69.0192	69.5323	70.0604	70.5828	71.1125	71.6419	72.1541	72.6799	73.1854	73.7026	74.1891	74.6816	75.1628	75.6589
404	Kenya	64.1789	64.7257	65.1443	65.6251	66.1336	66.6583	67.1584	67.6533	68.1686	68.6606	69.161	69.6779	70.1719	70.6965	71.2124	71.7227
450	Madagascar	67.0995	68.0018	68.5584	69.1491	69.7351	70.3279	70.8974	71.4438	71.9752	72.511	73.0427	73.5312	74.0387	74.5439	75.0092	75.5065
454	Malawi	66.3066	67.289	67.5813	67.9309	68.3034	68.6842	69.0742	69.4742	69.8814	70.3115	70.7396	71.1812	71.617	72.0432	72.4691	72.9083
480	Mauritius	77.072	77.4122	77.5666	77.8126	78.1155	78.4454	78.8158	79.1993	79.5941	80.0062	80.4311	80.8799	81.324	81.7762	82.2148	82.6771
175	Mayotte	79.0806	80.4571	80.794	81.1965	81.6428	82.1091	82.5901	83.0613	83.5147	83.9667	84.4252	84.8746	85.3192	85.7535	86.2019	86.6557
508	Mozambique	62.8575	63.5361	64.0149	64.5397	65.085	65.5917	66.1137	66.6318	67.1444	67.6585	68.1702	68.6581	69.1295	69.6168	70.0936	70.5834
638	Réunion	84.7129	84.599	84.8169	85.0908	85.3977	85.7323	86.0831	86.4425	86.8133	87.1872	87.5771	87.9695	88.3578	88.7541	89.1363	89.5413
646	Rwanda	68.0551	67.8794	68.227	68.6247	69.0407	69.474	69.9142	70.3645	70.8325	71.2792	71.7463	72.2271	72.6935	73.1408	73.6175	74.0824
690	Seychelles	76.9758	78.3117	78.7233	79.2064	79.7005	80.2133	80.7299	81.2709	81.7864	82.2949	82.7978	83.2989	83.7883	84.2595	84.7011	85.1633
706	Somalia	57.5133	58.1281	58.4323	58.8559	59.3319	59.8534	60.3823	60.9483	61.4856	62.0147	62.5739	63.1535	63.7088	64.2524	64.8226	65.3543
728	South Sudan	56.1594	56.2827	56.5332	56.8772	57.2581	57.6779	58.114	58.5906	59.0623	59.563	60.0783	60.57	61.0738	61.5577	62.0566	62.5361
800	Uganda	64.4126	64.1692	64.4344	64.7658	65.1346	65.5145	65.9183	66.3399	66.7573	67.2032	67.624	68.0356	68.436	68.8666	69.3075	69.7361
834	United Republic of Tanzania	68.163	68.6251	69.0283	69.4984	69.9883	70.5184	71.0409	71.5698	72.095	72.637	73.156	73.6844	74.2135	74.7137	75.2146	75.7334
894	Zambia	64.0354	64.3743	64.5167	64.7727	65.0556	65.3859	65.7438	66.0922	66.4667	66.8452	67.1913	67.5858	67.9903	68.3934	68.7965	69.2121
716	Zimbabwe	62.2777	62.3497	62.3785	62.5125	62.6961	62.9113	63.157	63.4281	63.7085	63.9922	64.3173	64.6295	64.9874	65.3355	65.6608	66.0334
911	Middle Africa	61.4179	62.0649	62.5333	63.03	63.5431	64.0343	64.5925	65.2114	65.7899	66.3565	66.7835	67.2396	67.8973	68.2583	68.7645	69.2399
24	Angola	64.0262	63.9979	64.2099	64.5142	64.8556	65.2158	65.5882	65.9533	66.3356	66.7161	67.1182	67.509	67.8878	68.2924	68.6868	69.0914
120	Cameroon	61.8379	62.0234	62.2084	62.4872	62.8224	63.1474	63.5302	63.8861	64.2612	64.6208	65.0199	65.4125	65.7876	66.1669	66.5553	66.9603
140	Central African Republic	55.9352	56.0061	56.2419	56.5903	56.9828	57.4177	57.8739	58.3204	58.7718	59.2293	59.6778	60.1253	60.5826	61.0538	61.4692	61.9025
148	Chad	53.6831	53.4248	53.4751	53.6524	53.9135	54.2171	54.5522	54.8912	55.2506	55.6325	56.011	56.3774	56.7672	57.167	57.5777	57.9586
178	Congo	63.9179	63.1011	63.2479	63.4924	63.7981	64.1297	64.4397	64.7947	65.1596	65.5523	65.9219	66.3015	66.7046	67.0864	67.4528	67.8738
180	Democratic Republic of the Congo	61.1431	61.2198	61.4075	61.6793	62.0135	62.359	62.7449	63.1194	63.514	63.9226	64.3274	64.7101	65.1459	65.5234	65.9302	66.3228
226	Equatorial Guinea	62.4001	62.47	62.6277	62.8804	63.1917	63.5325	63.904	64.2633	64.6301	65.0355	65.4204	65.8047	66.191	66.5638	66.9513	67.3613
266	Gabon	67.8656	67.7668	67.8443	68.0406	68.2777	68.5343	68.8251	69.146	69.4832	69.8293	70.1952	70.5667	70.9407	71.2948	71.6796	72.0732
678	Sao Tome and Principe	70.5036	70.1472	70.0371	70.0411	70.1139	70.2368	70.3936	70.5724	70.7871	71.0362	71.3029	71.5719	71.8777	72.1882	72.5132	72.8587
912	Northern Africa	73.4429	74.4224	74.9354	75.5645	76.1907	76.7515	77.2906	77.7562	78.1274	78.5412	78.9995	79.5155	79.9416	80.4025	80.8397	81.2645
12	Algeria	77.2002	77.7024	78.2546	78.8369	79.4131	79.9962	80.5704	81.1162	81.6658	82.21	82.7531	83.276	83.7699	84.2494	84.6999	85.1611
818	Egypt	72.3882	73.1261	73.4876	73.9125	74.356	74.8095	75.2865	75.771	76.2485	76.7229	77.1934	77.6588	78.1459	78.6284	79.1018	79.575
434	Libya	74.7193	75.3277	75.7349	76.1889	76.6784	77.1744	77.6682	78.1529	78.6376	79.1346	79.6228	80.121	80.5931	81.0713	81.5577	82.0184
504	Morocco	76.1513	76.374	76.9271	77.517	78.1158	78.7126	79.3057	79.8885	80.4695	81.0182	81.5976	82.1499	82.6972	83.2318	83.7397	84.2278
729	Sudan	67.3869	67.0635	67.0657	67.1861	67.3865	67.6247	67.9201	68.2199	68.5432	68.9032	69.2452	69.62	70.0139	70.4091	70.8257	71.2677
788	Tunisia	78.1517	79.2382	79.7	80.2163	80.7396	81.2844	81.8145	82.3454	82.8635	83.3831	83.8696	84.3477	84.8156	85.2706	85.7332	86.172
732	Western Sahara	72.1259	72.0471	72.5281	73.0438	73.5758	74.1042	74.5957	75.0935	75.5712	76.0544	76.5292	77.0171	77.4822	77.9508	78.4169	78.8786
913	Southern Africa	65.1177	67.5997	67.7445	68.0873	68.1999	68.5886	69.0531	69.4936	69.9137	70.4328	70.7549	71.2434	71.5585	72.0461	72.5139	72.9004
72	Botswana	66.4424	66.7717	66.8531	67.0442	67.2766	67.5591	67.8665	68.1929	68.5199	68.8462	69.1896	69.5454	69.9159	70.2805	70.6662	71.0579
748	Eswatini	61.5484	63.4217	63.6296	63.9305	64.2679	64.6552	65.0403	65.4396	65.8378	66.2453	66.6597	67.0726	67.4836	67.9066	68.3324	68.773
426	Lesotho	55.8046	55.5449	55.5281	55.6271	55.7936	55.98	56.21	56.4829	56.7364	57.0317	57.3036	57.6088	57.93	58.2656	58.6049	58.9352
516	Namibia	63.4784	65.7122	65.9081	66.1915	66.5204	66.8767	67.2256	67.5969	67.9747	68.3653	68.772	69.1744	69.5986	70.0378	70.4477	70.8627
710	South Africa	65.6261	67.9869	68.0773	68.253	68.4989	68.7935	69.0916	69.4281	69.7861	70.127	70.5041	70.8906	71.2639	71.6708	72.0831	72.4815
914	Western Africa	57.3179	57.7915	58.4993	59.2474	59.9996	60.8054	61.6421	62.4595	63.2121	64.1066	64.8578	65.6226	66.355	67.0243	67.7301	68.4701
204	Benin	60.8107	60.8966	61.1324	61.4636	61.8125	62.2006	62.602	63.0175	63.4066	63.8301	64.2335	64.6274	65.049	65.4434	65.8549	66.2469
854	Burkina Faso	60.7581	60.9544	61.2406	61.5992	61.9958	62.4012	62.8267	63.2734	63.71	64.1295	64.5505	64.9499	65.3529	65.7748	66.1778	66.58
132	Cabo Verde	79.0046	79.898	80.2735	80.7072	81.1794	81.6776	82.1703	82.6667	83.162	83.6464	84.1234	84.5809	85.0352	85.4922	85.9395	86.3957
384	Côte d'Ivoire	59.6039	59.6102	59.8561	60.1563	60.5234	60.8826	61.2812	61.6813	62.0845	62.4818	62.9068	63.3212	63.7233	64.1248	64.5092	64.9296
270	Gambia	63.7584	64.5403	64.8688	65.2542	65.6654	66.0768	66.484	66.9045	67.3142	67.732	68.1304	68.5413	68.9572	69.3793	69.7948	70.2065
288	Ghana	65.5642	65.8826	66.0486	66.3203	66.6355	66.9899	67.3453	67.7283	68.1172	68.5298	68.9316	69.3339	69.7386	70.1457	70.5464	70.9855
324	Guinea	59.5636	59.8609	60.1385	60.5134	60.9019	61.3329	61.7735	62.219	62.6619	63.1057	63.5384	63.9692	64.3917	64.8187	65.2578	65.6773
624	Guinea-Bissau	61.4094	61.9886	62.2495	62.5923	62.9859	63.411	63.8188	64.2265	64.6688	65.0853	65.5105	65.9332	66.3613	66.7843	67.2214	67.6327
430	Liberia	61.6057	61.5837	61.9251	62.353	62.8089	63.2757	63.7441	64.2145	64.6898	65.1831	65.6476	66.1147	66.6179	67.0654	67.5216	67.9803
466	Mali	59.7915	60.1533	60.5202	60.9454	61.3814	61.8278	62.2938	62.7607	63.1984	63.6418	64.0522	64.4823	64.8939	65.3304	65.7425	66.1557
478	Mauritania	65.997	67.1367	67.5603	68.0004	68.498	68.9939	69.5021	70.0153	70.5399	71.0534	71.5526	72.0421	72.5339	73.0531	73.5468	74.0473
562	Niger	62.6175	63.768	64.4288	65.126	65.815	66.4572	67.0759	67.6635	68.2248	68.7591	69.2642	69.7701	70.2708	70.762	71.2367	71.6993
566	Nigeria	52.4898	52.079	52.3738	52.7665	53.2041	53.6899	54.1997	54.7077	55.2105	55.7274	56.2309	56.7459	57.2607	57.8255	58.3457	58.8346
654	Saint Helena	80.1086	79.8085	79.9471	80.1777	80.4764	80.7929	81.1345	81.5005	81.8919	82.2909	82.6976	83.119	83.5384	83.9385	84.3369	84.746
686	Senegal	69.8678	71.3487	72.2003	73.0538	73.8738	74.6457	75.3814	76.0857	76.7631	77.4053	78.0374	78.6545	79.232	79.8182	80.3923	80.9458
694	Sierra Leone	60.667	60.6545	60.9261	61.2828	61.7004	62.1141	62.54	62.9804	63.4086	63.8404	64.2815	64.6956	65.1113	65.5466	65.9587	66.3549
768	Togo	61.1223	60.7307	61.0928	61.5503	62.0314	62.5456	63.0576	63.5787	64.0889	64.6086	65.1323	65.6498	66.1645	66.6759	67.1681	67.6482
935	Asia	76.1153	77.4003	78.1195	78.7851	79.424	80.0673	80.6009	81.0891	81.6404	82.152	82.5768	83.0913	83.5551	83.9982	84.4938	84.9666
5500	Central Asia	73.1867	74.064	74.3707	74.8172	75.2813	75.7424	76.2134	76.7498	77.2039	77.7252	78.246	78.7601	79.2711	79.8587	80.4603	81.0141
398	Kazakhstan	73.1568	74.2501	74.3198	74.4909	74.7211	75.0047	75.316	75.6471	75.9923	76.3711	76.7695	77.1755	77.5786	77.999	78.4471	78.8793
417	Kyrgyzstan	74.0621	74.4479	74.5859	74.8326	75.1324	75.4829	75.8531	76.2335	76.6269	77.0377	77.4744	77.9175	78.3658	78.8098	79.292	79.7355
762	Tajikistan	72.0612	72.1342	72.3233	72.6326	72.9912	73.3588	73.752	74.1632	74.5873	75.0211	75.4576	75.915	76.3824	76.8464	77.3068	77.7618
795	Turkmenistan	71.8169	71.4275	71.5478	71.7853	72.0733	72.3937	72.7531	73.122	73.5093	73.9056	74.3169	74.7362	75.1513	75.5816	76.0322	76.483
860	Uzbekistan	72.9784	72.8121	72.887	73.0696	73.3206	73.6183	73.9489	74.3169	74.6794	75.0642	75.4297	75.8497	76.2553	76.6911	77.1349	77.6089
906	Eastern Asia	81.762	81.7286	82.063	82.4059	82.8566	83.3465	83.8692	84.4067	84.8809	85.3076	85.7668	86.2838	86.757	87.1885	87.833	88.3136
156	China	80.657	80.5572	80.9404	81.4065	81.8868	82.388	82.904	83.3913	83.8696	84.3326	84.8129	85.2807	85.7448	86.2032	86.6638	87.1252
344	China, Hong Kong SAR	87.5971	87.7602	88.0208	88.3322	88.6876	89.0621	89.4454	89.8379	90.248	90.6614	91.0695	91.488	91.921	92.3352	92.7642	93.2055
446	China, Macao SAR	87.4037	87.2292	87.4905	87.8181	88.1766	88.5565	88.962	89.3526	89.7716	90.1946	90.6103	91.0322	91.4548	91.8772	92.3214	92.7621
158	China, Taiwan Province of China	83.9506	83.8182	84.1118	84.4723	84.8589	85.257	85.6665	86.0864	86.5077	86.9246	87.3514	87.7767	88.2107	88.6483	89.0853	89.5167
408	Dem. People's Republic of Korea	75.2159	74.8702	75.0436	75.3304	75.663	76.0461	76.434	76.8406	77.2707	77.7198	78.1673	78.6271	79.0891	79.5746	80.0565	80.5379
392	Japan	87.2732	87.0826	87.3513	87.6821	88.0387	88.4169	88.8096	89.2017	89.6064	90.0049	90.4184	90.8272	91.2362	91.6615	92.0884	92.5137
496	Mongolia	76.2846	76.5976	77.1776	77.7946	78.422	79.0355	79.6321	80.2209	80.8055	81.3756	81.9621	82.5314	83.0833	83.6174	84.1172	84.6115
410	Republic of Korea	86.428	86.3234	86.5732	86.8806	87.2296	87.5876	87.9671	88.3545	88.7431	89.1525	89.5743	89.977	90.4047	90.8144	91.2344	91.6416
5501	Southern Asia	71.0389	72.9795	73.7871	74.5851	75.346	76.1364	76.913	77.5638	78.2566	78.8861	79.5036	80.0266	80.5003	81.0219	81.5712	82.0969
4	Afghanistan	65.4872	66.5994	67.1937	67.7838	68.3497	68.895	69.4047	69.9159	70.4276	70.8988	71.3869	71.8396	72.3116	72.7527	73.2206	73.69
50	Bangladesh	74.5626	75.4064	76.1631	76.9171	77.6407	78.3437	79.0303	79.6845	80.3183	80.9313	81.543	82.1317	82.7158	83.255	83.779	84.2838
64	Bhutan	73.2075	73.4176	74.1362	74.856	75.5379	76.2228	76.8754	77.5123	78.1144	78.6933	79.2706	79.8428	80.4191	80.9704	81.5134	82.0423
356	India	70.6214	72.591	73.3622	74.1427	74.8995	75.6228	76.3163	76.9838	77.6331	78.2611	78.8865	79.5026	80.0893	80.672	81.2367	81.7911
364	Iran (Islamic Republic of)	77.6512	78.8404	79.2829	79.7867	80.3066	80.8335	81.3607	81.8725	82.4052	82.9358	83.4567	83.9458	84.4147	84.8817	85.3281	85.7816
462	Maldives	81.012	81.3134	81.8625	82.4375	82.9925	83.5311	84.0257	84.496	84.9662	85.4228	85.8624	86.2967	86.7091	87.1383	87.5612	87.9695
524	Nepal	70.954	71.6556	72.4552	73.256	74.0046	74.7431	75.4464	76.1034	76.7489	77.3605	77.9759	78.5592	79.1199	79.6728	80.2376	80.7858
586	Pakistan	68.2045	68.0556	68.2455	68.5307	68.8708	69.2324	69.6126	70.0307	70.475	70.9126	71.3865	71.8346	72.2798	72.763	73.2383	73.7305
144	Sri Lanka	79.4266	79.3238	79.6586	80.0534	80.485	80.934	81.4015	81.8619	82.3551	82.8267	83.2881	83.7412	84.1688	84.6094	85.0508	85.4961
920	South-Eastern Asia	74.2643	75.437	75.9968	76.5307	77.0583	77.5813	78.0586	78.5446	78.963	79.4219	79.9365	80.3918	80.839	81.2536	81.7607	82.2955
96	Brunei Darussalam	76.0566	75.6884	76.7108	77.0353	77.3639	77.7617	78.1481	78.5614	78.9859	79.4011	79.8459	80.2723	80.6913	81.1295	81.5632	81.9893
116	Cambodia	72.1113	72.2723	72.5792	72.9426	73.3415	73.7677	74.185	74.6294	75.0718	75.5187	75.9441	76.3933	76.841	77.2903	77.7215	78.1727
360	Indonesia	70.6596	71.7411	71.9695	72.288	72.6715	73.0709	73.4946	73.9318	74.3543	74.7834	75.2049	75.6471	76.089	76.5353	76.9787	77.4403
418	Lao People's Democratic Republic	70.0068	70.2352	70.88	71.5446	72.1796	72.8014	73.3843	73.9478	74.5037	75.0287	75.5343	76.044	76.5333	77.0132	77.4989	77.9646
458	Malaysia	77.7607	77.782	78.0998	78.4797	78.9012	79.3533	79.8006	80.2601	80.7451	81.2177	81.7096	82.2018	82.6706	83.1384	83.5921	84.0269
104	Myanmar	69.1954	69.1426	69.4776	69.8738	70.3157	70.7859	71.2427	71.7146	72.1916	72.6693	73.1504	73.654	74.1208	74.5853	75.0482	75.5113
608	Philippines	72.7688	72.743	72.8756	73.1197	73.4287	73.7737	74.1518	74.5573	74.9627	75.393	75.848	76.3202	76.7911	77.2891	77.7754	78.2801
702	Singapore	85.3009	85.5126	85.754	86.0541	86.3907	86.7572	87.1277	87.5017	87.9014	88.311	88.712	89.1204	89.5228	89.9382	90.3647	90.7825
764	Thailand	83.1683	83.2335	83.5845	83.9835	84.4067	84.8388	85.2661	85.7033	86.1386	86.5781	87.0155	87.4525	87.8896	88.3214	88.7538	89.2072
626	Timor-Leste	69.6154	69.7961	70.357	70.9372	71.519	72.0838	72.6239	73.1737	73.6866	74.2028	74.6943	75.1823	75.674	76.1566	76.6354	77.1197
704	Viet Nam	78.5147	78.1566	78.3352	78.6043	78.9333	79.308	79.7056	80.1235	80.565	81.0275	81.5088	81.9761	82.4608	82.962	83.4441	83.9157
922	Western Asia	76.8739	78.2273	78.7956	79.3983	80.0139	80.5505	81.0875	81.5535	82.0264	82.4915	82.8864	83.2964	83.7595	84.1856	84.638	85.0912
51	Armenia	77.9939	79.1181	79.2676	79.5072	79.8061	80.1422	80.512	80.8974	81.2912	81.7177	82.1504	82.575	83.0201	83.4435	83.8709	84.2909
31	Azerbaijan	73.8389	74.9183	75.0415	75.269	75.5387	75.8646	76.2262	76.6089	76.9965	77.3938	77.7887	78.221	78.6706	79.1236	79.5765	80.0376
48	Bahrain	80.3097	80.9145	81.2128	81.5838	81.9862	82.4204	82.8592	83.3088	83.737	84.1757	84.6059	85.0364	85.445	85.8601	86.2928	86.712
196	Cyprus	82.9923	82.8752	83.1343	83.4632	83.8135	84.1792	84.5597	84.9507	85.338	85.7543	86.167	86.5631	86.9645	87.3746	87.7825	88.2168
268	Georgia	76.6998	77.6199	77.7641	77.9983	78.3116	78.6363	79.0105	79.403	79.7915	80.1841	80.6053	81.0439	81.475	81.904	82.3583	82.8132
368	Iraq	72.1302	72.4881	72.6504	72.9316	73.2534	73.6079	73.9858	74.3781	74.7742	75.1779	75.6003	76.0172	76.4522	76.8873	77.3318	77.7579
376	Israel	84.1092	84.1143	84.2692	84.491	84.7489	85.038	85.3367	85.6646	86.0115	86.364	86.7295	87.1024	87.4868	87.8819	88.2756	88.6695
400	Jordan	76.824	77.889	78.1208	78.4471	78.8327	79.2434	79.6857	80.1454	80.5811	81.0483	81.5101	81.9699	82.4321	82.8982	83.3748	83.8161
414	Kuwait	81.3849	82.001	82.3579	82.7784	83.2227	83.6665	84.1147	84.5668	85.0062	85.4513	85.8877	86.3268	86.7485	87.1882	87.6082	88.0458
422	Lebanon	78.005	80.3389	80.4735	80.7085	80.997	81.3232	81.6684	82.0408	82.4211	82.8088	83.2193	83.6237	84.0253	84.4355	84.8314	85.2344
512	Oman	77.1779	79.8839	80.3881	80.924	81.4638	82.0149	82.564	83.0892	83.5974	84.0871	84.561	85.025	85.4878	85.9251	86.3922	86.8479
634	Qatar	81.6295	82.3351	82.6668	83.0551	83.4809	83.9071	84.3289	84.7528	85.1796	85.6156	86.0421	86.4754	86.9062	87.3423	87.7886	88.2374
682	Saudi Arabia	78.4442	78.7727	79.2584	79.7891	80.336	80.8906	81.4346	81.9805	82.5129	83.0412	83.5613	84.0577	84.5286	84.9924	85.4547	85.9187
275	State of Palestine	75.8925	76.8628	77.1979	77.6154	78.0315	78.4844	78.9607	79.4388	79.9293	80.4149	80.8895	81.3651	81.8642	82.3505	82.8417	83.318
760	Syrian Arab Republic	75.0371	74.8951	75.135	75.4414	75.7988	76.1513	76.5332	76.9194	77.335	77.7609	78.187	78.6067	79.0452	79.4775	79.9049	80.3408
792	Türkiye	79.9513	80.7523	81.1745	81.6621	82.1622	82.6872	83.2019	83.7021	84.1821	84.6556	85.1238	85.5924	86.0614	86.5288	86.9872	87.4465
784	United Arab Emirates	81.0971	81.6762	82.0538	82.4946	82.9632	83.4285	83.8818	84.3378	84.7819	85.2248	85.666	86.112	86.5488	86.9866	87.4236	87.8594
887	Yemen	67.0652	68.3251	68.8366	69.3898	69.9543	70.5106	71.071	71.5845	72.1069	72.6342	73.1693	73.6461	74.1371	74.6402	75.1468	75.6455
908	Europe	81.3776	82.9006	83.4137	83.9446	84.5161	85.0635	85.5848	86.0664	86.5832	87.093	87.6784	88.2642	88.8231	89.394	89.9541	90.4198
923	Eastern Europe	77.6091	79.5719	79.9357	80.2993	80.7578	81.2519	81.7413	82.1814	82.638	83.1117	83.5689	84.0781	84.5794	85.0124	85.4895	85.9787
112	Belarus	78.0667	78.8228	79.0864	79.4394	79.8187	80.2316	80.6553	81.0929	81.5431	82.0003	82.457	82.929	83.3734	83.8025	84.2334	84.66
100	Bulgaria	76.0189	78.066	78.3392	78.702	79.1011	79.5165	79.9446	80.3883	80.8354	81.2872	81.749	82.2009	82.6522	83.0902	83.5275	83.9699
203	Czechia	81.1209	81.4771	81.6339	81.8763	82.1705	82.5101	82.8786	83.2546	83.6318	84.0155	84.402	84.8143	85.2188	85.6364	86.0541	86.4822
348	Hungary	78.4651	79.1414	79.4112	79.7659	80.1788	80.6062	81.0592	81.5341	82.0009	82.4669	82.9578	83.4512	83.9129	84.3766	84.8248	85.2952
616	Poland	80.6977	81.1824	81.3903	81.6777	82.0113	82.3778	82.7583	83.1518	83.5506	83.9337	84.3152	84.7077	85.1027	85.5011	85.9044	86.2934
498	Republic of Moldova	73.5706	74.6226	74.7105	74.8949	75.152	75.4281	75.7499	76.0975	76.447	76.8339	77.2225	77.6271	78.0492	78.4664	78.8941	79.3339
642	Romania	78.1502	79.5647	79.779	80.0868	80.4504	80.8497	81.2714	81.7173	82.1787	82.6505	83.114	83.5879	84.055	84.5101	84.9767	85.4347
643	Russian Federation	76.3496	77.9869	78.1286	78.3508	78.6369	78.9534	79.2993	79.6516	80.0349	80.4175	80.8176	81.2346	81.6343	82.0655	82.4823	82.9168
703	Slovakia	79.5082	80.5484	80.8355	81.1826	81.5795	82.0058	82.4432	82.8773	83.3073	83.7302	84.1639	84.5898	85.004	85.4261	85.8377	86.2556
804	Ukraine	76.5462	78.8596	79.0136	79.2589	79.5558	79.8905	80.2431	80.6209	81.0223	81.4203	81.8488	82.2521	82.677	83.0928	83.5017	83.9289
924	Northern Europe	83.181	83.65	83.9692	84.3489	84.7248	85.125	85.657	86.1289	86.5874	86.997	87.4272	87.9448	88.3298	88.89	89.3566	89.74
208	Denmark	83.0802	82.9336	83.1296	83.406	83.7173	84.0479	84.4	84.7662	85.1459	85.54	85.9302	86.3147	86.7167	87.1224	87.5339	87.9417
233	Estonia	81.9169	82.1175	82.3518	82.6523	82.9938	83.3695	83.7411	84.1201	84.5023	84.9078	85.3164	85.7119	86.114	86.5241	86.9402	87.3583
234	Faroe Islands	80.2165	79.8342	80.184	80.5905	81.0433	81.523	82.0039	82.5065	83.0134	83.508	84.0023	84.4826	84.9625	85.4349	85.9045	86.3715
246	Finland	84.281	84.0819	84.2918	84.5789	84.8974	85.2487	85.6071	85.9793	86.3729	86.7646	87.1665	87.5773	87.9854	88.3992	88.8285	89.2328
831	Guernsey	83.762	83.6599	83.8547	84.1084	84.4101	84.7323	85.0771	85.4252	85.7875	86.1536	86.5228	86.8915	87.2706	87.6612	88.0495	88.4267
352	Iceland	83.6882	83.429	83.6084	83.8603	84.1506	84.4739	84.8022	85.1523	85.5058	85.8789	86.2525	86.6402	87.0287	87.4213	87.8335	88.2437
372	Ireland	83.6968	83.6097	83.826	84.1076	84.4321	84.7914	85.161	85.5384	85.9125	86.2987	86.6933	87.1	87.5126	87.9198	88.3262	88.7525
833	Isle of Man	82.1955	82.1238	82.343	82.6371	82.9772	83.3372	83.7098	84.0901	84.4648	84.8428	85.2398	85.6416	86.0453	86.4401	86.8631	87.276
832	Jersey	82.7184	82.7612	83.0384	83.3832	83.7645	84.155	84.5727	84.9964	85.4234	85.8694	86.3241	86.7713	87.2239	87.6676	88.1257	88.5738
428	Latvia	78.8583	78.9209	79.0214	79.2156	79.4664	79.7559	80.0587	80.4083	80.7733	81.136	81.5294	81.931	82.3434	82.7429	83.1527	83.5619
440	Lithuania	79.3643	79.9953	80.1923	80.4631	80.7946	81.154	81.531	81.9261	82.3338	82.7544	83.1708	83.5814	83.9787	84.3754	84.793	85.1994
578	Norway	84.4536	84.2333	84.4259	84.6905	85.0002	85.3281	85.6799	86.0358	86.3991	86.7701	87.1641	87.5579	87.9568	88.3446	88.76	89.1655
752	Sweden	84.364	84.2754	84.4841	84.7499	85.0605	85.3925	85.7454	86.1107	86.4773	86.8701	87.263	87.655	88.0613	88.4644	88.8704	89.2808
826	United Kingdom	82.8049	82.9947	83.1953	83.4762	83.7904	84.1283	84.4782	84.8438	85.219	85.6077	85.9955	86.3973	86.803	87.1969	87.5905	88.0061
925	Southern Europe	84.2549	85.1759	85.6505	86.1441	86.6283	87.1646	87.6644	88.1212	88.5496	89.0593	89.4729	89.9824	90.4675	91.0186	91.5372	92.0635
8	Albania	79.6005	81.387	81.7526	82.1852	82.6451	83.116	83.5865	84.0347	84.4813	84.9275	85.3715	85.8175	86.2573	86.6839	87.1159	87.5564
20	Andorra	84.4972	85.0992	85.3559	85.6664	86.023	86.3884	86.7649	87.1597	87.5444	87.9383	88.3307	88.7396	89.1326	89.5324	89.9506	90.3524
70	Bosnia and Herzegovina	77.6131	78.7292	79.0308	79.4034	79.827	80.2589	80.709	81.1798	81.6503	82.1227	82.5913	83.0575	83.5164	83.96	84.3929	84.8284
191	Croatia	81.0009	81.1165	81.3837	81.7248	82.1161	82.5197	82.9399	83.372	83.8004	84.2232	84.6387	85.0584	85.4645	85.885	86.3094	86.7342
292	Gibraltar	83.4717	83.986	84.2911	84.6431	85.0213	85.43	85.8512	86.3041	86.7572	87.2021	87.6548	88.1006	88.5568	89.0269	89.4769	89.9393
300	Greece	83.1113	83.5983	83.9121	84.2656	84.6635	85.0577	85.4653	85.8819	86.2979	86.7054	87.1137	87.533	87.9513	88.3658	88.7882	89.2048
380	Italy	85.0369	85.2432	85.4994	85.818	86.1898	86.5626	86.9481	87.3424	87.7405	88.1454	88.5608	88.9884	89.4064	89.8341	90.2571	90.6815
412	Kosovo (under UNSC res. 1244)	80.1998	80.8024	81.0438	81.352	81.7125	82.115	82.528	82.9426	83.3697	83.7896	84.2103	84.6368	85.0604	85.485	85.9098	86.339
470	Malta	85.3469	84.8844	85.0966	85.3827	85.6932	86.0339	86.4007	86.7824	87.1604	87.5638	87.9644	88.3674	88.7792	89.1858	89.5951	90.0101
499	Montenegro	79.5473	79.7204	80.0009	80.3539	80.7419	81.1428	81.5565	81.9918	82.4227	82.8475	83.2845	83.7017	84.1183	84.5258	84.9375	85.3435
807	North Macedonia	76.7615	78.91	79.1699	79.5151	79.8917	80.298	80.7393	81.178	81.6062	82.0481	82.4807	82.936	83.3884	83.8288	84.2687	84.6993
620	Portugal	84.0533	84.1745	84.4256	84.7345	85.0822	85.448	85.8441	86.2377	86.6413	87.0466	87.4625	87.8792	88.2984	88.7401	89.1708	89.595
674	San Marino	83.492	83.9037	84.0934	84.353	84.648	84.9777	85.3178	85.6624	86.0276	86.4102	86.7952	87.1792	87.5738	87.962	88.3705	88.7579
688	Serbia	77.5142	79.1062	79.366	79.7094	80.1015	80.5304	80.978	81.4576	81.942	82.4458	82.9457	83.4331	83.9184	84.3955	84.8802	85.354
705	Slovenia	83.6741	83.8832	84.1686	84.517	84.8878	85.278	85.6813	86.097	86.5109	86.9397	87.3552	87.787	88.2131	88.6362	89.0632	89.4946
724	Spain	85.5665	85.7794	86.0243	86.3275	86.6685	87.0253	87.398	87.7735	88.1702	88.5652	88.969	89.3721	89.7845	90.1977	90.6132	91.0426
926	Western Europe	84.2925	84.7516	85.1661	85.5672	85.9733	86.3228	86.7724	87.2593	87.7928	88.2227	88.7205	89.2285	89.7872	90.2343	90.7102	91.2466
40	Austria	83.8369	83.8418	84.1097	84.4311	84.7896	85.1693	85.5562	85.9492	86.3454	86.7644	87.1856	87.6111	88.0277	88.432	88.8508	89.284
56	Belgium	83.5595	83.5604	83.7784	84.061	84.3741	84.7229	85.0828	85.4617	85.8347	86.2223	86.6163	87.0352	87.4353	87.8393	88.2385	88.6706
250	France	85.1822	85.1413	85.3341	85.595	85.8943	86.224	86.5777	86.9478	87.3126	87.6821	88.0691	88.4709	88.8804	89.298	89.708	90.1367
276	Germany	83.2698	83.496	83.695	83.9568	84.2679	84.5901	84.9295	85.2834	85.6671	86.0626	86.4505	86.8414	87.2383	87.6443	88.0532	88.4536
438	Liechtenstein	85.2517	85.3666	85.5742	85.849	86.1694	86.5289	86.9074	87.301	87.6983	88.1219	88.5387	88.9611	89.4125	89.8631	90.3136	90.7698
442	Luxembourg	84.0326	83.9148	84.0867	84.3285	84.6142	84.9194	85.2481	85.5926	85.9545	86.3262	86.7067	87.1009	87.5009	87.903	88.31	88.7294
492	Monaco	88.0104	88.0213	88.1925	88.4401	88.7357	89.0451	89.3776	89.7248	90.0876	90.452	90.8271	91.1958	91.585	91.976	92.3856	92.7899
528	Netherlands	83.1338	83.0317	83.2052	83.454	83.7325	84.0338	84.3545	84.6935	85.0534	85.4099	85.788	86.169	86.553	86.9438	87.3324	87.7435
756	Switzerland	85.224	85.1254	85.3347	85.611	85.9156	86.257	86.6194	86.9963	87.3836	87.7558	88.1634	88.5664	88.9794	89.3919	89.8009	90.2101
904	Latin America and the Caribbean	77.1947	78.9602	79.6031	80.2322	80.8421	81.454	82.0577	82.6329	83.1813	83.6777	84.2443	84.7919	85.3285	85.9098	86.4611	86.9556
915	Caribbean	75.2515	76.1407	76.6675	77.1913	77.6296	77.9939	78.3675	78.6697	79.012	79.4206	79.7986	80.1801	80.5405	80.8332	81.1768	81.4578
660	Anguilla	80.3173	80.2465	80.5271	80.8838	81.289	81.7043	82.1357	82.5809	83.0419	83.4982	83.9435	84.3731	84.7941	85.2234	85.6584	86.1014
28	Antigua and Barbuda	80.8411	80.8125	81.1552	81.5516	81.9864	82.4393	82.8966	83.3534	83.8062	84.2433	84.6964	85.1408	85.5616	86.0031	86.4375	86.8617
533	Aruba	77.8161	78.4448	78.7162	79.0568	79.4472	79.8725	80.3093	80.7565	81.195	81.6359	82.1041	82.5505	82.9989	83.4529	83.8915	84.3177
44	Bahamas	76.1516	76.4589	76.5877	76.8128	77.0736	77.3766	77.698	78.0589	78.4455	78.8283	79.2169	79.6348	80.0705	80.4994	80.9284	81.3767
52	Barbados	78.8039	78.5731	78.8299	79.1735	79.5639	79.982	80.4089	80.8366	81.2889	81.7319	82.1809	82.6469	83.1028	83.5518	83.9907	84.4099
535	Bonaire, Sint Eustatius and Saba	78.1622	78.6631	78.9309	79.2768	79.6636	80.0725	80.5085	80.9386	81.3624	81.81	82.2651	82.7023	83.1367	83.5439	83.9703	84.3858
92	British Virgin Islands	78.128	78.2255	78.4905	78.8241	79.1933	79.5934	80.0129	80.4591	80.8926	81.3363	81.7967	82.2492	82.69	83.1457	83.5898	84.0362
136	Cayman Islands	77.2741	77.0788	77.3796	77.7714	78.1894	78.6531	79.1077	79.5806	80.0522	80.5314	81.012	81.5074	81.9895	82.4591	82.9322	83.4107
192	Cuba	79.0289	79.681	80.0167	80.4306	80.8709	81.3232	81.7959	82.2623	82.7336	83.2	83.6571	84.1007	84.5288	84.9753	85.4079	85.8343
531	Curaçao	79.31	79.2411	79.4562	79.7562	80.107	80.4753	80.876	81.2902	81.7302	82.1477	82.5907	83.0339	83.476	83.9054	84.3528	84.768
212	Dominica	76.3356	76.4489	76.6485	76.9394	77.2948	77.6845	78.1113	78.5344	78.9911	79.4506	79.9147	80.4107	80.9002	81.3938	81.8922	82.3962
214	Dominican Republic	76.4449	76.5044	76.8634	77.3003	77.7575	78.2215	78.7002	79.1956	79.6868	80.1749	80.6669	81.165	81.6665	82.1498	82.6408	83.1281
308	Grenada	77.4337	77.2214	77.4579	77.801	78.1965	78.6249	79.0645	79.4982	79.9414	80.3935	80.8522	81.3151	81.7794	82.2458	82.6916	83.1597
312	Guadeloupe	84.6801	85.492	85.6955	85.9688	86.2829	86.6039	86.955	87.3149	87.6834	88.05	88.4338	88.8174	89.2084	89.6011	90.0041	90.4079
332	Haiti	66.1891	66.6032	66.8962	67.2649	67.6328	68.0283	68.452	68.8551	69.2779	69.72	70.1549	70.5885	71.043	71.4727	71.9037	72.3526
388	Jamaica	72.8095	73.1596	73.4298	73.7897	74.1996	74.6267	75.0809	75.5315	75.9905	76.459	76.9231	77.3854	77.8589	78.3397	78.8172	79.2818
474	Martinique	84.925	85.143	85.3452	85.6182	85.9298	86.2564	86.6031	86.9595	87.3206	87.6884	88.076	88.4662	88.8656	89.2522	89.6447	90.0565
500	Montserrat	76.6695	76.4638	76.7642	77.1436	77.5566	78.0009	78.4529	78.9138	79.372	79.8409	80.3178	80.7529	81.197	81.6551	82.1133	82.5637
630	Puerto Rico	83.2229	83.1493	83.4604	83.8209	84.1977	84.5858	84.9768	85.3831	85.7789	86.1872	86.5994	87.0126	87.4251	87.8379	88.2427	88.6307
652	Saint Barthélemy	83.1172	83.0459	83.3981	83.8086	84.2265	84.655	85.08	85.5149	85.959	86.3936	86.8252	87.2543	87.6841	88.1173	88.5599	88.9928
659	Saint Kitts and Nevis	74.7432	74.3962	74.5943	74.9069	75.2626	75.6314	76.0325	76.4478	76.8643	77.3046	77.7458	78.199	78.6635	79.1307	79.6178	80.0904
662	Saint Lucia	75.6299	76.3887	76.6393	76.9617	77.3314	77.7289	78.1581	78.6134	79.0579	79.5193	79.9849	80.451	80.9236	81.3975	81.8605	82.3184
663	Saint Martin (French part)	83.0621	82.8472	83.1017	83.4178	83.7489	84.1074	84.4746	84.8642	85.2503	85.64	86.0459	86.4591	86.8669	87.2761	87.6837	88.1028
670	Saint Vincent and the Grenadines	72.9443	75.2049	75.6343	76.1309	76.645	77.1529	77.6578	78.1583	78.6586	79.1584	79.6468	80.1368	80.6132	81.0856	81.5626	82.0348
534	Sint Maarten (Dutch part)	77.3394	78.0409	78.1952	78.436	78.7273	79.0612	79.4276	79.8024	80.1817	80.5754	80.9819	81.3928	81.8018	82.2074	82.6249	83.051
780	Trinidad and Tobago	77.0396	77.0204	77.2362	77.5458	77.8992	78.276	78.6927	79.1241	79.5641	80.0056	80.4574	80.8984	81.355	81.8122	82.2734	82.7461
796	Turks and Caicos Islands	77.6445	77.8821	78.1872	78.582	79.0017	79.4551	79.9017	80.3712	80.8411	81.3182	81.7874	82.2457	82.7161	83.1936	83.65	84.0771
850	United States Virgin Islands	80.51	80.6184	80.8651	81.1956	81.5805	81.9987	82.4218	82.8659	83.3094	83.7635	84.1935	84.6294	85.0696	85.5139	85.9624	86.4153
916	Central America	76.0457	77.5381	78.0328	78.6051	79.0938	79.6494	80.1703	80.7553	81.3519	81.8637	82.4255	82.9619	83.4669	84.069	84.5661	85.0349
84	Belize	75.5276	76.6253	76.8935	77.2493	77.6455	78.0934	78.5424	79.0024	79.4912	79.9742	80.4796	80.9881	81.4989	82.0042	82.5201	83.0423
188	Costa Rica	80.8	81.8211	82.2662	82.7553	83.2558	83.7441	84.2351	84.7026	85.1719	85.6216	86.0731	86.5349	86.9818	87.4165	87.86	88.2902
222	El Salvador	75.5277	76.385	76.7581	77.1864	77.6473	78.0986	78.578	79.0378	79.5	79.9587	80.4113	80.867	81.3135	81.7722	82.2174	82.656
320	Guatemala	73.1546	75.2656	75.5837	75.9651	76.3873	76.8038	77.2487	77.6847	78.1211	78.5673	79.0199	79.4734	79.9326	80.4048	80.8414	81.2855
340	Honduras	73.512	74.5626	74.7556	75.0306	75.3428	75.6982	76.0724	76.4798	76.8992	77.3186	77.7444	78.1837	78.6293	79.075	79.5269	79.9915
484	Mexico	76.061	77.2473	77.6809	78.1551	78.6584	79.1689	79.6829	80.1947	80.7183	81.2114	81.7267	82.2273	82.7258	83.2118	83.693	84.1608
558	Nicaragua	76.1908	76.5245	76.856	77.2501	77.6798	78.1211	78.5718	79.0076	79.4703	79.922	80.3691	80.826	81.2874	81.7493	82.1943	82.6363
591	Panama	79.9149	80.5499	80.8669	81.2526	81.6862	82.1269	82.5807	83.0335	83.4767	83.9276	84.3618	84.811	85.2478	85.688	86.1038	86.5318
931	South America	77.5917	79.2454	79.7952	80.3814	80.966	81.5826	82.15	82.7775	83.3529	83.8181	84.3068	84.8982	85.505	86.0632	86.5594	87.1249
32	Argentina	79.2768	80.1721	80.4296	80.7682	81.1493	81.5697	81.9985	82.4252	82.8709	83.3206	83.7686	84.2039	84.6265	85.058	85.4926	85.9166
68	Bolivia (Plurinational State of)	68.1845	70.0734	70.5295	71.0384	71.5701	72.1004	72.6281	73.1685	73.6774	74.1515	74.6506	75.1212	75.6058	76.0896	76.5713	77.0661
76	Brazil	76.9829	78.2291	78.6728	79.1754	79.6986	80.2327	80.7716	81.3095	81.8424	82.376	82.9042	83.4135	83.8977	84.3747	84.8366	85.3039
152	Chile	81.8327	82.6007	83.0396	83.5108	83.9925	84.4707	84.9389	85.4001	85.861	86.3131	86.7683	87.2207	87.6735	88.1157	88.5748	89.0026
170	Colombia	77.8211	79.3389	79.6963	80.1123	80.5541	81.0377	81.5173	82.0042	82.4999	82.9842	83.467	83.9191	84.3725	84.8049	85.2531	85.6888
218	Ecuador	78.3891	79.6286	79.9833	80.3978	80.844	81.3025	81.7654	82.2314	82.683	83.1181	83.5421	83.9743	84.3982	84.8234	85.2354	85.632
238	Falkland Islands (Malvinas)	80.5463	80.5949	81.028	81.5029	81.9738	82.4446	82.9128	83.3704	83.8057	84.2283	84.6473	85.059	85.4666	85.8774	86.2786	86.6646
254	French Guiana	79.1424	79.399	79.6933	80.0766	80.4869	80.9216	81.3751	81.8376	82.3007	82.7713	83.2386	83.6823	84.12	84.5531	84.9909	85.4247
328	Guyana	70.5644	71.7545	71.9367	72.2373	72.5727	72.9378	73.3046	73.7159	74.1293	74.5548	75.0162	75.4473	75.8987	76.3608	76.8118	77.2666
600	Paraguay	74.609	75.4889	75.5848	75.7727	76.0162	76.3022	76.6353	76.9901	77.355	77.7297	78.1347	78.5538	78.9717	79.3862	79.8207	80.2851
604	Peru	76.4023	78.1952	78.6016	79.0428	79.518	79.9954	80.4483	80.9263	81.4026	81.8828	82.3336	82.7769	83.2186	83.6484	84.0669	84.4902
740	Suriname	74.2931	74.7493	74.878	75.0852	75.3637	75.684	75.9995	76.361	76.7529	77.1519	77.5504	77.9577	78.3764	78.7939	79.2346	79.6669
858	Uruguay	80.6283	80.6961	80.879	81.15	81.4696	81.8287	82.2109	82.6016	83.0143	83.4292	83.838	84.2356	84.6338	85.0423	85.4449	85.852
862	Venezuela (Bolivarian Republic of)	75.4551	75.9824	76.2888	76.6623	77.0875	77.5234	78.0011	78.4736	78.9237	79.395	79.8741	80.3602	80.8167	81.2976	81.7821	82.2641
905	Northern America	81.2048	81.7645	81.9425	82.1644	82.5392	82.8637	83.3135	83.7107	84.0904	84.5604	84.9463	85.3619	85.8707	86.3759	86.7828	87.1516
60	Bermuda	83.5901	83.7206	83.9285	84.1975	84.5037	84.8479	85.2123	85.5881	85.9841	86.389	86.7991	87.2101	87.6366	88.0726	88.5007	88.9464
124	Canada	84.1166	84.0355	84.2871	84.5942	84.9337	85.303	85.6773	86.0675	86.4643	86.8747	87.283	87.6826	88.0993	88.5019	88.9184	89.3269
304	Greenland	75.0581	74.6298	74.7689	75.0123	75.3091	75.6338	75.9983	76.3768	76.765	77.1701	77.5598	78.002	78.4273	78.8485	79.2748	79.713
666	Saint Pierre and Miquelon	80.9594	80.6985	80.8766	81.1443	81.4538	81.7849	82.1489	82.5329	82.9294	83.3291	83.7196	84.1182	84.5047	84.9	85.2886	85.6863
840	United States of America	80.5346	81.1672	81.3715	81.6655	81.9966	82.3552	82.7483	83.1285	83.533	83.9278	84.3224	84.7198	85.1249	85.5394	85.9557	86.3536
909	Oceania	81.274	81.1659	81.3922	81.5688	81.8302	82.0849	82.3344	82.6907	83.0298	83.3996	83.8354	84.1561	84.5218	84.8687	85.2462	85.6319
927	Australia/New Zealand	85.1334	84.9688	85.1531	85.3501	85.6194	85.9809	86.3813	86.7597	87.1085	87.486	87.9401	88.4072	88.753	89.0887	89.6218	90.1085
36	Australia	85.0434	84.6254	84.8042	85.0608	85.3554	85.6826	86.0187	86.3792	86.7435	87.1303	87.5154	87.9093	88.3158	88.734	89.1583	89.5702
554	New Zealand	84.0783	83.8873	84.0674	84.3161	84.6138	84.9209	85.2608	85.6147	85.9933	86.373	86.7461	87.1186	87.5141	87.9164	88.3259	88.7383
928	Melanesia	68.9491	68.6909	68.9276	69.1206	69.4399	69.7846	70.201	70.6942	70.9897	71.2966	71.7987	72.3675	72.814	73.1734	73.6779	74.0377
242	Fiji	68.9916	68.8111	69.0353	69.3428	69.705	70.095	70.5158	70.9281	71.3372	71.7656	72.2025	72.6314	73.0451	73.4673	73.9071	74.3432
540	New Caledonia	83.7633	83.8088	84.0393	84.3363	84.6664	85.0156	85.375	85.7464	86.1283	86.5069	86.8946	87.2917	87.6934	88.0943	88.4908	88.9045
598	Papua New Guinea	68.022	67.5924	67.6944	67.8822	68.1497	68.4576	68.7777	69.1166	69.4708	69.8523	70.227	70.6151	71.0118	71.4172	71.8197	72.2393
90	Solomon Islands	71.2917	70.8736	71.0315	71.275	71.5858	71.9083	72.2453	72.6073	72.9951	73.3675	73.7513	74.1326	74.5292	74.93	75.3297	75.729
548	Vanuatu	72.1	71.9544	72.402	72.9043	73.4249	73.971	74.4995	75.0352	75.5461	76.0423	76.5614	77.068	77.565	78.0627	78.5605	79.0418
954	Micronesia	75.2572	75.6112	76.1133	76.5669	76.9428	77.2881	77.7036	78.0752	78.5469	79.0488	79.5382	80.137	80.6553	81.1171	81.5639	82.0577
316	Guam	81.149	81.2045	81.5157	81.8936	82.3179	82.7531	83.2077	83.6543	84.0964	84.5372	84.9787	85.4018	85.8495	86.2906	86.7097	87.162
296	Kiribati	68.3536	68.0193	68.3366	68.7262	69.1687	69.6181	70.0722	70.573	71.0667	71.5306	72.0182	72.5175	73.0118	73.52	74.0249	74.5061
584	Marshall Islands	66.1408	65.4414	65.5213	65.7121	65.9646	66.2662	66.5904	66.9341	67.2715	67.6288	68.0018	68.3633	68.7548	69.1364	69.5238	69.934
583	Micronesia (Fed. States of)	74.0857	74.1202	74.3734	74.7317	75.125	75.5383	75.9765	76.4237	76.8754	77.3293	77.7905	78.2469	78.7149	79.1838	79.6522	80.1206
520	Nauru	66.7059	66.3488	66.5432	66.8368	67.2025	67.5797	67.9828	68.4136	68.8412	69.2832	69.7291	70.1673	70.6374	71.1095	71.5713	72.0565
580	Northern Mariana Islands	78.6771	78.3714	78.5805	78.8718	79.2254	79.6106	80.0245	80.4423	80.8616	81.2989	81.7446	82.2026	82.6423	83.0848	83.5249	83.9675
585	Palau	68.737	67.9073	68.1838	68.5346	68.9554	69.4089	69.8753	70.3513	70.8325	71.3139	71.8036	72.3105	72.8119	73.3266	73.8456	74.3697
957	Polynesia	79.083	79.7104	80.3347	80.8615	81.4144	81.9537	82.4425	82.9343	83.3363	83.7535	84.1803	84.5627	84.9347	85.2502	85.6145	85.8341
16	American Samoa	74.8836	74.2306	74.4123	74.6916	75.0123	75.3749	75.7461	76.1477	76.543	76.9497	77.3749	77.8171	78.245	78.6965	79.1312	79.5928
184	Cook Islands	78.2353	77.9736	78.2092	78.5355	78.9222	79.325	79.75	80.1808	80.6248	81.067	81.5261	81.9695	82.4335	82.8815	83.3423	83.7771
258	French Polynesia	84.7525	85.1676	85.3825	85.6595	85.9716	86.313	86.6585	87.0243	87.3903	87.7629	88.1501	88.5358	88.9225	89.3222	89.7195	90.1056
570	Niue	71.9022	71.5483	71.8356	72.1894	72.5845	73.03	73.4702	73.9075	74.3639	74.8183	75.2634	75.7132	76.1716	76.6424	77.11	77.5735
882	Samoa	74.6023	74.1362	74.4244	74.7968	75.2126	75.6483	76.0863	76.5411	77.0011	77.466	77.9364	78.4046	78.8863	79.3419	79.8271	80.3118
772	Tokelau	75.2998	74.89	75.0372	75.2791	75.5924	75.9327	76.3139	76.6968	77.0963	77.5037	77.9216	78.3462	78.8	79.2451	79.6969	80.1443
776	Tonga	73.1414	72.7664	72.9442	73.2255	73.5426	73.8987	74.2911	74.6912	75.0787	75.4949	75.9088	76.3357	76.7625	77.1828	77.6237	78.0643
798	Tuvalu	68.3713	67.9745	68.2158	68.5527	68.9289	69.3347	69.7455	70.1608	70.5824	71.0198	71.4428	71.8935	72.3288	72.762	73.1921	73.6215
876	Wallis and Futuna Islands	79.9397	80.0582	80.2819	80.5849	80.9295	81.2978	81.6833	82.0913	82.5006	82.9047	83.3165	83.7119	84.1203	84.5209	84.9291	85.3338
