country_code	name	2020-2025	2025-2030	2030-2035	2035-2040	2040-2045	2045-2050	2050-2055	2055-2060	2060-2065	2065-2070	2070-2075	2075-2080	2080-2085	2085-2090	2090-2095	2095-2100
900	World	74.6619	75.7977	76.3407	76.8753	77.4228	77.8532	78.2773	78.656	79.0449	79.4278	79.8489	80.2644	80.6681	80.8992	81.2856	81.6132
1834	Sub-Saharan Africa	61.8681	62.8597	63.4948	64.2167	64.8959	65.6098	66.3698	67.2393	67.7856	68.4799	69.0992	69.876	70.502	71.1513	71.6912	72.3315
1833	Northern Africa and Western Asia	75.1548	76.2205	76.7545	77.3767	77.9388	78.5318	79.0189	79.4352	79.8762	80.3357	80.6626	81.0909	81.5237	81.9694	82.4122	82.7507
1831	Central and Southern Asia	70.7591	72.1557	72.7487	73.3127	74.0431	74.8194	75.4589	76.0386	76.624	77.1788	77.7762	78.1508	78.7568	79.4442	79.8183	80.2576
1832	Eastern and South-Eastern Asia	79.4653	79.5358	79.8927	80.1399	80.4731	80.9117	81.361	81.7461	82.1717	82.5738	82.9825	83.3035	83.8293	84.2073	84.623	85.119
1830	Latin America and the Caribbean	77.0187	78.5272	79.0703	79.6023	80.1399	80.7117	81.3024	81.8104	82.3443	82.7699	83.2112	83.8511	84.4321	84.8779	85.4545	86.0297
1835	Oceania (excluding Australia and New Zealand)	69.4372	68.6328	68.5915	68.6373	68.9088	68.8733	69.0321	69.466	69.7753	69.9868	70.1978	70.6027	70.9313	71.2354	71.4725	71.8188
1836	Australia/New Zealand	85.0521	84.7692	84.8542	84.9777	85.0862	85.2631	85.4599	85.6061	85.8351	86.0316	86.3476	86.4729	86.8383	87.167	87.5196	87.9495
1829	Europe and Northern America	81.2137	82.4496	82.9005	83.3272	83.794	84.2715	84.6582	85.0186	85.393	85.8248	86.2585	86.7774	87.2689	87.7112	88.109	88.5578
901	More developed regions	81.9975	83.1446	83.5742	83.9957	84.4322	84.8555	85.3014	85.7052	86.0528	86.496	86.9188	87.4393	87.9434	88.4143	88.8458	89.2514
902	Less developed regions	72.972	74.1024	74.7247	75.3561	75.9643	76.4663	76.9274	77.3603	77.804	78.2237	78.6477	79.0319	79.4096	79.7225	80.1457	80.4196
941	Least developed countries	67.0212	68.2453	68.9435	69.6576	70.3273	71.0631	71.7274	72.3219	72.8872	73.3725	73.7878	74.1795	74.682	75.1045	75.5407	75.8748
934	Less developed regions, excluding least developed countries	74.0657	75.1144	75.6676	76.2254	76.7848	77.2525	77.6515	78.0537	78.474	78.7253	79.1503	79.5567	79.9146	80.2787	80.6124	80.9199
948	Less developed regions, excluding China	70.7672	72.2851	72.9676	73.6194	74.2775	74.8284	75.3987	76.0005	76.4828	76.9463	77.3872	77.8604	78.2696	78.6253	79.0809	79.3714
1636	Land-locked Developing Countries (LLDC)	66.971	68.082	68.7466	69.3576	69.9559	70.5473	71.1314	71.7036	72.305	72.7774	73.2301	73.7217	74.2116	74.636	75.1306	75.5174
1637	Small Island Developing States (SIDS)	74.8856	75.6342	76.1003	76.4831	76.882	77.208	77.5193	77.765	78.0986	78.3085	78.6696	79.0146	79.3386	79.565	79.9526	80.1178
1503	High-income countries	83.516	84.2452	84.6543	85.0398	85.4531	85.8607	86.2924	86.6652	87.0415	87.4669	87.8472	88.3131	88.8035	89.2547	89.6441	90.1002
1517	Middle-income countries	73.613	74.7971	75.3827	75.9713	76.5966	77.1072	77.5194	77.9278	78.3744	78.7166	79.1841	79.5574	79.8917	80.2577	80.6653	81.0133
1502	Upper-middle-income countries	78.8052	79.4625	79.857	80.234	80.7457	81.2813	81.8144	82.2648	82.7684	83.3382	83.7876	84.247	84.7462	85.1741	85.7223	86.2145
1501	Lower-middle-income countries	69.5966	70.9549	71.5558	72.1271	72.816	73.3521	74.0005	74.6483	75.1681	75.5832	76.0436	76.4282	76.8081	77.3046	77.7562	78.1238
1500	Low-income countries	65.2877	66.4058	67.0438	67.6765	68.2876	68.922	69.4595	70.0809	70.5602	71.0681	71.431	71.903	72.4505	72.9763	73.5875	73.9479
1518	No income group available	74.8008	74.733	74.7608	74.8311	75.3314	75.4532	76.0126	76.3649	76.889	77.2286	77.5713	77.8147	78.2226	78.7285	79.1343	79.6794
903	Africa	63.9639	64.9535	65.57	66.2927	66.9474	67.5198	68.2966	69.1055	69.5871	70.2147	70.8159	71.4381	72.0807	72.6039	73.1741	73.7212
910	Eastern Africa	66.0101	67.1206	67.7431	68.5015	69.2294	70.0491	70.7227	71.3691	72.0434	72.5662	73.142	73.7612	74.5013	75.0661	75.6718	76.1823
108	Burundi	62.5092	61.9638	61.7445	61.6906	61.7202	61.8024	61.9323	62.0872	62.3204	62.5028	62.7521	62.9986	63.237	63.4857	63.7611	64.0188
174	Comoros	65.0855	64.5985	64.7807	65.0511	65.4252	65.8259	66.2409	66.6461	67.0306	67.3808	67.7741	68.1685	68.5207	68.9065	69.3438	69.748
262	Djibouti	64.1653	63.5968	63.5951	63.7442	63.9323	64.1831	64.5035	64.8176	65.1617	65.5205	65.8741	66.2043	66.5373	66.8444	67.2297	67.6086
232	Eritrea	67.7831	67.8947	68.0892	68.3834	68.7571	69.165	69.586	70.0155	70.4374	70.8664	71.3211	71.7594	72.1697	72.628	73.0599	73.4991
231	Ethiopia	67.4766	67.1633	67.2607	67.4524	67.6909	67.9776	68.2762	68.5851	68.973	69.3125	69.6193	69.9992	70.341	70.6948	71.1072	71.4845
404	Kenya	63.6028	63.3895	63.4526	63.6742	63.9626	64.315	64.6787	65.0212	65.3941	65.7659	66.1432	66.4805	66.8764	67.2791	67.6953	68.1019
450	Madagascar	66.545	66.7155	66.9149	67.2246	67.6035	68.0002	68.3882	68.7716	69.1587	69.5231	69.9079	70.297	70.6761	71.0305	71.4283	71.8373
454	Malawi	65.7334	65.9457	65.8422	65.8954	66.0108	66.1653	66.3679	66.5998	66.8414	67.1034	67.3764	67.6643	67.932	68.1913	68.437	68.7429
480	Mauritius	76.647	76.3821	76.2289	76.2391	76.2968	76.4392	76.6302	76.8618	77.108	77.3593	77.6751	77.9647	78.2954	78.6715	79.0296	79.3918
175	Mayotte	78.6864	79.5534	79.6409	79.8593	80.1357	80.451	80.7863	81.168	81.5341	81.9234	82.3398	82.7546	83.1624	83.5464	83.9165	84.3063
508	Mozambique	62.2472	62.0906	62.0948	62.2808	62.4998	62.7824	63.0946	63.4191	63.7495	64.0807	64.444	64.773	65.1047	65.4296	65.7647	66.1539
638	Réunion	84.3967	83.8567	83.8625	83.9774	84.1543	84.3603	84.6028	84.8596	85.1374	85.4157	85.7055	86.0038	86.3074	86.601	86.9261	87.2576
646	Rwanda	67.4945	66.5556	66.5065	66.565	66.7206	66.9284	67.1665	67.4052	67.6682	67.9905	68.2867	68.5483	68.8697	69.1634	69.4885	69.8573
690	Seychelles	76.5543	77.3325	77.4931	77.7644	78.1156	78.5089	78.8932	79.2832	79.7121	80.1669	80.6221	81.0479	81.4856	81.9391	82.3763	82.7872
706	Somalia	56.8553	56.5876	56.4379	56.4742	56.572	56.7527	57.0173	57.292	57.6301	57.9679	58.2819	58.6715	59.0236	59.4477	59.8553	60.2703
728	South Sudan	55.4839	54.6457	54.3583	54.1803	54.1638	54.1941	54.2809	54.3756	54.5279	54.6641	54.8237	55.0491	55.2025	55.354	55.5528	55.7369
800	Uganda	63.8082	62.7679	62.6175	62.624	62.6836	62.8591	63.0163	63.2502	63.5141	63.7629	64.0156	64.3083	64.5996	64.8501	65.1026	65.3871
834	United Republic of Tanzania	67.6044	67.3011	67.3151	67.4764	67.7269	67.9908	68.3039	68.6244	68.953	69.2853	69.6371	69.9796	70.3699	70.7364	71.1239	71.5185
894	Zambia	63.448	63.0021	62.7462	62.6868	62.6888	62.7782	62.8903	63.0206	63.2005	63.3931	63.5915	63.8095	64.0191	64.2675	64.5109	64.8132
716	Zimbabwe	61.6803	60.9314	60.5017	60.2365	60.0789	60.0095	59.9531	59.9558	59.9732	60.0018	60.0638	60.1596	60.2719	60.4176	60.5451	60.7016
911	Middle Africa	60.9926	61.1068	61.2887	61.5709	61.8758	62.1126	62.6499	63.2712	63.6223	64.0159	64.5153	64.7792	65.2104	65.5652	65.9148	66.1123
24	Angola	63.4285	62.6055	62.4117	62.3601	62.453	62.5601	62.7017	62.8822	63.1028	63.3402	63.5721	63.8304	64.0713	64.3271	64.6028	64.8399
120	Cameroon	61.2318	60.602	60.3947	60.3766	60.4383	60.5756	60.7519	60.873	61.0599	61.2816	61.5275	61.797	62.0054	62.2928	62.5516	62.8386
140	Central African Republic	55.2645	54.4095	54.195	54.1791	54.2312	54.381	54.5365	54.7423	54.9512	55.2265	55.4471	55.7386	55.9887	56.2966	56.5638	56.8218
148	Chad	52.9893	51.8089	51.3538	51.1273	50.9874	50.9365	50.9371	51.024	51.1283	51.2412	51.3412	51.4743	51.6332	51.8027	51.9597	52.1434
178	Congo	63.3387	61.7328	61.4749	61.3871	61.4443	61.5593	61.7063	61.8948	62.0758	62.2883	62.4948	62.7426	62.9646	63.2616	63.4897	63.6852
180	Democratic Republic of the Congo	60.5273	59.7707	59.5283	59.4437	59.471	59.5584	59.7188	59.8581	60.041	60.2386	60.4592	60.7198	60.9909	61.2083	61.4876	61.7818
226	Equatorial Guinea	61.8042	61.0624	60.7985	60.7021	60.7445	60.7801	60.9268	61.0777	61.2221	61.4025	61.5863	61.8306	62.0468	62.3057	62.5009	62.7366
266	Gabon	67.3213	66.4851	66.2106	66.1234	66.1293	66.1985	66.3117	66.4079	66.5781	66.7466	66.9293	67.1416	67.3898	67.6495	67.8977	68.1579
678	Sao Tome and Principe	69.9677	68.8897	68.3993	68.1192	67.9222	67.7702	67.6762	67.636	67.617	67.6524	67.7044	67.8059	67.9147	68.0381	68.1464	68.3132
912	Northern Africa	73.1912	73.8059	74.1654	74.633	75.1802	75.6878	76.0824	76.48	76.7544	77.0938	77.3426	77.7519	78.2061	78.5977	78.9301	79.3212
12	Algeria	76.7651	76.7096	77.0033	77.3983	77.8252	78.2855	78.7539	79.1903	79.6731	80.1332	80.5932	81.0434	81.4895	81.9172	82.3473	82.7843
818	Egypt	71.8955	71.9749	72.0432	72.2358	72.4642	72.7371	73.0939	73.4566	73.7983	74.1642	74.5481	74.9331	75.3168	75.6768	76.0411	76.4128
434	Libya	74.2602	74.2769	74.4149	74.7045	75.0245	75.4025	75.7887	76.1584	76.5408	76.9539	77.3568	77.7621	78.1539	78.5578	78.9546	79.3581
504	Morocco	75.6923	75.3053	75.5888	75.965	76.3945	76.8535	77.3118	77.7805	78.231	78.711	79.1808	79.6489	80.102	80.5799	81.0644	81.5094
729	Sudan	66.8387	65.7949	65.4367	65.2672	65.2154	65.25	65.3597	65.5056	65.703	65.8997	66.1003	66.3144	66.5412	66.8274	67.1098	67.4074
788	Tunisia	77.7482	78.3027	78.5256	78.875	79.2461	79.6641	80.1115	80.5474	80.9668	81.3882	81.8511	82.3056	82.7172	83.1417	83.5507	83.9354
732	Western Sahara	71.5993	70.8356	70.9992	71.2939	71.6394	72.0061	72.3269	72.6846	73.0404	73.435	73.817	74.1744	74.5503	74.9134	75.2791	75.6712
913	Southern Africa	64.5663	66.3543	66.1273	66.1486	66.2178	66.247	66.5064	66.9255	67.1335	67.6997	68.1562	68.4182	68.6766	69.065	69.4035	69.7645
72	Botswana	65.8888	65.459	65.1702	65.0455	64.9906	65.048	65.1497	65.2474	65.3536	65.5435	65.7648	65.9531	66.1569	66.4036	66.6577	66.9026
748	Eswatini	60.9585	62.0098	61.7826	61.7165	61.7515	61.8561	61.999	62.1515	62.3398	62.5397	62.7872	63.0415	63.2636	63.5065	63.7716	64.0309
426	Lesotho	55.1412	53.9142	53.3706	53.0424	52.8079	52.6222	52.4471	52.3354	52.3026	52.2838	52.3272	52.2993	52.3363	52.3915	52.4308	52.4723
516	Namibia	62.9199	64.383	64.1988	64.1709	64.2222	64.3354	64.478	64.6984	64.8765	65.088	65.2779	65.5263	65.7944	66.0672	66.3842	66.7103
710	South Africa	65.0924	66.7179	66.4493	66.3501	66.351	66.4194	66.5481	66.713	66.8876	67.1128	67.3052	67.5367	67.7838	68.012	68.27	68.5499
914	Western Africa	56.7345	56.4163	56.6186	57.0834	57.5416	57.9523	59.0374	59.9474	60.4355	60.9493	61.7007	62.5528	63.6289	64.2354	64.6034	65.0856
204	Benin	60.2028	59.4516	59.2988	59.3052	59.3988	59.5287	59.6792	59.9502	60.1829	60.4294	60.697	60.9473	61.2334	61.5314	61.7891	62.0302
854	Burkina Faso	60.1451	59.5103	59.397	59.4308	59.5317	59.7218	59.9408	60.1847	60.4251	60.6719	60.9157	61.206	61.4784	61.7773	62.0413	62.3406
132	Cabo Verde	78.6109	78.9532	79.0462	79.2921	79.5914	79.9186	80.2694	80.6396	81.0284	81.4198	81.8196	82.2388	82.6751	83.0976	83.5028	83.8957
384	Côte d'Ivoire	58.9714	58.1267	57.9505	57.9188	58.0168	58.1291	58.2846	58.5094	58.7632	59.0557	59.2632	59.4978	59.8091	60.0879	60.3426	60.6057
270	Gambia	63.1692	63.1597	63.113	63.1873	63.3386	63.5041	63.7539	64.0209	64.2674	64.518	64.7764	65.0513	65.3336	65.6556	65.9605	66.2187
288	Ghana	64.99	64.5242	64.3296	64.2776	64.3193	64.4235	64.5656	64.7502	64.9445	65.1459	65.3843	65.6513	65.8878	66.1327	66.3869	66.6846
324	Guinea	58.9362	58.3975	58.2368	58.2356	58.3077	58.4807	58.7015	58.9207	59.1358	59.4519	59.7483	60.0011	60.3077	60.5659	60.8822	61.1484
624	Guinea-Bissau	60.7989	60.5652	60.4536	60.4504	60.5408	60.6858	60.8867	61.1012	61.3725	61.6439	61.9289	62.152	62.4157	62.6822	63.011	63.288
430	Liberia	60.9872	60.1268	60.022	60.0789	60.2138	60.4252	60.6129	60.8796	61.1624	61.4297	61.741	62.0578	62.367	62.6823	63.0031	63.3977
466	Mali	59.1687	58.6782	58.6462	58.7498	58.921	59.1189	59.3633	59.6685	59.9287	60.2231	60.5102	60.8175	61.1163	61.4295	61.7401	62.0088
478	Mauritania	65.436	65.8314	65.8543	66.0733	66.3613	66.6355	66.9697	67.3099	67.6723	68.0431	68.3981	68.7451	69.0807	69.458	69.8296	70.1852
562	Niger	62.0204	62.4176	62.7125	63.1454	63.593	64.0534	64.4975	64.9607	65.385	65.814	66.2142	66.5996	66.9791	67.3358	67.7052	68.0505
566	Nigeria	51.7712	50.3536	50.092	50.0422	50.0905	50.1313	50.2773	50.4392	50.6044	50.8263	51.0549	51.2914	51.5546	51.8638	52.1359	52.3717
654	Saint Helena	79.7142	78.883	78.7228	78.7227	78.8085	78.9651	79.1761	79.4004	79.6237	79.9032	80.2104	80.5216	80.8472	81.1743	81.4895	81.8432
686	Senegal	69.3224	70.1006	70.6241	71.2219	71.807	72.4011	72.9981	73.5877	74.1285	74.6938	75.2512	75.7476	76.2422	76.7513	77.2611	77.7405
694	Sierra Leone	60.0576	59.2036	59.0799	59.1107	59.2402	59.4575	59.6608	59.8762	60.1024	60.3716	60.6276	60.9106	61.2421	61.5321	61.8078	62.1313
768	Togo	60.5025	59.2114	59.1185	59.1908	59.3617	59.5059	59.733	59.9845	60.2519	60.51	60.8196	61.1435	61.4428	61.7709	62.0759	62.4186
935	Asia	75.8892	76.8653	77.5106	78.0263	78.6205	79.187	79.7301	80.2062	80.7512	81.1178	81.5471	81.9682	82.3421	82.7422	83.2823	83.7917
5500	Central Asia	72.889	73.3848	73.5231	73.7633	73.9884	74.4272	74.8861	75.2365	75.6087	76.0324	76.492	76.9525	77.4057	78.0039	78.6257	79.1014
398	Kazakhstan	72.6681	73.0936	72.8378	72.7277	72.7262	72.7867	72.8938	73.0687	73.2906	73.5365	73.7984	74.075	74.3187	74.6306	74.9275	75.2141
417	Kyrgyzstan	73.577	73.3061	73.116	73.0832	73.1691	73.3101	73.4834	73.6971	73.9236	74.226	74.5077	74.7752	75.0379	75.3963	75.7431	76.1209
762	Tajikistan	71.5445	70.9133	70.7677	70.7907	70.8731	71.0489	71.2478	71.4745	71.7364	72.0138	72.3469	72.6385	72.9932	73.3243	73.6827	74.0477
795	Turkmenistan	71.3044	70.2052	69.988	69.9542	69.9991	70.1211	70.2849	70.4862	70.6929	70.9706	71.253	71.5094	71.7938	72.1011	72.3927	72.7187
860	Uzbekistan	72.4724	71.6322	71.3708	71.2599	71.2715	71.3549	71.5185	71.6762	71.879	72.1008	72.351	72.6224	72.9158	73.2468	73.5485	73.8612
906	Eastern Asia	81.4513	80.8905	81.0056	81.1918	81.4841	81.9805	82.4054	82.8162	83.275	83.7388	84.162	84.627	85.0547	85.2311	85.8522	86.3837
156	China	80.2747	79.6458	79.7866	80.0445	80.3726	80.7488	81.1363	81.5404	81.9518	82.3566	82.7839	83.1989	83.6132	84.001	84.3961	84.7842
344	China, Hong Kong SAR	87.2778	87.0174	87.0657	87.2227	87.4369	87.6893	87.9574	88.2295	88.5486	88.8451	89.1592	89.4978	89.8441	90.1748	90.5361	90.8915
446	China, Macao SAR	87.0807	86.4778	86.5444	86.7186	86.9442	87.1932	87.469	87.7536	88.0696	88.4004	88.7211	89.0574	89.4173	89.7774	90.1115	90.4717
158	China, Taiwan Province of China	83.6248	83.0534	83.1471	83.3472	83.5879	83.875	84.1654	84.4704	84.8022	85.1372	85.4824	85.8262	86.1736	86.5098	86.8648	87.2263
408	Dem. People's Republic of Korea	74.741	73.7506	73.6235	73.6427	73.7612	73.9427	74.1906	74.4612	74.7353	75.0381	75.3765	75.6962	76.0365	76.4243	76.8077	77.1918
392	Japan	86.959	86.3462	86.411	86.5818	86.8259	87.0949	87.3774	87.6786	87.9723	88.2751	88.595	88.9291	89.2591	89.5761	89.9041	90.2607
496	Mongolia	75.8218	75.5274	75.8422	76.2431	76.7062	77.1686	77.626	78.0819	78.5413	79.0332	79.5259	80	80.4934	80.9678	81.4556	81.931
410	Republic of Korea	86.1128	85.5732	85.609	85.7612	85.9653	86.2058	86.4605	86.7521	87.062	87.3944	87.7122	88.0238	88.35	88.6705	89.0177	89.3836
5501	Southern Asia	70.6317	72.0248	72.6065	73.158	73.9138	74.6836	75.3349	75.8688	76.4909	77.0207	77.6098	77.9816	78.5513	79.2503	79.6187	80.072
4	Afghanistan	64.918	65.3091	65.574	65.9336	66.2913	66.6675	67.0318	67.407	67.7642	68.1295	68.4631	68.8091	69.1791	69.5406	69.8804	70.2252
50	Bangladesh	74.0884	74.3012	74.776	75.3109	75.8746	76.4327	76.9967	77.5177	78.0572	78.603	79.1119	79.6217	80.1212	80.6108	81.1144	81.5962
64	Bhutan	72.7059	72.2559	72.7012	73.1833	73.7055	74.2578	74.7484	75.2545	75.7592	76.2558	76.755	77.2595	77.7441	78.2204	78.7117	79.1588
356	India	70.1063	71.3893	71.837	72.3415	72.9108	73.5133	74.0922	74.5958	75.1404	75.6907	76.2099	76.7495	77.2399	77.7446	78.2402	78.7431
364	Iran (Islamic Republic of)	77.2364	77.8756	78.0729	78.381	78.7264	79.1257	79.5368	79.9642	80.4068	80.8128	81.2598	81.7212	82.1569	82.5659	82.9938	83.4239
462	Maldives	80.6333	80.4415	80.7794	81.1915	81.6129	82.0417	82.457	82.8704	83.2826	83.6739	84.0456	84.4199	84.7838	85.1063	85.4478	85.7968
524	Nepal	70.4302	70.4585	70.977	71.538	72.1093	72.7095	73.2693	73.8319	74.3539	74.8943	75.3846	75.8765	76.3707	76.8761	77.3616	77.8178
586	Pakistan	67.6656	66.8197	66.681	66.7237	66.8528	67.0442	67.2708	67.5307	67.8508	68.155	68.4702	68.7999	69.1447	69.4955	69.8724	70.2421
144	Sri Lanka	79.0225	78.3788	78.4593	78.6543	78.9272	79.2196	79.5535	79.9333	80.2938	80.6503	81.0593	81.4644	81.8693	82.28	82.6955	83.0921
920	South-Eastern Asia	73.9717	74.8456	75.231	75.6472	76.1421	76.5952	76.9461	77.4313	77.8249	78.1809	78.4473	78.8959	79.2909	79.5707	80.1043	80.5171
96	Brunei Darussalam	75.6116	74.6421	75.4008	75.5202	75.666	75.9057	76.1607	76.426	76.7397	77.0614	77.3581	77.6985	78.0275	78.3716	78.7298	79.0814
116	Cambodia	71.5903	71.0196	70.9573	71.0494	71.1881	71.4054	71.6319	71.8863	72.1898	72.4553	72.8032	73.1312	73.4599	73.7658	74.1166	74.472
360	Indonesia	70.1467	70.5464	70.4386	70.5391	70.6992	70.9129	71.1601	71.4327	71.7427	72.0337	72.3301	72.6738	73.0088	73.3199	73.6551	74.0203
418	Lao People's Democratic Republic	69.4647	68.9735	69.2694	69.6835	70.1252	70.512	70.958	71.4371	71.8579	72.2668	72.6313	73.0293	73.4043	73.8017	74.2265	74.5857
458	Malaysia	77.3349	76.7728	76.8091	76.994	77.2413	77.5562	77.8938	78.2312	78.5818	78.9454	79.3488	79.7369	80.1432	80.5576	80.948	81.3723
104	Myanmar	68.6575	67.8745	67.8536	67.9929	68.1932	68.4215	68.702	69.0084	69.3372	69.6582	70.0063	70.3425	70.7098	71.056	71.4015	71.7994
608	Philippines	72.2714	71.5644	71.3603	71.3353	71.4305	71.5901	71.791	72.0179	72.3053	72.5937	72.9338	73.2833	73.6779	74.0088	74.4094	74.8162
702	Singapore	84.9816	84.7589	84.7883	84.927	85.1334	85.3711	85.6117	85.8921	86.1781	86.4862	86.7929	87.1219	87.4482	87.7831	88.1073	88.4461
764	Thailand	82.8315	82.4248	82.5762	82.8159	83.1066	83.4331	83.7464	84.0797	84.4037	84.7576	85.1195	85.4585	85.8196	86.1833	86.5339	86.9075
626	Timor-Leste	69.0868	68.547	68.7662	69.0892	69.4487	69.8266	70.2459	70.6103	70.9678	71.3171	71.7268	72.0928	72.454	72.864	73.2543	73.6314
704	Viet Nam	78.094	77.1531	77.0526	77.0954	77.2113	77.3963	77.6582	77.9446	78.2346	78.5792	78.9475	79.335	79.7489	80.155	80.5636	80.9834
922	Western Asia	76.6846	77.7852	78.2074	78.7727	79.3165	79.8294	80.3514	80.7693	81.2151	81.5505	81.898	82.2448	82.5834	83.034	83.4664	83.9127
51	Armenia	77.5928	78.1562	78.0087	78.0021	78.1049	78.2494	78.4867	78.7214	78.9796	79.2641	79.5716	79.9207	80.2575	80.5978	80.9507	81.3111
31	Azerbaijan	73.3673	73.8071	73.6148	73.5682	73.6197	73.7443	73.9313	74.1488	74.3695	74.6296	74.8894	75.1481	75.4603	75.7668	76.1134	76.4581
48	Bahrain	79.9321	80.0311	80.0962	80.2861	80.5426	80.8341	81.1491	81.507	81.8769	82.2173	82.5892	82.9397	83.3068	83.7078	84.0726	84.4339
196	Cyprus	82.6506	82.0613	82.1097	82.2627	82.4672	82.7289	83.0262	83.3312	83.6493	83.9409	84.2462	84.5562	84.8693	85.2104	85.5352	85.8769
268	Georgia	76.2839	76.5992	76.4402	76.4268	76.5014	76.6691	76.8866	77.1423	77.403	77.6472	77.9171	78.2383	78.5839	78.9376	79.2673	79.638
368	Iraq	71.6223	71.3123	71.1579	71.195	71.344	71.544	71.7703	72.068	72.3268	72.5968	72.8991	73.2225	73.5242	73.8519	74.1924	74.5194
376	Israel	83.7856	83.3453	83.2784	83.3158	83.428	83.5675	83.7542	83.9396	84.1732	84.4134	84.7034	84.9667	85.2483	85.5327	85.8128	86.1002
400	Jordan	76.3936	76.8893	76.8297	76.9353	77.1407	77.4065	77.6969	78.0078	78.3743	78.7148	79.0522	79.4361	79.8058	80.2172	80.641	81.0421
414	Kuwait	81.0281	81.1427	81.2761	81.5249	81.8265	82.1661	82.5356	82.915	83.2784	83.63	83.9871	84.3451	84.6984	85.0557	85.4326	85.7803
422	Lebanon	77.6325	79.4255	79.2714	79.2588	79.3358	79.5088	79.71	79.9373	80.1715	80.4411	80.729	81.0516	81.3915	81.7325	82.0396	82.4013
512	Oman	76.7796	78.975	79.2588	79.6389	80.0632	80.4788	80.9213	81.3617	81.8103	82.2494	82.6854	83.1215	83.5154	83.9321	84.314	84.6795
634	Qatar	81.2769	81.5091	81.5953	81.8027	82.0871	82.4088	82.7575	83.0885	83.4396	83.7807	84.1262	84.476	84.8294	85.1912	85.5427	85.9085
682	Saudi Arabia	78.0305	77.8177	78.0606	78.3898	78.7818	79.2121	79.6483	80.0769	80.5227	80.9803	81.4146	81.8637	82.3231	82.7601	83.1718	83.6054
275	State of Palestine	75.442	75.8268	75.8931	76.0843	76.2946	76.5886	76.9333	77.2618	77.6075	77.9932	78.3813	78.7849	79.1397	79.5433	79.9461	80.3481
760	Syrian Arab Republic	74.5563	73.801	73.747	73.8271	73.982	74.1892	74.4273	74.677	74.9609	75.2516	75.5601	75.8749	76.1904	76.5372	76.8775	77.2194
792	Türkiye	79.5744	79.8659	80.0605	80.3476	80.6877	81.081	81.4943	81.9134	82.3368	82.7578	83.1665	83.567	83.991	84.392	84.7884	85.1688
784	United Arab Emirates	80.7338	80.823	80.9734	81.2432	81.5793	81.9258	82.2907	82.6695	83.0502	83.4454	83.8316	84.2101	84.5746	84.9241	85.2983	85.6641
887	Yemen	66.5322	67.1229	67.3463	67.709	68.0984	68.5128	68.9074	69.319	69.7178	70.0892	70.5351	70.9378	71.3276	71.7009	72.1073	72.4873
908	Europe	81.2599	82.6074	83.0423	83.5289	84.0169	84.5298	85.0247	85.5043	85.9983	86.4912	87.0499	87.5761	88.1328	88.7315	89.1719	89.6268
923	Eastern Europe	77.4003	79.0379	79.1994	79.4265	79.7132	80.1105	80.4983	80.8748	81.2477	81.651	82.0772	82.548	82.8284	83.3614	83.7534	84.1359
112	Belarus	77.6615	77.8591	77.8598	77.9887	78.2071	78.4596	78.753	79.0641	79.3911	79.758	80.119	80.5063	80.8926	81.2937	81.6813	82.0622
100	Bulgaria	75.6094	77.0882	77.1158	77.2748	77.4885	77.7419	78.0281	78.3665	78.7541	79.0887	79.4352	79.79	80.1655	80.5275	80.9275	81.3162
203	Czechia	80.7618	80.6065	80.511	80.5415	80.648	80.8132	81.0349	81.2758	81.5417	81.8277	82.1652	82.4678	82.8182	83.1912	83.5094	83.8408
348	Hungary	78.0543	78.1839	78.1997	78.346	78.5885	78.8965	79.2218	79.5714	79.9359	80.3379	80.7335	81.1655	81.5852	82.0171	82.4503	82.8933
616	Poland	80.3188	80.2942	80.2591	80.3419	80.5177	80.7279	80.9854	81.2572	81.534	81.852	82.1657	82.4948	82.8132	83.1642	83.4956	83.8436
498	Republic of Moldova	73.0856	73.5004	73.2547	73.1928	73.2208	73.3021	73.4036	73.5925	73.8283	74.0501	74.3075	74.6181	74.8546	75.1416	75.4583	75.7869
642	Romania	77.7525	78.6228	78.5799	78.6537	78.8356	79.0636	79.3512	79.6884	80.0265	80.4212	80.7926	81.1951	81.5888	82.0021	82.4243	82.8486
643	Russian Federation	75.9274	76.9899	76.8356	76.817	76.8616	76.9862	77.1526	77.3723	77.6178	77.8919	78.1591	78.4396	78.7528	79.0472	79.3916	79.7346
703	Slovakia	79.1252	79.6468	79.6862	79.8349	80.0645	80.3488	80.6568	80.988	81.3644	81.7443	82.1039	82.4615	82.8097	83.18	83.5343	83.8961
804	Ukraine	76.1621	77.8786	77.7556	77.7569	77.8605	78.0204	78.2105	78.4125	78.6864	78.967	79.2856	79.5634	79.8816	80.2005	80.5401	80.9125
924	Northern Europe	83.0857	83.4209	83.6401	83.892	84.104	84.3859	84.7359	85.0743	85.3866	85.7391	86.1929	86.5825	87.0645	87.5226	87.8778	88.2561
208	Denmark	82.7417	82.1205	82.0976	82.1922	82.3528	82.5558	82.78	83.0464	83.3465	83.6519	83.9504	84.2551	84.5596	84.8779	85.1983	85.5614
233	Estonia	81.5625	81.2703	81.2704	81.3769	81.5567	81.7912	82.0528	82.3225	82.6414	82.9693	83.3074	83.6289	83.9486	84.2737	84.5952	84.9309
234	Faroe Islands	79.822	78.9032	78.9781	79.1828	79.4812	79.8102	80.1913	80.5749	80.9807	81.4115	81.8478	82.2687	82.7113	83.1357	83.5709	83.9776
246	Finland	83.9621	83.3189	83.3285	83.4414	83.6164	83.8366	84.0905	84.3479	84.6261	84.9361	85.2593	85.5846	85.8929	86.2119	86.5501	86.8759
831	Guernsey	83.4301	82.8905	82.8706	82.9482	83.112	83.3134	83.523	83.7759	84.0525	84.3066	84.5832	84.8424	85.1238	85.3909	85.6958	85.9971
352	Iceland	83.3543	82.6328	82.595	82.6516	82.7868	82.9757	83.1827	83.4145	83.6717	83.9464	84.2289	84.5044	84.8024	85.1232	85.4213	85.7522
372	Ireland	83.3649	82.8213	82.8229	82.949	83.1345	83.3358	83.5905	83.8595	84.1413	84.4449	84.749	85.084	85.4159	85.7323	86.0453	86.3698
833	Isle of Man	81.8426	81.2812	81.2486	81.3407	81.502	81.7329	81.9818	82.2576	82.5428	82.8377	83.1603	83.4908	83.8241	84.1527	84.4796	84.8121
832	Jersey	82.375	81.9477	81.9841	82.1504	82.3864	82.6934	83.012	83.342	83.6844	84.0435	84.4223	84.7816	85.1526	85.5191	85.8928	86.2779
428	Latvia	78.4637	77.9499	77.768	77.7236	77.7581	77.8492	78.0266	78.1909	78.4115	78.6369	78.9012	79.1835	79.5038	79.8026	80.1048	80.4243
440	Lithuania	78.9858	79.0751	78.9962	79.0665	79.1964	79.398	79.6089	79.8965	80.192	80.4902	80.7896	81.1053	81.4433	81.8051	82.1445	82.5108
578	Norway	84.1322	83.481	83.4743	83.5654	83.7098	83.9263	84.1573	84.3926	84.6423	84.9299	85.2113	85.5051	85.8183	86.1465	86.4709	86.8001
752	Sweden	84.0451	83.5147	83.5144	83.6213	83.7841	83.9939	84.2284	84.4716	84.7231	84.9949	85.2747	85.5809	85.9165	86.2247	86.5372	86.8634
826	United Kingdom	82.4638	82.1808	82.1636	82.256	82.4183	82.639	82.8761	83.1556	83.4442	83.7236	84.0112	84.3296	84.6251	84.9498	85.246	85.5711
925	Southern Europe	84.1394	84.919	85.299	85.6951	86.0269	86.5208	86.9781	87.3726	87.7295	88.1315	88.5463	89.0435	89.5056	89.9638	90.4046	90.8388
8	Albania	79.2339	80.5151	80.6661	80.9171	81.2298	81.5663	81.9264	82.3278	82.7159	83.1199	83.496	83.8937	84.2528	84.6106	84.9584	85.3127
20	Andorra	84.1804	84.3636	84.4142	84.5859	84.8001	85.0504	85.328	85.6239	85.9231	86.2374	86.5384	86.8709	87.1953	87.5182	87.8388	88.159
70	Bosnia and Herzegovina	77.2141	77.7714	77.813	77.9874	78.2414	78.529	78.8423	79.1913	79.5578	79.9242	80.3054	80.6819	81.1039	81.4934	81.8793	82.2691
191	Croatia	80.6353	80.2409	80.2577	80.4136	80.6383	80.8854	81.1899	81.5232	81.8578	82.2371	82.6082	82.9641	83.3363	83.6895	84.031	84.36
292	Gibraltar	83.151	83.2372	83.3426	83.5303	83.7617	84.045	84.3733	84.7027	85.0516	85.4238	85.7893	86.1408	86.5265	86.9073	87.3094	87.6725
300	Greece	82.785	82.8253	82.9473	83.1563	83.4089	83.7115	84.0011	84.3128	84.6166	84.9296	85.2758	85.6081	85.9554	86.3044	86.6487	86.9852
380	Italy	84.7185	84.4971	84.5553	84.7158	84.9398	85.1819	85.4529	85.7582	86.0658	86.3838	86.694	87.0247	87.3548	87.7023	88.0395	88.3928
412	Kosovo (under UNSC res. 1244)	79.8245	79.9028	79.8884	79.9888	80.1706	80.419	80.6973	80.9846	81.3181	81.6588	82.0247	82.3761	82.7652	83.1356	83.5141	83.8665
470	Malta	85.0256	84.1266	84.1417	84.2482	84.4126	84.6326	84.8938	85.1538	85.4137	85.7134	86.0253	86.3262	86.6494	86.9646	87.2896	87.629
499	Montenegro	79.1562	78.7815	78.8118	78.9514	79.1801	79.4512	79.7516	80.0752	80.3999	80.7388	81.0555	81.3983	81.7604	82.1325	82.4818	82.8368
807	North Macedonia	76.3593	77.9407	77.9442	78.0637	78.2649	78.5171	78.8016	79.1171	79.446	79.7876	80.1316	80.504	80.8491	81.2178	81.6188	82.0177
620	Portugal	83.7313	83.4166	83.4631	83.6205	83.8097	84.0416	84.3113	84.592	84.9017	85.2409	85.5404	85.8534	86.1955	86.5392	86.9125	87.2693
674	San Marino	83.171	83.1407	83.1161	83.2114	83.3585	83.5496	83.7682	84.0287	84.285	84.5395	84.7874	85.0679	85.3717	85.6975	86.0054	86.3173
688	Serbia	77.1201	78.151	78.1541	78.2966	78.5098	78.7837	79.0896	79.429	79.803	80.1952	80.6246	81.0474	81.4769	81.9115	82.3815	82.8129
705	Slovenia	83.352	83.1272	83.2177	83.4	83.6348	83.9077	84.1846	84.4814	84.8179	85.1434	85.4841	85.8579	86.2182	86.528	86.8687	87.203
724	Spain	85.2473	85.0244	85.0719	85.2023	85.3947	85.6346	85.8896	86.1699	86.4507	86.7473	87.0748	87.38	87.6979	88.0161	88.3355	88.6934
926	Western Europe	84.1977	84.4858	84.7817	85.0867	85.3817	85.7073	86.1219	86.5349	86.9726	87.3994	87.836	88.2699	88.6964	89.1037	89.5354	90.0248
40	Austria	83.5156	83.0788	83.1463	83.308	83.5369	83.7835	84.0572	84.3385	84.6343	84.9527	85.2774	85.6212	85.9532	86.3027	86.6438	86.9911
56	Belgium	83.2352	82.7874	82.7874	82.8955	83.0768	83.2865	83.527	83.8045	84.098	84.3733	84.6648	84.9705	85.2802	85.6096	85.9711	86.32
250	France	84.8636	84.3908	84.3778	84.4755	84.6195	84.8126	85.0183	85.2631	85.5234	85.8062	86.0952	86.3997	86.7217	87.0368	87.3628	87.676
276	Germany	82.9384	82.7089	82.6991	82.7674	82.9334	83.1493	83.366	83.6328	83.8949	84.1821	84.4585	84.7608	85.0621	85.359	85.6832	86.002
438	Liechtenstein	84.9331	84.6211	84.6172	84.7266	84.8904	85.1133	85.3584	85.631	85.9401	86.2497	86.5951	86.9324	87.2752	87.6579	88.0393	88.3959
442	Luxembourg	83.708	83.1548	83.0939	83.1628	83.2844	83.4532	83.6695	83.9042	84.1435	84.3769	84.6589	84.9478	85.2372	85.5699	85.8869	86.2266
492	Monaco	87.6955	87.2624	87.2196	87.2826	87.4185	87.6115	87.8357	88.0612	88.3324	88.6024	88.8788	89.1425	89.4431	89.7644	90.083	90.418
528	Netherlands	82.7958	82.2172	82.1472	82.2129	82.344	82.4893	82.691	82.9347	83.1928	83.4682	83.7491	84.0363	84.3163	84.6065	84.8943	85.2058
756	Switzerland	84.9039	84.3685	84.373	84.4815	84.6418	84.849	85.0731	85.3162	85.6105	85.9079	86.2219	86.5337	86.8459	87.1667	87.5116	87.8579
904	Latin America and the Caribbean	77.0187	78.5272	79.0703	79.6023	80.1399	80.7117	81.3024	81.8104	82.3443	82.7699	83.2112	83.8511	84.4321	84.8779	85.4545	86.0297
915	Caribbean	74.9691	75.4697	75.7652	76.0451	76.421	76.6883	76.9305	77.2088	77.5524	77.8186	78.099	78.4086	78.6178	78.8512	79.1819	79.2336
660	Anguilla	79.9313	79.3302	79.3567	79.498	79.7262	79.9893	80.2981	80.625	80.9877	81.3365	81.705	82.0983	82.4919	82.882	83.2633	83.6519
28	Antigua and Barbuda	80.457	79.905	80.0114	80.2305	80.5006	80.8233	81.1653	81.5276	81.9092	82.2871	82.7099	83.1263	83.4911	83.8647	84.2086	84.569
533	Aruba	77.4052	77.471	77.4708	77.6119	77.8112	78.0787	78.3526	78.6766	79.0314	79.3842	79.7414	80.1062	80.5089	80.901	81.2965	81.6759
44	Bahamas	75.6502	75.3242	75.1559	75.11	75.1592	75.2778	75.4491	75.6254	75.8169	76.0807	76.3326	76.6304	76.9148	77.2275	77.5591	77.9218
52	Barbados	78.3896	77.5927	77.5749	77.7315	77.9105	78.151	78.4518	78.7583	79.0737	79.439	79.8044	80.1446	80.5394	80.9324	81.2874	81.6766
535	Bonaire, Sint Eustatius and Saba	77.748	77.7091	77.7153	77.8614	78.0991	78.3554	78.6563	78.9382	79.287	79.6478	79.9804	80.326	80.6761	81.0401	81.3861	81.7601
92	British Virgin Islands	77.7122	77.2466	77.2292	77.3633	77.5607	77.8396	78.1375	78.4535	78.7668	79.071	79.4425	79.8007	80.163	80.5539	80.9402	81.3076
136	Cayman Islands	76.8322	76.0372	76.0629	76.2249	76.4738	76.7773	77.0938	77.4409	77.8066	78.1512	78.5414	78.9006	79.2977	79.7125	80.1363	80.5278
192	Cuba	78.6407	78.7542	78.843	79.0536	79.3167	79.646	79.9811	80.3461	80.7091	81.1201	81.5106	81.9048	82.3122	82.7117	83.0753	83.4872
531	Curaçao	78.9095	78.2786	78.2256	78.3115	78.4783	78.6991	78.9396	79.237	79.547	79.8482	80.1944	80.5541	80.9117	81.3034	81.7052	82.0722
212	Dominica	75.8948	75.3979	75.3038	75.3465	75.5154	75.7326	76.0071	76.2969	76.6408	76.9668	77.3252	77.6975	78.0901	78.4698	78.9134	79.3553
214	Dominican Republic	75.9976	75.4447	75.4981	75.7065	75.9608	76.2556	76.5574	76.9006	77.2749	77.672	78.061	78.4511	78.856	79.2858	79.7058	80.0993
308	Grenada	77.0042	76.2087	76.179	76.294	76.5128	76.7852	77.066	77.3956	77.7242	78.077	78.4421	78.8009	79.1832	79.5366	79.9407	80.3494
312	Guadeloupe	84.3636	84.742	84.7404	84.8566	85.0315	85.2271	85.4578	85.6968	85.9596	86.215	86.5102	86.8064	87.1368	87.4259	87.7216	88.0518
332	Haiti	65.6364	65.2664	65.1783	65.217	65.3496	65.497	65.7192	65.9355	66.2127	66.4811	66.7611	67.0716	67.3746	67.6388	67.9196	68.2232
388	Jamaica	72.3177	71.9873	71.927	72.0361	72.2165	72.4629	72.753	73.0434	73.3718	73.708	74.0284	74.3869	74.7679	75.1402	75.4841	75.8896
474	Martinique	84.6088	84.4081	84.4137	84.5201	84.6834	84.8779	85.1032	85.3478	85.6165	85.8963	86.188	86.4929	86.8058	87.1225	87.4251	87.7239
500	Montserrat	76.2363	75.4193	75.4387	75.6155	75.857	76.1426	76.468	76.7929	77.1439	77.5406	77.8984	78.2699	78.6395	79.0358	79.4157	79.7728
630	Puerto Rico	82.8898	82.3504	82.4419	82.6527	82.9063	83.1846	83.4976	83.8214	84.1285	84.4509	84.7696	85.1124	85.4345	85.7632	86.0859	86.423
652	Saint Barthélemy	82.7733	82.2306	82.3714	82.6323	82.9241	83.2487	83.5802	83.927	84.2685	84.6214	84.9711	85.3188	85.6732	86.0409	86.401	86.7461
659	Saint Kitts and Nevis	74.2686	73.2601	73.132	73.1838	73.3382	73.5266	73.7322	73.9853	74.2497	74.5435	74.8931	75.2278	75.5638	75.9484	76.304	76.6869
662	Saint Lucia	75.1787	75.3348	75.3106	75.4084	75.6019	75.8408	76.1129	76.4357	76.7577	77.1041	77.4826	77.8699	78.26	78.6336	79.0294	79.4361
663	Saint Martin (French part)	82.7228	82.0353	82.0517	82.1901	82.3812	82.6206	82.8945	83.1809	83.4738	83.7759	84.1045	84.4174	84.7399	85.064	85.3906	85.7066
670	Saint Vincent and the Grenadines	72.4855	74.141	74.3262	74.6437	74.9963	75.3839	75.7697	76.1885	76.5832	77.0089	77.4122	77.8011	78.1999	78.5875	78.9903	79.3863
534	Sint Maarten (Dutch part)	76.9206	77.0435	76.9218	76.9433	77.0088	77.1695	77.3643	77.6057	77.8529	78.142	78.4139	78.7147	79.013	79.3493	79.6948	80.0255
780	Trinidad and Tobago	76.5982	75.9661	75.8818	75.944	76.102	76.3143	76.5763	76.8581	77.137	77.44	77.7697	78.1314	78.4798	78.8526	79.2287	79.6406
796	Turks and Caicos Islands	77.2134	76.8713	76.9225	77.1043	77.3597	77.6476	77.9447	78.2869	78.6465	79.0055	79.384	79.7618	80.1458	80.5457	80.9404	81.3532
850	United States Virgin Islands	80.1343	79.72	79.7181	79.8615	80.081	80.3543	80.6546	80.9828	81.3415	81.7092	82.0813	82.4876	82.8894	83.2602	83.6466	84.0411
916	Central America	75.6947	76.7209	77.0325	77.4224	77.8618	78.222	78.6633	79.0859	79.6513	80.1519	80.6474	81.1785	81.5473	82.1969	82.6164	82.9927
84	Belize	75.0817	75.5663	75.5442	75.6759	75.8807	76.1396	76.4568	76.7906	77.1264	77.5115	77.8922	78.3083	78.7201	79.1538	79.5988	80.0705
188	Costa Rica	80.4372	80.9768	81.2073	81.5374	81.9165	82.2983	82.7087	83.1291	83.5448	83.9237	84.2729	84.6527	85.0176	85.4052	85.7923	86.1629
222	El Salvador	75.0795	75.3474	75.4544	75.6582	75.9454	76.2991	76.6221	76.9731	77.3467	77.6888	78.0295	78.4064	78.7565	79.1302	79.5068	79.8744
320	Guatemala	72.6878	74.1584	74.1743	74.2993	74.5104	74.7705	75.0581	75.3711	75.6635	76.0144	76.3565	76.7114	77.0519	77.3875	77.7994	78.1311
340	Honduras	73.0323	73.4042	73.2762	73.292	73.384	73.5338	73.7284	73.9457	74.188	74.4473	74.7286	75.0403	75.3482	75.6625	75.9935	76.3567
484	Mexico	75.6286	76.2417	76.4031	76.6874	77.0142	77.3763	77.7944	78.1784	78.5783	79.0051	79.4409	79.8594	80.297	80.7297	81.1405	81.558
558	Nicaragua	75.7419	75.4777	75.5343	75.689	75.9198	76.1989	76.4935	76.8408	77.1874	77.541	77.8806	78.2334	78.5751	78.9428	79.3186	79.7045
591	Panama	79.5331	79.6518	79.7107	79.874	80.1506	80.448	80.7615	81.1085	81.4743	81.858	82.2308	82.6138	82.9711	83.3598	83.7354	84.0906
931	South America	77.3355	78.6665	79.084	79.5858	80.0856	80.6221	81.1036	81.6838	82.1903	82.5873	83.0198	83.6279	84.1967	84.698	85.1891	85.7626
32	Argentina	78.888	79.2571	79.2555	79.3735	79.582	79.8485	80.1164	80.4685	80.8049	81.1649	81.5355	81.9369	82.3043	82.6827	83.0529	83.417
68	Bolivia (Plurinational State of)	67.6527	68.8178	68.9581	69.1956	69.5056	69.8349	70.218	70.5787	70.8982	71.2949	71.6834	72.0813	72.4563	72.8402	73.1704	73.5547
76	Brazil	76.5611	77.2511	77.4399	77.727	78.0885	78.4874	78.9046	79.3087	79.7482	80.1734	80.6039	81.052	81.5109	81.9539	82.4062	82.8403
152	Chile	81.4813	81.7822	82.005	82.3291	82.705	83.0951	83.4872	83.8762	84.2646	84.6396	85.0033	85.3581	85.7284	86.1115	86.4778	86.8343
170	Colombia	77.4127	78.3882	78.4831	78.7023	79.0061	79.3195	79.6915	80.0657	80.446	80.8461	81.2345	81.6459	82.0583	82.4728	82.8851	83.2579
218	Ecuador	77.9903	78.6956	78.8158	79.0342	79.3016	79.6232	79.9785	80.329	80.6678	81.0386	81.4062	81.7951	82.168	82.5263	82.916	83.2501
238	Falkland Islands (Malvinas)	80.1715	79.7127	79.9139	80.2025	80.5383	80.8775	81.2298	81.5871	81.9549	82.3274	82.7192	83.0946	83.4571	83.7885	84.1287	84.4689
254	French Guiana	78.7367	78.4574	78.4969	78.6579	78.8992	79.1837	79.4872	79.8356	80.2374	80.6094	80.9807	81.3443	81.7389	82.1549	82.5681	82.9607
328	Guyana	70.049	70.5251	70.3768	70.3846	70.4894	70.6396	70.8293	71.0746	71.3438	71.6195	71.9006	72.2062	72.532	72.8833	73.2072	73.5732
600	Paraguay	74.1498	74.3992	74.157	74.0795	74.0841	74.1836	74.3384	74.5004	74.7182	74.9681	75.2108	75.4901	75.784	76.0724	76.3935	76.7273
604	Peru	75.9804	77.2067	77.353	77.6007	77.9084	78.2519	78.5952	78.9364	79.2663	79.6286	80.0121	80.3712	80.7663	81.1216	81.5385	81.9287
740	Suriname	73.8197	73.6196	73.4028	73.3442	73.3878	73.5064	73.6509	73.8528	74.0412	74.2703	74.5425	74.8312	75.1158	75.4183	75.7483	76.0882
858	Uruguay	80.2516	79.7899	79.7226	79.7596	79.8981	80.0885	80.3416	80.5997	80.9003	81.1994	81.5359	81.8651	82.1948	82.5441	82.9166	83.2533
862	Venezuela (Bolivarian Republic of)	75.002	74.9275	74.9539	75.0995	75.3458	75.6406	75.986	76.3423	76.6778	77.0334	77.42	77.8016	78.1925	78.6004	78.9979	79.404
905	Northern America	81.1614	81.6111	81.6941	81.7537	81.8822	81.909	82.0569	82.2109	82.435	82.7426	82.9999	83.4114	83.8808	84.2442	84.7661	85.0157
60	Bermuda	83.2645	82.9552	82.9431	83.0366	83.2176	83.4178	83.6656	83.9356	84.2321	84.5497	84.8603	85.1908	85.5207	85.8604	86.2242	86.6004
124	Canada	83.7919	83.2857	83.337	83.473	83.6698	83.9087	84.1787	84.4551	84.7364	85.053	85.372	85.6976	86.0201	86.3456	86.6796	87.0239
304	Greenland	74.5917	73.5253	73.3605	73.3434	73.4425	73.608	73.8094	74.0423	74.3001	74.5747	74.8626	75.1459	75.4414	75.7661	76.1149	76.4586
666	Saint Pierre and Miquelon	80.5876	79.7914	79.7138	79.769	79.8755	80.0492	80.2697	80.5073	80.7723	81.0784	81.3686	81.6992	82.024	82.3598	82.6813	83.0213
840	United States of America	80.164	80.2908	80.234	80.3287	80.493	80.6841	80.9142	81.2036	81.5133	81.8311	82.1442	82.4898	82.836	83.2057	83.555	83.8799
909	Oceania	81.0309	80.6379	80.6665	80.7071	80.8274	81.0121	81.1103	81.3492	81.6366	81.7827	82.1458	82.4036	82.7253	83.02	83.3745	83.7835
927	Australia/New Zealand	85.0521	84.7692	84.8542	84.9777	85.0862	85.2631	85.4599	85.6061	85.8351	86.0316	86.3476	86.4729	86.8383	87.167	87.5196	87.9495
36	Australia	84.7264	83.8707	83.8412	83.9174	84.0806	84.274	84.4798	84.715	84.9843	85.2667	85.5552	85.8542	86.1596	86.4559	86.8025	87.1244
554	New Zealand	83.7516	83.1278	83.0968	83.1677	83.3129	83.501	83.7171	83.9588	84.2016	84.4665	84.7557	85.0622	85.3588	85.6306	85.9595	86.2684
928	Melanesia	68.3841	67.4424	67.3848	67.3947	67.7088	67.6941	67.9268	68.3439	68.7478	68.9484	69.1693	69.6097	69.8909	70.256	70.4711	70.7984
242	Fiji	68.4775	67.6046	67.5381	67.6383	67.8049	68.0266	68.3054	68.5702	68.8739	69.2009	69.5289	69.8433	70.1534	70.4808	70.8149	71.1569
540	New Caledonia	83.4362	83.0509	83.0728	83.2071	83.4117	83.6331	83.8948	84.1547	84.4395	84.6979	84.9993	85.3092	85.6302	85.9544	86.2637	86.5894
598	Papua New Guinea	67.476	66.3015	66.0645	65.9598	65.9768	66.058	66.1916	66.3579	66.5533	66.7979	66.997	67.2358	67.464	67.7328	67.9945	68.2484
90	Solomon Islands	70.7704	69.6944	69.5395	69.5636	69.6436	69.8012	69.9765	70.1941	70.4688	70.7076	70.9237	71.167	71.4712	71.7517	72.0243	72.3248
548	Vanuatu	71.5903	70.786	70.9318	71.2013	71.5525	71.9221	72.3319	72.7459	73.1764	73.6037	74.0327	74.4123	74.788	75.228	75.6774	76.059
954	Micronesia	75.0087	75.0791	75.3331	75.7519	76.014	76.251	76.5507	76.9631	77.2542	77.8115	78.2503	78.8327	79.2396	79.7447	80.1085	80.3871
316	Guam	80.7802	80.3306	80.391	80.6021	80.8572	81.1715	81.4862	81.8396	82.2252	82.6033	82.9771	83.3533	83.7231	84.0869	84.4508	84.8216
296	Kiribati	67.8096	66.7537	66.7172	66.8969	67.1129	67.3748	67.6699	67.9989	68.3093	68.6468	68.9758	69.3288	69.6942	70.1122	70.498	70.904
584	Marshall Islands	65.5904	64.127	63.821	63.6879	63.6758	63.7158	63.8585	63.9706	64.0901	64.2507	64.4352	64.6427	64.8632	65.1123	65.34	65.6115
583	Micronesia (Fed. States of)	73.6041	72.9962	72.9481	73.0839	73.2716	73.5104	73.8089	74.1001	74.4387	74.7911	75.1294	75.5048	75.8312	76.2084	76.5723	76.9551
520	Nauru	66.1603	65.0826	64.9382	64.9756	65.0741	65.3128	65.5538	65.8037	66.1143	66.4337	66.7296	67.0437	67.3702	67.7038	68.0642	68.3963
580	Northern Mariana Islands	78.2681	77.3861	77.3028	77.3505	77.5112	77.6975	77.9659	78.2567	78.5554	78.8485	79.1687	79.5228	79.8866	80.2509	80.6355	81.0272
585	Palau	68.2018	66.6753	66.6248	66.7329	66.9198	67.186	67.4932	67.7821	68.088	68.4262	68.8243	69.1999	69.5603	69.9732	70.3671	70.7587
957	Polynesia	78.8503	79.1603	79.7383	80.143	80.5722	80.9695	81.3669	81.7867	82.1431	82.4808	82.8937	83.2527	83.5009	83.8869	84.2389	84.4761
16	American Samoa	74.4214	73.11	72.9848	72.9934	73.1094	73.2838	73.4748	73.7092	73.9967	74.3063	74.5995	74.9397	75.2419	75.5563	75.8879	76.2395
184	Cook Islands	77.8197	76.9812	76.9568	77.0677	77.2628	77.5165	77.7665	78.0779	78.438	78.7904	79.1496	79.4779	79.8197	80.1987	80.5806	80.9648
258	French Polynesia	84.4311	84.424	84.4471	84.5541	84.7291	84.9497	85.1975	85.4425	85.7304	85.9883	86.2625	86.5766	86.8896	87.1803	87.4902	87.7985
570	Niue	71.3992	70.3627	70.3294	70.4289	70.6238	70.8699	71.1409	71.4289	71.7781	72.1229	72.4969	72.8692	73.2128	73.5489	73.9237	74.2887
882	Samoa	74.1157	72.9967	72.9963	73.122	73.3409	73.6155	73.9149	74.2424	74.5638	74.9241	75.3005	75.6799	76.0313	76.4148	76.8327	77.2374
772	Tokelau	74.8276	73.7621	73.5892	73.5626	73.6558	73.7969	73.9652	74.1903	74.4567	74.7205	75.0113	75.2962	75.6321	75.9447	76.3113	76.6352
776	Tonga	72.6459	71.6077	71.4771	71.4959	71.633	71.8023	72.0284	72.2765	72.5048	72.7572	73.1035	73.4253	73.7393	74.056	74.3483	74.6926
798	Tuvalu	67.8466	66.7529	66.7018	66.7972	67.0122	67.2684	67.5437	67.8028	68.086	68.3942	68.6987	69.005	69.3389	69.6441	69.9783	70.2967
876	Wallis and Futuna Islands	79.5544	79.1338	79.1032	79.1935	79.3664	79.5827	79.8326	80.1168	80.4261	80.745	81.0863	81.4329	81.7636	82.1232	82.4704	82.825
