country_code	name	2020-2025	2025-2030	2030-2035	2035-2040	2040-2045	2045-2050	2050-2055	2055-2060	2060-2065	2065-2070	2070-2075	2075-2080	2080-2085	2085-2090	2090-2095	2095-2100
900	World	75.1025	76.8159	77.5808	78.2798	78.9297	79.5207	80.0639	80.5748	81.0616	81.5295	81.9825	82.4156	82.8347	83.254	83.6751	84.0941
1834	Sub-Saharan Africa	62.5879	64.524	65.6378	66.691	67.6908	68.6412	69.5521	70.4251	71.2632	72.064	72.8308	73.5619	74.2675	74.9486	75.6118	76.2655
1833	Northern Africa and Western Asia	75.7041	77.4485	78.2728	79.0523	79.7839	80.4599	81.0886	81.6799	82.2295	82.7551	83.2639	83.7654	84.2755	84.789	85.3024	85.8118
1831	Central and Southern Asia	71.802	74.6984	75.8853	76.964	77.9623	78.8883	79.7445	80.547	81.2816	81.9618	82.6024	83.2053	83.7817	84.354	84.9161	85.474
1832	Eastern and South-Eastern Asia	80.266	81.303	82.0237	82.663	83.2627	83.83	84.3828	84.9199	85.4493	85.9682	86.4823	86.9881	87.4906	88.0062	88.5356	89.0433
1830	Latin America and the Caribbean	77.5709	79.7933	80.6184	81.3879	82.11	82.7958	83.4533	84.0856	84.697	85.2902	85.8752	86.455	87.0264	87.5911	88.1524	88.7134
1835	Oceania (excluding Australia and New Zealand)	70.8954	71.8786	72.6475	73.3412	73.9863	74.5963	75.1945	75.7844	76.3694	76.9609	77.5469	78.1457	78.7397	79.3297	79.9233	80.5137
1836	Australia/New Zealand	85.542	85.9764	86.5685	87.1534	87.7199	88.2907	88.8796	89.4578	90.0397	90.6285	91.198	91.7755	92.3378	92.9164	93.5043	94.0955
1829	Europe and Northern America	81.5174	83.2554	83.9017	84.5216	85.1396	85.7409	86.3223	86.8888	87.4606	88.049	88.6559	89.2733	89.8815	90.4702	91.042	91.6094
901	More developed regions	82.2946	83.8935	84.513	85.1031	85.694	86.2781	86.8569	87.4241	87.9901	88.5638	89.1503	89.7513	90.3492	90.9329	91.5006	92.0619
902	Less developed regions	73.5036	75.3168	76.1923	76.9938	77.7285	78.3864	78.9822	79.5316	80.0451	80.533	81.0016	81.4406	81.8578	82.2745	82.6964	83.118
941	Least developed countries	67.5092	69.2713	70.3176	71.287	72.1966	73.0523	73.8553	74.604	75.3016	75.9468	76.552	77.1236	77.6744	78.2074	78.7308	79.2531
934	Less developed regions, excluding least developed countries	74.6923	76.5509	77.4061	78.1922	78.9173	79.5701	80.167	80.7276	81.2604	81.7794	82.2881	82.7722	83.2332	83.6966	84.1681	84.6401
948	Less developed regions, excluding China	71.2631	73.4637	74.4019	75.271	76.0772	76.8219	77.511	78.1567	78.7554	79.3128	79.8385	80.3336	80.809	81.2756	81.7357	82.1962
1636	Land-locked Developing Countries (LLDC)	67.5537	69.4133	70.3839	71.2921	72.1466	72.9534	73.7178	74.4493	75.1459	75.8036	76.423	77.0096	77.5852	78.1543	78.7227	79.2845
1637	Small Island Developing States (SIDS)	75.4861	76.9992	77.8169	78.5345	79.1631	79.7114	80.2024	80.6603	81.1107	81.5627	82.0096	82.4542	82.8891	83.3282	83.7784	84.2353
1503	High-income countries	83.7685	84.8999	85.5065	86.0908	86.6694	87.2341	87.7936	88.3398	88.883	89.4325	89.986	90.5433	91.1035	91.6673	92.2279	92.7787
1517	Middle-income countries	74.1856	76.1346	77.0103	77.8139	78.5554	79.2253	79.8368	80.4108	80.9543	81.4791	81.9917	82.4804	82.946	83.4109	83.8811	84.3494
1502	Upper-middle-income countries	79.4953	81.0182	81.8202	82.5541	83.2406	83.8828	84.5039	85.0966	85.6667	86.2209	86.7804	87.3301	87.8559	88.377	88.9071	89.4297
1501	Lower-middle-income countries	70.291	72.667	73.6633	74.5906	75.4564	76.2649	77.0224	77.7475	78.4257	79.0621	79.6643	80.2315	80.7727	81.3037	81.8259	82.3444
1500	Low-income countries	65.8589	67.6314	68.6342	69.5543	70.4187	71.238	72.0189	72.766	73.489	74.186	74.8586	75.5039	76.1292	76.7334	77.3214	77.9039
1518	No income group available	76.2952	77.9228	78.7104	79.4588	80.1682	80.8624	81.5395	82.1981	82.8348	83.4634	84.0802	84.6771	85.2696	85.8525	86.4117	86.9704
903	Africa	64.5936	66.4395	67.4916	68.4951	69.445	70.3369	71.1794	71.9781	72.7354	73.4539	74.1412	74.8007	75.4479	76.0816	76.703	77.3156
910	Eastern Africa	66.7478	68.704	69.8131	70.8401	71.8038	72.7227	73.5998	74.4364	75.2325	75.986	76.7084	77.4084	78.0954	78.7679	79.4288	80.0809
108	Burundi	64.2554	66.023	66.9495	67.824	68.6612	69.4804	70.2449	70.9992	71.7334	72.4282	73.1251	73.7969	74.4526	75.1087	75.7267	76.3311
174	Comoros	66.7223	68.3691	69.5059	70.5601	71.5369	72.4642	73.35	74.1805	74.9864	75.7549	76.509	77.2287	77.9402	78.632	79.3124	79.9755
262	Djibouti	65.8703	67.609	68.7369	69.8087	70.8086	71.7625	72.6689	73.5373	74.3659	75.1684	75.9364	76.6826	77.3938	78.1055	78.8116	79.4905
232	Eritrea	69.4367	71.7535	73.044	74.2286	75.2989	76.2825	77.2141	78.096	78.9396	79.7262	80.4856	81.2257	81.9166	82.605	83.2641	83.9066
231	Ethiopia	69.2105	71.2383	72.5022	73.6322	74.6422	75.5909	76.4793	77.3168	78.1155	78.8785	79.5966	80.2901	80.9699	81.634	82.2824	82.914
404	Kenya	65.2905	67.2756	68.3464	69.3451	70.2798	71.1704	72.0222	72.8387	73.6233	74.3798	75.1182	75.8511	76.578	77.2707	77.9502	78.632
450	Madagascar	68.1804	70.4699	71.6812	72.7909	73.8039	74.7315	75.6031	76.4295	77.2024	77.9536	78.6643	79.3578	80.0167	80.6609	81.2937	81.8999
454	Malawi	67.3674	69.8881	70.9082	71.8608	72.7335	73.5465	74.3097	75.0412	75.7587	76.4375	77.1077	77.7626	78.4049	79.0214	79.6398	80.2398
480	Mauritius	77.8931	79.3339	79.9959	80.6389	81.2612	81.8785	82.4924	83.1203	83.7102	84.3099	84.8767	85.4431	86.0237	86.5747	87.1487	87.7089
175	Mayotte	79.871	82.2233	82.9845	83.7074	84.376	85.0364	85.6776	86.309	86.9334	87.5367	88.1415	88.754	89.3502	89.9436	90.5329	91.1288
508	Mozambique	64.0037	66.3538	67.658	68.8509	69.9399	70.9703	71.9321	72.8194	73.6821	74.4864	75.2651	76.0194	76.741	77.4461	78.1314	78.7991
638	Réunion	85.3626	86.0793	86.6652	87.2475	87.8373	88.4062	88.9587	89.4922	90.0477	90.6098	91.1814	91.7254	92.2985	92.8651	93.4157	93.954
646	Rwanda	69.1784	70.4811	71.5452	72.5319	73.4552	74.3187	75.1431	75.9309	76.6861	77.4161	78.117	78.8101	79.5012	80.1522	80.7946	81.4302
690	Seychelles	77.4199	80.1238	81.0032	81.78	82.5443	83.2798	83.953	84.5902	85.2627	85.8752	86.4887	87.1245	87.7351	88.3495	88.9389	89.5214
706	Somalia	58.6869	60.9735	62.0883	63.1611	64.2185	65.2399	66.2262	67.1799	68.0996	68.9801	69.8261	70.6543	71.466	72.2719	73.0446	73.7915
728	South Sudan	57.4669	59.3843	60.6036	61.7812	62.926	64.0256	65.0738	66.1036	67.1075	68.0718	68.9849	69.8518	70.6738	71.4722	72.2614	73.056
800	Uganda	65.6042	66.8893	67.912	68.8566	69.7597	70.6129	71.4308	72.2223	72.9895	73.7201	74.4374	75.1207	75.7983	76.4658	77.1076	77.7597
834	United Republic of Tanzania	69.2615	71.1639	72.2816	73.3365	74.3231	75.2489	76.1302	76.9613	77.7494	78.5125	79.2504	79.9572	80.6517	81.3351	82.0197	82.6838
894	Zambia	65.1659	67.0281	67.9104	68.7487	69.5539	70.3281	71.0801	71.8132	72.5305	73.2425	73.933	74.604	75.2499	75.9055	76.5534	77.1881
716	Zimbabwe	63.3752	65.0588	65.8719	66.6681	67.44	68.1792	68.909	69.6212	70.3105	70.9966	71.6901	72.3556	73.0224	73.6763	74.3228	74.9591
911	Middle Africa	62.1839	63.7259	64.6617	65.5548	66.4096	67.2251	68.0116	68.7647	69.5038	70.2299	70.9341	71.6143	72.2871	72.9475	73.585	74.2203
24	Angola	65.1652	66.6325	67.5896	68.4805	69.3243	70.1306	70.9014	71.6282	72.3378	73.0214	73.7127	74.3699	75.0044	75.6253	76.2237	76.8379
120	Cameroon	62.9892	64.7263	65.6638	66.5376	67.3608	68.1335	68.8765	69.5941	70.2788	70.9585	71.6135	72.2694	72.9016	73.5375	74.1618	74.7649
140	Central African Republic	57.1948	58.9539	60.0263	61.0325	62.0259	62.9532	63.8482	64.6911	65.5035	66.284	67.0392	67.7641	68.4742	69.1448	69.7922	70.4622
148	Chad	54.9723	56.4526	57.3706	58.267	59.137	59.989	60.8219	61.6272	62.4032	63.1741	63.9199	64.6326	65.3348	65.9999	66.6677	67.3052
178	Congo	65.0397	65.7395	66.5906	67.3901	68.1581	68.8964	69.634	70.3407	71.0296	71.7015	72.3727	73.0443	73.6956	74.3188	74.9658	75.588
180	Democratic Republic of the Congo	62.2945	63.9043	64.8683	65.7863	66.6584	67.4827	68.2721	69.0248	69.7681	70.4981	71.1929	71.8612	72.5308	73.1941	73.8278	74.466
226	Equatorial Guinea	63.5414	65.1266	66.0354	66.911	67.7457	68.5368	69.3051	70.0554	70.7801	71.4701	72.1598	72.8361	73.494	74.1451	74.7722	75.3954
266	Gabon	68.9302	70.2187	70.9806	71.7036	72.3885	73.0666	73.7169	74.3486	74.964	75.5758	76.1781	76.7856	77.3689	77.9679	78.5615	79.1237
678	Sao Tome and Principe	71.5419	72.5233	73.0672	73.6218	74.175	74.7264	75.2752	75.8492	76.4116	76.9755	77.532	78.0946	78.657	79.2255	79.7924	80.3345
912	Northern Africa	74.0551	75.662	76.5195	77.3353	78.1065	78.8151	79.4714	80.0967	80.6846	81.2537	81.8091	82.351	82.9025	83.448	83.9801	84.4972
12	Algeria	78.0525	79.6079	80.5761	81.4745	82.3053	83.0871	83.8203	84.5119	85.1731	85.8246	86.4502	87.0736	87.7032	88.332	88.9506	89.5498
818	Egypt	73.3404	75.3117	76.1918	77.0089	77.7912	78.536	79.2519	79.956	80.6274	81.2955	81.948	82.5807	83.218	83.8446	84.4241	84.9958
434	Libya	75.6157	77.3463	78.1996	78.9993	79.7522	80.4672	81.15	81.8093	82.4582	83.0984	83.7256	84.3266	84.9119	85.4864	86.0622	86.6351
504	Morocco	77.0854	78.3939	79.4161	80.3528	81.2291	82.0516	82.842	83.5894	84.3008	84.9773	85.6404	86.2854	86.9204	87.5392	88.1712	88.7868
729	Sudan	68.4765	69.5058	70.137	70.7703	71.4161	72.0629	72.7063	73.3567	74.0037	74.6369	75.2707	75.9032	76.5368	77.1563	77.7947	78.4195
788	Tunisia	78.8883	81.016	81.8896	82.706	83.4799	84.1875	84.8689	85.5327	86.179	86.8129	87.4394	88.0495	88.6609	89.2694	89.8709	90.4703
732	Western Sahara	73.1796	74.3383	75.3612	76.2926	77.1427	77.9538	78.7013	79.4235	80.1079	80.7872	81.4263	82.0491	82.671	83.2764	83.8611	84.4199
913	Southern Africa	65.9567	69.7694	70.5283	71.2577	71.9664	72.6518	73.3205	73.9756	74.6364	75.2815	75.9237	76.5463	77.1563	77.771	78.3785	78.9795
72	Botswana	67.4249	69.2834	70.0608	70.8057	71.5218	72.2147	72.9032	73.5741	74.2113	74.8511	75.4862	76.1108	76.7207	77.3241	77.9149	78.5067
748	Eswatini	62.5232	66.1296	67.121	68.0662	68.96	69.8084	70.6198	71.4173	72.1924	72.927	73.6513	74.3775	75.0745	75.7578	76.4371	77.0931
426	Lesotho	57.0269	58.5914	59.5108	60.4187	61.2808	62.1273	62.9629	63.7899	64.5865	65.3511	66.0904	66.8352	67.5511	68.2715	68.9748	69.6266
516	Namibia	64.2421	68.2727	69.1769	70.026	70.8346	71.6227	72.3833	73.1154	73.8226	74.5184	75.2017	75.8763	76.5291	77.1772	77.842	78.4831
710	South Africa	66.4274	70.3996	71.1355	71.8464	72.5431	73.217	73.8767	74.5245	75.1818	75.8174	76.4507	77.0674	77.6743	78.2847	78.8838	79.4786
914	Western Africa	58.286	59.9714	61.2124	62.412	63.562	64.6505	65.6896	66.6802	67.6234	68.52	69.3816	70.2069	70.996	71.7507	72.4855	73.2045
204	Benin	61.9682	63.5816	64.5694	65.4842	66.3529	67.1894	67.9723	68.7291	69.4531	70.1427	70.8263	71.5052	72.1631	72.8207	73.4681	74.0914
854	Burkina Faso	61.9282	63.6768	64.7082	65.6913	66.6079	67.4665	68.285	69.064	69.818	70.5423	71.254	71.9439	72.6045	73.2671	73.9131	74.5335
132	Cabo Verde	79.7032	81.6619	82.506	83.2966	84.0383	84.7126	85.3957	86.0481	86.6892	87.3065	87.9242	88.519	89.1108	89.6993	90.3059	90.8993
384	Côte d'Ivoire	60.8011	62.3695	63.3537	64.2725	65.1466	65.9745	66.7775	67.5324	68.2577	68.9568	69.6421	70.3261	70.9759	71.6164	72.2568	72.8744
270	Gambia	64.8935	67.2044	68.2589	69.2099	70.0993	70.9251	71.7224	72.4782	73.1942	73.9064	74.587	75.2422	75.9075	76.5406	77.1489	77.7504
288	Ghana	66.6806	68.4812	69.3761	70.2333	71.0582	71.8553	72.6256	73.3722	74.088	74.7884	75.4816	76.1607	76.8289	77.4754	78.1264	78.759
324	Guinea	60.7246	62.6102	63.636	64.6205	65.5527	66.4427	67.2974	68.1055	68.8785	69.6239	70.3454	71.0488	71.7477	72.4366	73.1081	73.7526
624	Guinea-Bissau	62.5685	64.6995	65.7088	66.6789	67.577	68.4435	69.2742	70.0494	70.8013	71.5359	72.2614	72.9629	73.6248	74.2876	74.9275	75.5663
430	Liberia	62.7931	64.3796	65.5679	66.6699	67.6851	68.651	69.5483	70.4207	71.2681	72.0654	72.8582	73.6031	74.3278	75.0495	75.7372	76.4155
466	Mali	60.9545	62.8924	64.0188	65.0588	66.0322	66.9372	67.7556	68.5311	69.2738	69.9845	70.6691	71.3608	72.0208	72.6602	73.296	73.9191
478	Mauritania	67.0649	69.6484	70.7296	71.7392	72.6848	73.5677	74.4103	75.2092	75.9877	76.7306	77.4428	78.144	78.824	79.5014	80.1704	80.82
562	Niger	63.6958	66.2894	67.5975	68.7941	69.8872	70.901	71.8608	72.7519	73.6073	74.4003	75.1654	75.892	76.5906	77.2566	77.9117	78.5376
566	Nigeria	53.8354	55.2933	56.5591	57.7894	58.9788	60.1034	61.1824	62.2205	63.2195	64.1699	65.0894	65.9717	66.819	67.6192	68.3939	69.1606
654	Saint Helena	80.756	81.4223	82.0469	82.6212	83.137	83.7567	84.4449	84.8757	85.4169	85.9372	86.4984	87.1879	87.4577	88.3246	88.6711	89.5273
686	Senegal	70.9	73.7165	75.1468	76.4318	77.5781	78.6243	79.5828	80.4737	81.3139	82.1172	82.8854	83.6213	84.3014	84.9748	85.6212	86.2502
694	Sierra Leone	61.8329	63.3548	64.3768	65.3318	66.2437	67.0968	67.9091	68.682	69.4359	70.1564	70.8527	71.531	72.2099	72.8679	73.5146	74.1476
768	Togo	62.3425	63.5469	64.7445	65.8723	66.9405	67.964	68.9404	69.8712	70.7706	71.6402	72.4735	73.2826	74.0598	74.8125	75.5412	76.264
935	Asia	76.5885	78.4579	79.37	80.1825	80.9287	81.6082	82.2376	82.8291	83.3879	83.9254	84.4485	84.9541	85.4495	85.9593	86.4809	86.9968
5500	Central Asia	73.7822	75.3703	76.0395	76.6896	77.3304	77.973	78.6059	79.2313	79.8557	80.4745	81.0861	81.692	82.3147	82.9236	83.5236	84.1015
398	Kazakhstan	74.0114	76.3671	76.9976	77.6261	78.2383	78.8515	79.4583	80.0683	80.6762	81.2695	81.8729	82.4649	83.0859	83.6776	84.2462	84.7988
417	Kyrgyzstan	75.0057	76.6153	77.3122	77.9795	78.643	79.3007	79.9601	80.6033	81.2368	81.862	82.4705	83.0716	83.6732	84.2684	84.8488	85.4147
762	Tajikistan	73.0301	74.454	75.2428	75.992	76.73	77.4466	78.1566	78.8404	79.5114	80.1677	80.8059	81.4441	82.0677	82.69	83.3092	83.8983
795	Turkmenistan	72.844	73.7376	74.4584	75.1489	75.8276	76.5035	77.1716	77.8226	78.4716	79.1019	79.7363	80.3626	80.9825	81.59	82.1873	82.7819
860	Uzbekistan	73.9568	75.0502	75.713	76.3628	76.9909	77.6293	78.2575	78.8799	79.5001	80.1185	80.7206	81.3146	81.9333	82.5365	83.1357	83.7092
906	Eastern Asia	82.4414	83.185	83.8922	84.5385	85.1666	85.7893	86.4273	87.064	87.6947	88.3057	88.9154	89.5249	90.1308	90.7369	91.346	91.9323
156	China	81.4333	82.272	83.0778	83.8254	84.5334	85.2127	85.8831	86.5414	87.1918	87.8221	88.4542	89.0791	89.6873	90.2899	90.9042	91.5042
344	China, Hong Kong SAR	88.2402	89.2477	89.8916	90.5293	91.1414	91.7288	92.3212	92.9014	93.4946	94.0991	94.6777	95.2558	95.8261	96.4299	97.032	97.6364
446	China, Macao SAR	88.0812	88.7247	89.4018	90.0488	90.6675	91.2639	91.8407	92.4363	93.0286	93.6325	94.2374	94.8293	95.4102	95.9716	96.5581	97.1443
158	China, Taiwan Province of China	84.6358	85.3173	85.9935	86.65	87.2925	87.9151	88.5349	89.1547	89.768	90.3699	90.9684	91.5549	92.1492	92.756	93.3504	93.9299
408	Dem. People's Republic of Korea	76.101	76.9256	77.647	78.3582	79.0395	79.6996	80.3516	81.0053	81.6576	82.3012	82.9365	83.5509	84.1513	84.743	85.3234	85.91
392	Japan	87.8961	88.5135	89.1517	89.7628	90.3813	90.9909	91.6197	92.22	92.7943	93.3622	93.9371	94.5351	95.1323	95.7192	96.2912	96.8613
496	Mongolia	77.1864	78.6142	79.6493	80.6134	81.5006	82.3349	83.1255	83.8701	84.5755	85.2614	85.9194	86.5629	87.2065	87.8413	88.4718	89.0991
410	Republic of Korea	87.1132	87.8253	88.4436	89.0573	89.6719	90.2622	90.8446	91.416	91.9849	92.5653	93.1389	93.7237	94.2917	94.8709	95.421	95.9807
5501	Southern Asia	71.7127	74.665	75.8734	76.9685	77.9792	78.9151	79.7796	80.5889	81.3276	82.01	82.651	83.253	83.8277	84.4003	84.9646	85.5266
4	Afghanistan	66.5793	69.0964	70.3076	71.3752	72.3332	73.2218	74.0451	74.8229	75.56	76.2796	76.9664	77.6156	78.2555	78.8877	79.5089	80.1145
50	Bangladesh	75.5292	77.4953	78.7192	79.8185	80.8164	81.7367	82.59	83.3938	84.1512	84.8571	85.5423	86.2072	86.8582	87.4853	88.1094	88.7223
64	Bhutan	74.1843	75.5892	76.8129	77.8959	78.8921	79.8072	80.6653	81.4631	82.2621	82.9813	83.6725	84.3282	84.9514	85.5917	86.2416	86.8514
356	India	71.4456	74.8543	76.15	77.3089	78.3693	79.3493	80.2605	81.1211	81.923	82.687	83.4159	84.1046	84.7583	85.404	86.0418	86.6712
364	Iran (Islamic Republic of)	78.426	80.6822	81.5566	82.3789	83.1557	83.8899	84.5851	85.2563	85.9065	86.5318	87.1456	87.7514	88.357	88.9733	89.5956	90.1949
462	Maldives	81.7777	82.9755	83.8799	84.6827	85.4555	86.1555	86.8306	87.4904	88.1101	88.7105	89.2741	89.853	90.4124	90.9774	91.5578	92.1339
524	Nepal	71.9605	73.9277	75.2503	76.4277	77.4959	78.4833	79.3829	80.2354	81.0336	81.7991	82.5349	83.2375	83.9007	84.5405	85.1659	85.797
586	Pakistan	69.2593	70.4239	71.1835	71.9358	72.6696	73.3907	74.0909	74.7944	75.4924	76.1651	76.8343	77.4897	78.1413	78.8056	79.4456	80.099
144	Sri Lanka	80.2371	81.0991	81.8411	82.5609	83.256	83.9168	84.5572	85.1783	85.7914	86.398	87.0055	87.5935	88.1825	88.772	89.3511	89.9121
920	South-Eastern Asia	74.818	76.6724	77.4992	78.2616	78.9502	79.5793	80.1768	80.7609	81.3313	81.8919	82.4469	82.9984	83.5496	84.1023	84.6598	85.2123
96	Brunei Darussalam	76.958	77.6843	79.167	79.8384	80.4664	81.0961	81.7204	82.3118	82.9094	83.4831	84.0434	84.5902	85.1737	85.729	86.2753	86.8071
116	Cambodia	73.1439	74.6402	75.5697	76.409	77.2187	77.9671	78.6915	79.3882	80.0607	80.7139	81.3578	81.9719	82.5801	83.1898	83.7721	84.3325
360	Indonesia	71.557	73.9967	74.7869	75.548	76.2686	76.9643	77.6411	78.3138	78.9746	79.6217	80.2634	80.8927	81.5228	82.1426	82.7647	83.3628
418	Lao People's Democratic Republic	71.0698	72.6444	73.9054	75.0251	76.0278	76.9443	77.784	78.5681	79.3092	80.0199	80.6875	81.3452	81.9873	82.613	83.2275	83.8099
458	Malaysia	78.6249	79.6811	80.4339	81.162	81.8622	82.5416	83.2061	83.8556	84.4726	85.0778	85.6705	86.2638	86.8533	87.4366	88.0122	88.5991
104	Myanmar	70.2542	71.5724	72.5522	73.4691	74.3262	75.1416	75.9216	76.6813	77.4078	78.1242	78.8035	79.4852	80.1575	80.8077	81.4474	82.0798
608	Philippines	73.6868	74.9614	75.6621	76.3427	77.0261	77.6952	78.3628	79.0271	79.6824	80.3318	80.9706	81.6112	82.249	82.8982	83.5277	84.1448
702	Singapore	85.9933	87.039	87.6632	88.2709	88.8669	89.4426	90.0183	90.6058	91.1866	91.7792	92.3632	92.948	93.5213	94.0994	94.6758	95.256
764	Thailand	83.8844	84.7586	85.4784	86.1741	86.8506	87.5049	88.1492	88.7738	89.3994	90.0062	90.6262	91.233	91.8314	92.427	93.013	93.5922
626	Timor-Leste	70.6523	72.1708	73.3504	74.4103	75.3888	76.2777	77.1086	77.8869	78.6236	79.3244	80.0049	80.6629	81.2854	81.9049	82.5082	83.1083
704	Viet Nam	79.3273	80.0279	80.6944	81.3403	81.9775	82.607	83.2409	83.8688	84.4735	85.0728	85.6725	86.2792	86.8819	87.4877	88.0984	88.7039
922	Western Asia	77.2713	79.1325	79.9194	80.6632	81.3539	81.9969	82.5977	83.1566	83.6751	84.1687	84.6422	85.1158	85.5993	86.1013	86.6215	87.1504
51	Armenia	78.7207	80.9126	81.5504	82.1596	82.7573	83.3517	83.9318	84.5181	85.1055	85.6745	86.2384	86.7907	87.3577	87.9212	88.5197	89.0983
31	Azerbaijan	74.6454	77.0295	77.7065	78.361	78.9967	79.6319	80.2649	80.9048	81.5292	82.1423	82.7343	83.3335	83.9309	84.5155	85.0953	85.6573
48	Bahrain	81.1215	82.6474	83.3533	84.0204	84.6498	85.2567	85.8615	86.4669	87.0696	87.6441	88.2204	88.8039	89.3837	89.9794	90.5681	91.143
196	Cyprus	83.6629	84.3863	85.0115	85.6339	86.2452	86.8624	87.4635	88.0573	88.6412	89.2192	89.8027	90.3746	90.9446	91.5307	92.1081	92.7025
268	Georgia	77.4379	79.4978	80.1409	80.7653	81.3855	81.994	82.6086	83.2221	83.8102	84.3826	84.9439	85.5194	86.0951	86.6689	87.2584	87.8362
368	Iraq	73.1064	74.7022	75.4106	76.0999	76.7714	77.4208	78.0584	78.692	79.3169	79.9358	80.5345	81.1398	81.7429	82.3323	82.9128	83.4806
376	Israel	84.7741	85.6056	86.1646	86.7142	87.2631	87.8158	88.3676	88.93	89.4919	90.043	90.5979	91.1658	91.7321	92.3081	92.8827	93.448
400	Jordan	77.6662	79.8072	80.5268	81.2256	81.901	82.5558	83.2	83.8248	84.4339	85.0357	85.6285	86.2103	86.7928	87.3797	87.9572	88.5487
414	Kuwait	82.2483	83.7142	84.4475	85.1381	85.8058	86.444	87.0533	87.6507	88.2279	88.8059	89.3999	90.0021	90.6198	91.2419	91.8568	92.4314
422	Lebanon	78.5945	82.0645	82.661	83.2446	83.8186	84.3777	84.9287	85.4782	86.0405	86.6074	87.1728	87.7416	88.3304	88.9174	89.4991	90.0592
512	Oman	77.7286	81.6551	82.5335	83.3569	84.1223	84.8443	85.5432	86.2233	86.8669	87.4883	88.0872	88.6766	89.2757	89.8869	90.494	91.0882
634	Qatar	82.4571	84.0028	84.7043	85.3813	86.0486	86.6935	87.3184	87.9259	88.5152	89.0916	89.6592	90.2329	90.8485	91.4858	92.1375	92.7863
682	Saudi Arabia	79.3372	80.6309	81.5419	82.394	83.1876	83.9389	84.6343	85.2968	85.9296	86.5616	87.1809	87.7988	88.4199	89.0327	89.6385	90.2384
275	State of Palestine	76.7756	78.847	79.661	80.4386	81.1914	81.9077	82.6008	83.2803	83.9222	84.545	85.1618	85.7567	86.3526	86.9394	87.5278	88.113
760	Syrian Arab Republic	76.0034	76.9653	77.6992	78.4082	79.0955	79.7473	80.3896	81.0096	81.6282	82.2342	82.8418	83.4193	83.9745	84.5065	85.0322	85.5786
792	Türkiye	80.688	82.4488	83.2594	84.0191	84.7386	85.4309	86.1057	86.7638	87.4019	88.0318	88.6534	89.2681	89.8761	90.484	91.0841	91.6744
784	United Arab Emirates	81.8255	83.3111	84.0925	84.8309	85.5309	86.2033	86.8607	87.4889	88.0953	88.6726	89.2343	89.8016	90.3821	91.0031	91.6342	92.2621
887	Yemen	68.0877	70.64	71.7038	72.6757	73.5817	74.433	75.2341	75.9991	76.7284	77.4397	78.1243	78.7997	79.4553	80.1066	80.7482	81.3818
908	Europe	81.5938	83.4335	84.0801	84.7053	85.3359	85.9556	86.5501	87.124	87.697	88.2869	88.9008	89.5308	90.1488	90.7405	91.3106	91.877
923	Eastern Europe	77.9621	80.605	81.2522	81.8675	82.4798	83.0842	83.69	84.2873	84.8662	85.43	85.9854	86.5472	87.1101	87.6749	88.2336	88.7993
112	Belarus	78.7832	80.594	81.3136	81.9939	82.6538	83.2997	83.9325	84.5515	85.1449	85.7321	86.3053	86.8869	87.4706	88.0652	88.658	89.235
100	Bulgaria	76.6434	79.8543	80.5721	81.2573	81.9393	82.5983	83.2449	83.8707	84.4656	85.0495	85.6216	86.1916	86.7686	87.352	87.9289	88.4972
203	Czechia	81.8021	83.0979	83.6724	84.2345	84.7999	85.3843	85.969	86.5457	87.1095	87.6749	88.2457	88.8245	89.4159	90.0131	90.6109	91.1928
348	Hungary	79.1748	80.8671	81.5687	82.2558	82.9308	83.5932	84.2328	84.851	85.4464	86.0547	86.664	87.2745	87.8796	88.4807	89.0903	89.7069
616	Poland	81.3718	82.811	83.4498	84.0501	84.6298	85.1985	85.7959	86.3803	86.9559	87.5134	88.0652	88.6147	89.1824	89.7515	90.3215	90.9015
498	Republic of Moldova	74.407	76.6789	77.3176	77.9386	78.5641	79.1878	79.7983	80.3957	81.0011	81.6035	82.1917	82.7903	83.3843	83.951	84.5265	85.0864
642	Romania	78.816	81.2885	81.9522	82.609	83.253	83.8886	84.5062	85.1282	85.7242	86.3349	86.9461	87.5466	88.1517	88.7671	89.3829	89.9979
643	Russian Federation	77.0269	79.8283	80.4696	81.0771	81.6832	82.282	82.8826	83.4754	84.0493	84.6058	85.1498	85.7016	86.2641	86.834	87.393	87.9519
703	Slovakia	80.1664	82.211	82.904	83.567	84.1989	84.8157	85.4344	86.0356	86.6326	87.2109	87.7855	88.3558	88.9321	89.5081	90.0916	90.6782
804	Ukraine	77.0348	80.6459	81.2797	81.891	82.5023	83.0982	83.6931	84.2771	84.8568	85.4239	85.977	86.5471	87.1148	87.6954	88.2693	88.8252
924	Northern Europe	83.5735	84.553	85.1671	85.7607	86.3631	86.9577	87.5553	88.1388	88.7283	89.3172	89.9081	90.4965	91.0719	91.6502	92.2324	92.807
208	Denmark	83.7505	84.4323	85.0148	85.587	86.1735	86.7613	87.3402	87.911	88.4796	89.066	89.6455	90.2315	90.8156	91.3729	91.9442	92.5179
233	Estonia	82.5498	83.6393	84.2554	84.8561	85.4516	86.0379	86.6287	87.2341	87.8314	88.4239	88.9891	89.56	90.1338	90.7269	91.3052	91.888
234	Faroe Islands	80.9087	81.4759	82.2999	83.0152	83.7385	84.3887	85.0435	85.7282	86.3551	87.0308	87.6603	88.2724	88.8982	89.5049	90.1799	90.7694
246	Finland	84.9132	85.5452	86.1476	86.7373	87.3152	87.9111	88.5043	89.0797	89.6813	90.2766	90.8644	91.4295	92.0081	92.5852	93.1716	93.7519
831	Guernsey	84.3585	85.0925	85.6405	86.1954	86.7941	87.3915	87.9153	88.4879	89.0271	89.5882	90.1718	90.7248	91.2539	91.8088	92.4069	92.984
352	Iceland	84.3426	84.9094	85.4994	86.0666	86.6401	87.2062	87.7854	88.3492	88.9247	89.5127	90.081	90.6466	91.2078	91.787	92.3487	92.9379
372	Ireland	84.3536	85.0946	85.7107	86.3011	86.8942	87.4778	88.0584	88.6436	89.2196	89.7911	90.3522	90.9361	91.5196	92.117	92.6937	93.266
833	Isle of Man	82.8792	83.6316	84.2345	84.8595	85.4493	86.0027	86.5799	87.1897	87.7457	88.3268	88.8813	89.4836	90.0843	90.6716	91.211	91.784
832	Jersey	83.3657	84.2182	84.9136	85.5273	86.1482	86.7812	87.4265	88.0248	88.6286	89.2379	89.8909	90.4805	91.0577	91.6704	92.3105	92.9217
428	Latvia	79.5443	80.6661	81.2624	81.8502	82.4291	83.0105	83.5695	84.1225	84.6721	85.2234	85.7654	86.3198	86.8678	87.4388	88.0136	88.5586
440	Lithuania	80.0055	81.6668	82.3014	82.9299	83.5441	84.1263	84.712	85.3006	85.8779	86.4581	87.0131	87.5745	88.1406	88.7178	89.3086	89.8827
578	Norway	85.102	85.6932	86.2913	86.863	87.4484	88.0291	88.6049	89.1716	89.7331	90.3097	90.8938	91.485	92.0439	92.6185	93.1956	93.7599
752	Sweden	85.0056	85.7409	86.3267	86.907	87.4836	88.0774	88.6556	89.2436	89.8227	90.3927	90.9742	91.5626	92.1151	92.7009	93.2817	93.8633
826	United Kingdom	83.4501	84.4795	85.077	85.6587	86.256	86.8363	87.4211	87.9871	88.5667	89.1478	89.7311	90.3054	90.8718	91.4442	92.0272	92.6017
925	Southern Europe	84.5395	85.8567	86.5287	87.1921	87.8487	88.4919	89.1016	89.6771	90.2437	90.8042	91.3845	91.9884	92.601	93.2084	93.8179	94.4017
8	Albania	80.2789	83.0295	83.7692	84.4721	85.1428	85.7912	86.4328	87.0685	87.6988	88.32	88.9211	89.5168	90.0875	90.6735	91.2485	91.8266
20	Andorra	85.132	86.5659	87.1862	87.8224	88.4099	89.0004	89.5912	90.1538	90.6825	91.2519	91.8042	92.3982	92.9392	93.5054	94.0855	94.6379
70	Bosnia and Herzegovina	78.3196	80.5055	81.2496	81.9636	82.6389	83.3031	83.9504	84.5776	85.1856	85.781	86.3731	86.9622	87.5511	88.1391	88.7214	89.2989
191	Croatia	81.6718	82.713	83.4038	84.0492	84.6646	85.2811	85.8955	86.5096	87.1018	87.6969	88.286	88.8675	89.4445	90.0281	90.6143	91.1825
292	Gibraltar	83.9805	85.3889	86.0192	86.7497	87.4051	87.9671	88.5411	89.1754	89.9015	90.5205	91.1109	91.7051	92.3269	92.9117	93.5694	94.1706
300	Greece	83.7811	85.0389	85.7074	86.3675	87.0031	87.6352	88.2407	88.837	89.4285	90.0153	90.5962	91.1854	91.7757	92.3635	92.9375	93.4955
380	Italy	85.6489	86.6862	87.3298	87.9576	88.5869	89.2045	89.8104	90.3939	90.9773	91.5549	92.1529	92.7518	93.3358	93.917	94.5119	95.0824
412	Kosovo (under UNSC res. 1244)	80.8864	82.4814	83.1437	83.7828	84.4067	85.0256	85.616	86.2035	86.7893	87.3876	87.974	88.5554	89.1353	89.7265	90.3015	90.8717
470	Malta	85.9742	86.3447	86.9637	87.5553	88.1427	88.7317	89.3271	89.918	90.5246	91.1052	91.6689	92.2241	92.78	93.3639	93.938	94.536
499	Montenegro	80.2725	81.4105	82.113	82.7898	83.4592	84.0894	84.6934	85.2868	85.8912	86.4863	87.0569	87.6287	88.2112	88.7763	89.3313	89.8822
807	North Macedonia	77.4086	80.7087	81.4034	82.0862	82.7526	83.4057	84.04	84.6529	85.2537	85.8327	86.4199	87.0103	87.5702	88.1507	88.7284	89.2949
620	Portugal	84.6711	85.6231	86.2595	86.8939	87.5081	88.1179	88.7211	89.324	89.9127	90.501	91.0908	91.6971	92.3067	92.8983	93.485	94.0675
674	San Marino	83.9735	85.3217	85.975	86.5244	87.1147	87.6659	88.1834	88.7181	89.3686	89.9176	90.4937	91.0823	91.6303	92.163	92.7481	93.3042
688	Serbia	78.1403	80.8444	81.5495	82.2313	82.913	83.5927	84.2369	84.8664	85.4877	86.107	86.7223	87.3408	87.9623	88.5788	89.2018	89.8283
705	Slovenia	84.22	85.3128	85.9904	86.6338	87.2607	87.876	88.4983	89.1254	89.7419	90.335	90.9263	91.5168	92.0943	92.6978	93.2941	93.8772
724	Spain	86.1827	87.2276	87.8646	88.4934	89.1058	89.7188	90.3094	90.8829	91.4679	92.0325	92.599	93.1822	93.7842	94.3727	94.9683	95.5453
926	Western Europe	84.5956	85.5163	86.122	86.7246	87.3149	87.8895	88.4591	89.0462	89.6345	90.234	90.8265	91.4007	91.9723	92.5522	93.1467	93.7388
40	Austria	84.4694	85.2895	85.9349	86.5716	87.2004	87.8152	88.4066	88.9907	89.5839	90.1997	90.7978	91.3784	91.9403	92.5103	93.0973	93.6909
56	Belgium	84.1697	85.0105	85.6265	86.2269	86.8117	87.396	87.9789	88.5579	89.1402	89.7366	90.3093	90.8781	91.4423	92.0219	92.5938	93.1842
250	France	85.8039	86.5994	87.2036	87.7856	88.3558	88.9347	89.5233	90.1063	90.6734	91.2563	91.8343	92.4183	92.9964	93.5836	94.1654	94.7424
276	Germany	83.889	84.9409	85.5296	86.1314	86.726	87.3	87.8524	88.4262	89.0077	89.5943	90.1877	90.7481	91.3137	91.8755	92.4666	93.0499
438	Liechtenstein	85.8568	86.7934	87.402	88.0122	88.5707	89.1571	89.7593	90.3198	90.87	91.5256	92.1643	92.7968	93.3252	93.915	94.5364	95.2461
442	Luxembourg	84.6444	85.3536	85.9314	86.502	87.0781	87.6509	88.2487	88.8086	89.3797	89.9398	90.512	91.0803	91.6438	92.2188	92.7838	93.3626
492	Monaco	88.525	89.4115	89.9904	90.5928	91.1242	91.6915	92.2079	92.7527	93.3991	93.9896	94.5663	95.1084	95.6981	96.28	96.8076	97.3374
528	Netherlands	83.7889	84.5232	85.0852	85.6378	86.2048	86.7609	87.3075	87.8705	88.4347	89.0121	89.5925	90.1614	90.7138	91.2703	91.8221	92.3919
756	Switzerland	85.8622	86.5893	87.1955	87.7878	88.3873	88.983	89.556	90.1277	90.7016	91.3013	91.886	92.4507	93.0247	93.6077	94.1958	94.7856
904	Latin America and the Caribbean	77.5709	79.7933	80.6184	81.3879	82.11	82.7958	83.4533	84.0856	84.697	85.2902	85.8752	86.455	87.0264	87.5911	88.1524	88.7134
915	Caribbean	75.8089	77.4329	78.2855	79.0435	79.7276	80.3403	80.8901	81.4009	81.9048	82.4134	82.9256	83.4337	83.9325	84.428	84.9249	85.4106
660	Anguilla	81.0365	81.9593	82.7409	83.4163	84.015	84.5614	85.22	85.8042	86.4792	87.0112	87.6558	88.1706	88.7578	89.4211	89.9485	90.471
28	Antigua and Barbuda	81.603	82.485	83.2422	83.9238	84.5652	85.1865	85.8541	86.4618	87.0462	87.6399	88.2589	88.8906	89.4685	90.0444	90.626	91.2193
533	Aruba	78.4516	80.2856	80.972	81.6698	82.3327	82.9859	83.6016	84.2257	84.8081	85.3976	85.9963	86.5706	87.1758	87.7458	88.3115	88.8639
44	Bahamas	77.0981	78.5466	79.1952	79.8237	80.4291	81.0332	81.6151	82.2022	82.7876	83.4029	83.9733	84.5602	85.1016	85.6483	86.2075	86.762
52	Barbados	79.5486	80.3683	81.0759	81.7929	82.4482	83.1068	83.7257	84.3557	84.9533	85.545	86.1312	86.7185	87.3049	87.8955	88.4764	89.0407
535	Bonaire, Sint Eustatius and Saba	78.9256	80.4255	81.1436	81.8203	82.4643	83.0761	83.71	84.2649	84.8913	85.5392	86.0827	86.6223	87.1766	87.7187	88.2681	88.9101
92	British Virgin Islands	78.9622	80.0725	80.7765	81.4905	82.1173	82.7441	83.3677	83.9755	84.5532	85.152	85.693	86.2406	86.8965	87.4565	87.9852	88.5508
136	Cayman Islands	78.1841	79.0265	79.8174	80.5382	81.2824	81.9432	82.6291	83.2618	83.8987	84.5048	85.0821	85.6932	86.2951	86.8818	87.4841	88.0791
192	Cuba	79.6823	81.4045	82.1616	82.885	83.5831	84.2417	84.8681	85.4891	86.0888	86.6991	87.2988	87.8996	88.4821	89.0573	89.6371	90.2131
531	Curaçao	80.104	81.0116	81.6714	82.2967	82.9406	83.5565	84.1578	84.7556	85.3496	85.9404	86.5337	87.129	87.6922	88.2488	88.8294	89.3892
212	Dominica	77.176	78.4014	79.1024	79.7813	80.4591	81.1212	81.7894	82.4102	83.0639	83.6746	84.3317	84.9287	85.4954	86.1046	86.6786	87.2833
214	Dominican Republic	77.346	78.5147	79.3657	80.1665	80.9277	81.6704	82.3826	83.071	83.7352	84.3712	84.9931	85.5939	86.1956	86.7899	87.3816	87.9696
308	Grenada	78.1708	78.9929	79.6542	80.3958	81.094	81.782	82.5187	83.1515	83.8022	84.3971	84.9804	85.5386	86.1306	86.7094	87.2913	87.8543
312	Guadeloupe	85.2777	86.9563	87.5352	88.1209	88.6856	89.2429	89.8074	90.3613	90.9043	91.4644	92.0413	92.6191	93.1895	93.7655	94.2997	94.8353
332	Haiti	67.2924	69.195	70.202	71.1403	72.0253	72.8629	73.6676	74.4295	75.1722	75.8874	76.5775	77.254	77.9224	78.584	79.2399	79.8731
388	Jamaica	73.7449	75.3523	76.1828	76.9633	77.7072	78.4342	79.1397	79.8258	80.4954	81.1454	81.7746	82.3877	82.9947	83.6051	84.1814	84.7455
474	Martinique	85.5423	86.5843	87.1816	87.7551	88.3026	88.8328	89.3633	89.9187	90.5073	91.12	91.6917	92.2712	92.8485	93.4102	93.956	94.4912
500	Montserrat	77.2736	78.2825	79.3014	79.8347	80.6409	81.242	81.7187	82.4475	82.9449	83.7951	84.1736	84.8065	85.5791	86.0008	86.6629	86.8186
630	Puerto Rico	83.864	84.6271	85.2848	85.9239	86.5428	87.1486	87.7552	88.3621	88.9692	89.5564	90.1389	90.7224	91.2871	91.8388	92.396	92.9488
652	Saint Barthélemy	83.5992	84.4462	85.1811	85.8987	86.5594	87.1592	87.8229	88.6364	89.1072	89.8041	90.2614	90.868	91.2365	91.8338	92.4556	93.2753
659	Saint Kitts and Nevis	75.6143	76.4849	77.2422	77.9415	78.6608	79.3257	79.9948	80.6278	81.3237	81.9498	82.5577	83.206	83.7779	84.381	84.9324	85.5339
662	Saint Lucia	76.3716	78.3067	79.0246	79.7934	80.4837	81.1298	81.8015	82.4286	83.0696	83.6809	84.2624	84.8455	85.4152	85.9913	86.5716	87.1414
663	Saint Martin (French part)	83.8399	84.4529	85.0071	85.6553	86.2276	86.7688	87.3779	87.9322	88.4712	89.0343	89.6393	90.2851	90.7969	91.4481	91.9685	92.5305
670	Saint Vincent and the Grenadines	73.3625	77.0268	77.9094	78.856	79.6225	80.3493	81.0358	81.738	82.3884	83.0417	83.659	84.2278	84.8701	85.4329	86.001	86.5673
534	Sint Maarten (Dutch part)	78.3828	80.0066	80.5682	81.1314	81.6792	82.1867	82.8476	83.4502	84.0022	84.2435	84.995	85.6118	86.27	86.8699	87.3244	87.9162
780	Trinidad and Tobago	77.9004	78.9637	79.6784	80.3799	81.0616	81.7265	82.3833	83.0232	83.6489	84.2323	84.8018	85.3851	85.9716	86.5633	87.1403	87.7118
796	Turks and Caicos Islands	78.458	79.7183	80.4755	81.2526	81.9601	82.6394	83.2754	83.9023	84.5383	85.1425	85.7593	86.3492	86.9099	87.5253	88.099	88.6643
850	United States Virgin Islands	81.2364	82.2615	82.9107	83.5729	84.1729	84.7538	85.3824	85.9882	86.6213	87.1856	87.784	88.4152	88.991	89.6116	90.1973	90.8419
916	Central America	76.7035	79.0208	79.8684	80.6593	81.4024	82.1078	82.787	83.4295	84.0501	84.6536	85.2525	85.8401	86.4192	86.9912	87.5612	88.1307
84	Belize	76.369	78.622	79.3873	80.1438	80.8625	81.5409	82.2221	82.8838	83.534	84.1704	84.7787	85.3877	85.9908	86.6023	87.2124	87.8379
188	Costa Rica	81.4742	83.4351	84.2277	84.9647	85.6647	86.338	86.9903	87.6378	88.2659	88.8893	89.4946	90.0909	90.6786	91.2665	91.849	92.4231
222	El Salvador	76.3269	78.3281	79.1589	79.9409	80.6771	81.3905	82.0551	82.6974	83.3265	83.9421	84.5107	85.0675	85.6262	86.1776	86.727	87.2779
320	Guatemala	73.8848	77.339	78.1669	78.9462	79.6807	80.3913	81.0664	81.7262	82.367	82.9905	83.5968	84.1665	84.72	85.267	85.817	86.3733
340	Honduras	74.4164	76.744	77.4945	78.209	78.9045	79.5784	80.2493	80.898	81.539	82.1646	82.7892	83.4003	83.9741	84.5469	85.1206	85.7064
484	Mexico	76.8603	79.1576	80.0253	80.8375	81.6027	82.3332	83.0441	83.7129	84.3562	84.9791	85.5995	86.2107	86.8138	87.4048	87.9904	88.5752
558	Nicaragua	77.0792	78.5233	79.35	80.1144	80.8445	81.5433	82.2088	82.8596	83.4794	84.0865	84.669	85.2333	85.7889	86.3419	86.9029	87.4595
591	Panama	80.6941	82.2823	83.0252	83.7315	84.3999	85.0472	85.6794	86.2984	86.9129	87.5145	88.1162	88.7162	89.3093	89.8884	90.4669	91.0487
931	South America	78.0601	80.3256	81.1448	81.9142	82.6374	83.3242	83.9812	84.6197	85.2423	85.8485	86.441	87.0267	87.6028	88.1718	88.7362	89.3003
32	Argentina	79.9869	81.8605	82.5543	83.2347	83.8909	84.5147	85.1212	85.7392	86.3348	86.9311	87.5163	88.1101	88.6971	89.2738	89.8529	90.4228
68	Bolivia (Plurinational State of)	69.0833	72.4353	73.4964	74.4872	75.4055	76.2489	77.0457	77.8041	78.5371	79.2355	79.8984	80.5589	81.1916	81.8133	82.424	83.0221
76	Brazil	77.7832	80.0796	80.9583	81.7821	82.5629	83.3089	84.0196	84.6961	85.3524	85.9903	86.6151	87.2318	87.8423	88.4541	89.0576	89.6482
152	Chile	82.5086	84.1363	84.9146	85.6507	86.3507	87.0252	87.6813	88.3315	88.967	89.5891	90.2071	90.8055	91.3928	91.9777	92.5593	93.1452
170	Colombia	78.584	81.1435	81.9257	82.6651	83.374	84.054	84.7005	85.3423	85.9767	86.5932	87.1967	87.794	88.3836	88.9685	89.5633	90.1624
218	Ecuador	79.1228	81.3895	82.1607	82.8909	83.5923	84.244	84.8656	85.4742	86.0694	86.6562	87.2294	87.7918	88.3478	88.9105	89.4595	90.007
238	Falkland Islands (Malvinas)	81.2049	82.0465	83.1083	84.0568	84.4721	85.2304	85.7583	86.2153	86.685	87.3131	87.7657	88.6019	88.9382	89.5488	89.9883	90.4734
254	French Guiana	79.9626	81.1991	81.9415	82.6506	83.3356	83.9735	84.5986	85.2096	85.8168	86.4234	87.0286	87.6275	88.2248	88.8125	89.3876	89.9654
328	Guyana	71.4152	74.0474	74.8301	75.5756	76.3081	77.0137	77.7085	78.3759	79.0321	79.6875	80.328	80.9601	81.5852	82.2062	82.8056	83.3973
600	Paraguay	75.3589	77.5504	78.1934	78.8223	79.4476	80.0623	80.6828	81.2951	81.8982	82.4941	83.0882	83.6658	84.2308	84.7928	85.3552	85.9273
604	Peru	77.1531	80.0437	80.8864	81.6681	82.3897	83.0836	83.7458	84.3726	84.9748	85.5653	86.1406	86.7082	87.272	87.8314	88.3889	88.9242
740	Suriname	75.1277	76.8557	77.5325	78.1887	78.8506	79.4765	80.1085	80.73	81.3449	81.96	82.5602	83.1562	83.7352	84.3007	84.8599	85.4202
858	Uruguay	81.2906	82.3433	82.9742	83.5992	84.1931	84.7764	85.3548	85.944	86.5273	87.1007	87.6812	88.2441	88.8154	89.379	89.9475	90.5219
862	Venezuela (Bolivarian Republic of)	76.3312	77.9698	78.7553	79.5031	80.2133	80.9095	81.5901	82.2522	82.8913	83.5201	84.1362	84.7324	85.3252	85.9099	86.4719	87.0339
905	Northern America	81.6239	83.0827	83.7145	84.3164	84.907	85.4864	86.0743	86.6613	87.2524	87.8398	88.4227	88.9983	89.5689	90.1389	90.7119	91.2895
60	Bermuda	84.1868	85.162	85.7753	86.3484	86.9384	87.4734	88.1011	88.6614	89.2901	89.85	90.4254	91.0335	91.5941	92.2436	92.8158	93.4077
124	Canada	84.7709	85.506	86.1307	86.7437	87.3394	87.9459	88.5265	89.1292	89.7212	90.3185	90.9019	91.4828	92.0566	92.6369	93.2118	93.7889
304	Greenland	75.9963	76.7298	77.3677	78.0083	78.6112	79.2133	79.8718	80.4679	81.11	81.7058	82.2891	82.8913	83.4265	84.0047	84.621	85.1716
666	Saint Pierre and Miquelon	81.4468	82.3506	82.9337	83.4324	84.0507	84.6084	85.2163	85.6954	86.2461	86.9666	87.3009	88.0298	88.38	89.0494	89.6886	90.3828
840	United States of America	81.2728	82.8051	83.4352	84.0332	84.6204	85.194	85.7799	86.362	86.9503	87.5334	88.113	88.6848	89.2525	89.8187	90.3881	90.962
909	Oceania	81.7556	82.2907	82.8243	83.3156	83.7816	84.2439	84.7251	85.2115	85.7064	86.2032	86.6721	87.1431	87.6011	88.0802	88.585	89.1084
927	Australia/New Zealand	85.542	85.9764	86.5685	87.1534	87.7199	88.2907	88.8796	89.4578	90.0397	90.6285	91.198	91.7755	92.3378	92.9164	93.5043	94.0955
36	Australia	85.7104	86.1037	86.6937	87.278	87.8417	88.4103	88.9966	89.5699	90.146	90.7333	91.3042	91.8851	92.4446	93.0237	93.6087	94.198
554	New Zealand	84.7523	85.3736	85.9475	86.5247	87.0989	87.6652	88.2343	88.7948	89.3733	89.9587	90.5363	91.1152	91.6791	92.2343	92.8127	93.3869
928	Melanesia	69.9543	70.9275	71.7098	72.4344	73.1251	73.7901	74.4458	75.0897	75.7198	76.3459	76.958	77.5799	78.1971	78.8105	79.4269	80.0398
242	Fiji	70.0099	71.1203	71.9023	72.6655	73.388	74.0898	74.7786	75.4448	76.0975	76.7334	77.3601	77.9789	78.5927	79.196	79.8031	80.3961
540	New Caledonia	84.4517	85.2931	85.8978	86.4756	87.0778	87.6654	88.2257	88.7895	89.35	89.9351	90.4985	91.0645	91.6309	92.1883	92.7403	93.3017
598	Papua New Guinea	69.1366	70.055	70.8232	71.5508	72.2607	72.9526	73.6359	74.3059	74.959	75.6066	76.2375	76.8745	77.5002	78.1187	78.7407	79.3609
90	Solomon Islands	72.3333	73.1787	73.9008	74.5882	75.2556	75.9021	76.5327	77.158	77.7703	78.3877	78.9871	79.5806	80.1856	80.7738	81.3606	81.9313
548	Vanuatu	73.0995	74.1697	75.1437	76.0401	76.8848	77.6615	78.421	79.1496	79.8512	80.5376	81.2004	81.8513	82.4826	83.1283	83.7292	84.3104
954	Micronesia	75.7935	76.7877	77.5248	78.1385	78.6868	79.189	79.7135	80.2459	80.803	81.4223	82.0579	82.6908	83.2915	83.8373	84.3805	84.8965
316	Guam	81.8348	82.8687	83.5848	84.2388	84.9008	85.5349	86.1514	86.7886	87.4025	88.0005	88.6182	89.2298	89.8312	90.4168	91.0132	91.5659
296	Kiribati	69.4324	70.442	71.3853	72.233	73.0709	73.8429	74.6284	75.3959	76.132	76.8729	77.5459	78.2033	78.8698	79.5193	80.1826	80.8107
584	Marshall Islands	67.1838	67.9123	68.6972	69.383	70.0436	70.741	71.5105	72.1713	72.8327	73.4567	74.1456	74.8	75.4555	76.0746	76.658	77.2989
583	Micronesia (Fed. States of)	75.0185	76.2312	76.9851	77.7267	78.4202	79.1217	79.7899	80.5124	81.1663	81.8307	82.464	83.0663	83.6766	84.2461	84.8105	85.4039
520	Nauru	67.6772	68.6767	69.6386	70.3058	71.0858	71.7515	72.4314	73.2597	73.9939	74.7089	75.3519	75.9778	76.7894	77.423	78.1267	78.7246
580	Northern Mariana Islands	79.5832	80.2463	80.9389	81.6179	82.1472	82.7633	83.4264	83.9785	84.5983	85.2054	85.8652	86.465	87.0277	87.592	88.1265	88.7422
585	Palau	69.7079	70.2338	71.0467	71.9474	72.7916	73.5644	74.2998	74.9891	75.851	76.5112	77.2328	77.9076	78.5466	79.3183	79.9551	80.6031
957	Polynesia	79.5984	80.7722	81.6466	82.4109	83.1097	83.763	84.3729	84.9501	85.5047	86.0731	86.5807	87.0505	87.4801	87.9071	88.3254	88.7261
16	American Samoa	75.8048	76.3229	77.0196	77.736	78.3467	78.9658	79.6331	80.3064	80.935	81.561	82.1714	82.7848	83.3238	83.8643	84.5171	85.0066
184	Cook Islands	79.0143	79.7692	80.5069	81.1524	81.818	82.5114	83.1278	83.7707	84.3856	84.9325	85.4922	86.169	86.6386	87.2426	87.7596	88.2979
258	French Polynesia	85.4353	86.6723	87.2541	87.8511	88.4111	88.983	89.5246	90.0726	90.6312	91.1954	91.7563	92.3257	92.8855	93.4375	93.9904	94.5639
570	Niue	72.5559	73.5114	74.488	75.2399	76.0026	76.7256	77.489	78.1239	78.795	79.3361	80.2757	80.7087	81.337	82.0366	82.5135	83.2013
882	Samoa	75.5532	76.2423	77.0628	77.8283	78.5455	79.2482	79.9393	80.6054	81.2619	81.9428	82.5735	83.2021	83.8052	84.3956	84.9656	85.5304
772	Tokelau	76.0722	76.8331	77.5263	78.211	78.8758	79.5355	79.9451	80.589	81.456	81.9583	82.3624	83.2197	83.6244	84.3379	84.9197	85.4182
776	Tonga	74.0398	74.9033	75.6365	76.3819	77.0778	77.7354	78.3632	78.9966	79.6119	80.2329	80.8497	81.4509	82.0779	82.6825	83.2493	83.8282
798	Tuvalu	69.3034	70.2299	71.0214	71.7896	72.5758	73.2756	73.9413	74.72	75.3082	75.9796	76.6023	77.2221	77.9737	78.5473	79.1754	79.7335
876	Wallis and Futuna Islands	80.5167	81.7492	82.4286	82.9865	83.5538	84.0898	84.7237	85.2296	85.7055	86.4371	86.9774	87.5742	88.0703	88.7499	89.1937	89.6846
