country_code	name	2020-2025	2025-2030	2030-2035	2035-2040	2040-2045	2045-2050	2050-2055	2055-2060	2060-2065	2065-2070	2070-2075	2075-2080	2080-2085	2085-2090	2090-2095	2095-2100
900	World	75.3091	77.2749	78.2135	79.0284	79.8151	80.4646	81.0914	81.679	82.2127	82.7159	83.1806	83.6761	84.1645	84.5725	85.0053	85.4136
1834	Sub-Saharan Africa	62.9618	65.3418	66.7343	67.9202	69.0391	70.1213	71.1751	72.094	73.0289	73.968	74.8342	75.6088	76.3097	77.0424	77.7007	78.3986
1833	Northern Africa and Western Asia	75.9752	78.0905	79.0648	79.9493	80.7839	81.5849	82.2873	82.9426	83.545	84.1385	84.7044	85.2915	85.8769	86.4472	87.0284	87.6179
1831	Central and Southern Asia	72.5193	76.0823	77.5524	78.7974	79.9568	81.057	82.0539	82.9145	83.6958	84.4886	85.2002	85.9065	86.5543	87.2208	87.8595	88.4544
1832	Eastern and South-Eastern Asia	80.6392	82.2148	83.1962	84.0249	84.7435	85.5176	86.2297	86.9186	87.5294	88.0859	88.7817	89.3137	90.0169	90.614	91.2	91.7812
1830	Latin America and the Caribbean	77.8689	80.4434	81.4351	82.32	83.1329	83.9107	84.6621	85.3463	85.9972	86.6217	87.3007	87.9667	88.5791	89.1782	89.7863	90.3521
1835	Oceania (excluding Australia and New Zealand)	71.617	73.6532	74.8668	75.8227	76.7724	77.638	78.5637	79.3179	80.0626	80.884	81.5381	82.3158	82.9692	83.7283	84.3587	85.0168
1836	Australia/New Zealand	85.9965	87.1372	88.1014	88.9843	89.7262	90.5809	91.4559	92.1726	92.9512	93.7396	94.5511	95.2997	96.0282	96.7879	97.5154	98.2325
1829	Europe and Northern America	81.72	83.7473	84.5645	85.3192	86.0542	86.786	87.4432	88.1027	88.7636	89.4032	90.0812	90.8053	91.5049	92.22	92.8098	93.4681
901	More developed regions	82.4783	84.3593	85.1168	85.8152	86.5253	87.2091	87.8613	88.5148	89.147	89.7873	90.4425	91.1461	91.8336	92.5187	93.1744	93.7816
902	Less developed regions	73.7395	75.8656	76.9265	77.8659	78.7643	79.5015	80.1864	80.8183	81.3657	81.8718	82.3304	82.8444	83.3227	83.72	84.1355	84.5808
941	Least developed countries	67.7347	69.8295	71.0405	72.1537	73.1967	74.1802	75.0472	75.8804	76.6264	77.3	77.9638	78.6319	79.2405	79.778	80.3273	80.891
934	Less developed regions, excluding least developed countries	74.9849	77.2194	78.297	79.2573	80.1699	80.9481	81.6366	82.3119	82.9071	83.4919	84.02	84.5746	85.0975	85.533	86.0472	86.5293
948	Less developed regions, excluding China	71.552	74.0357	75.1298	76.1263	77.0663	77.8732	78.6543	79.3498	80.0168	80.6483	81.1998	81.7303	82.2439	82.6592	83.1581	83.63
1636	Land-locked Developing Countries (LLDC)	67.862	70.1344	71.2892	72.3648	73.3399	74.2916	75.1837	75.9709	76.7835	77.5003	78.1973	78.8477	79.4989	80.08	80.6764	81.3133
1637	Small Island Developing States (SIDS)	75.8228	77.8115	78.8205	79.6792	80.4525	81.1143	81.7012	82.3299	82.8815	83.4139	83.9378	84.4245	84.9112	85.444	85.9156	86.4319
1503	High-income countries	83.9143	85.3427	86.0646	86.766	87.4348	88.0624	88.7501	89.3724	89.99	90.6099	91.2509	91.878	92.5381	93.2158	93.8516	94.4591
1517	Middle-income countries	74.4572	76.7416	77.8278	78.8034	79.7118	80.49	81.2103	81.8662	82.4569	83.06	83.5661	84.134	84.6642	85.1199	85.6463	86.126
1502	Upper-middle-income countries	79.8166	81.8318	82.8606	83.725	84.6151	85.4185	86.14	86.894	87.5132	88.1603	88.7694	89.3411	89.9372	90.4503	91.0975	91.6253
1501	Lower-middle-income countries	70.7263	73.546	74.7439	75.8741	76.9154	77.8413	78.7388	79.5286	80.2826	81.0264	81.7267	82.3174	82.9018	83.4408	83.962	84.4782
1500	Low-income countries	66.1573	68.3299	69.5177	70.6132	71.6222	72.5762	73.4866	74.3334	75.1239	75.8993	76.5737	77.3238	77.9963	78.6358	79.2633	79.862
1518	No income group available	77.0575	79.6082	80.7304	81.6998	82.79	83.6957	84.4881	85.2636	86.0217	86.8937	87.602	88.3833	89.1353	89.9328	90.6248	91.2315
903	Africa	64.9135	67.1663	68.4453	69.6038	70.6855	71.6571	72.6157	73.5142	74.3408	75.1964	75.9727	76.6403	77.3551	78.0078	78.651	79.2777
910	Eastern Africa	67.1452	69.6432	70.9981	72.2301	73.3523	74.4407	75.4117	76.3807	77.2155	77.965	78.7866	79.539	80.2581	80.9886	81.6861	82.3754
108	Burundi	65.3145	68.4829	70.1303	71.5962	72.9423	74.155	75.2642	76.3211	77.2819	78.2113	79.0789	79.9185	80.7119	81.4785	82.2322	82.977
174	Comoros	67.7473	70.7206	72.4546	73.9903	75.3615	76.5866	77.7214	78.7734	79.7698	80.7207	81.6181	82.4619	83.2939	84.0673	84.8237	85.5675
262	Djibouti	66.914	70.0798	71.9369	73.5814	75.0558	76.3749	77.5755	78.6829	79.7085	80.688	81.6056	82.4766	83.3121	84.1066	84.8644	85.605
232	Eritrea	70.4555	74.1504	76.086	77.7035	79.1296	80.3812	81.5263	82.5747	83.5441	84.4323	85.2878	86.1166	86.9119	87.6924	88.4468	89.193
231	Ethiopia	70.2916	73.8498	75.8785	77.5515	78.9821	80.2275	81.343	82.3645	83.3127	84.1806	84.9953	85.7717	86.5211	87.275	88.0086	88.7198
404	Kenya	66.3267	69.687	71.4478	72.9738	74.3605	75.5984	76.7512	77.8382	78.8592	79.8131	80.7465	81.6191	82.4521	83.2664	84.0538	84.8026
450	Madagascar	69.1713	72.74	74.5281	76.0487	77.3958	78.5968	79.7009	80.7153	81.6483	82.5217	83.3446	84.1282	84.8865	85.6147	86.3248	87.0332
454	Malawi	68.4683	72.3645	74.0904	75.5815	76.8795	78.0503	79.1052	80.0858	80.9866	81.8505	82.6635	83.4281	84.174	84.8949	85.5815	86.2799
480	Mauritius	78.6281	81.0137	82.1171	83.0982	84.0013	84.8497	85.668	86.4708	87.2468	88.0154	88.7792	89.5329	90.2735	91.0133	91.7475	92.4797
175	Mayotte	80.5018	83.6261	84.7352	85.7364	86.6738	87.5676	88.433	89.2864	90.1134	90.9213	91.7003	92.4769	93.2514	94.0059	94.7518	95.4838
508	Mozambique	65.1933	69.1159	71.3313	73.2568	74.9167	76.3826	77.6848	78.8477	79.9076	80.8818	81.7989	82.6702	83.4888	84.2572	85.0044	85.7204
638	Réunion	85.9221	87.43	88.4189	89.3188	90.1628	90.99	91.7809	92.5601	93.321	94.0708	94.8107	95.5385	96.2697	96.9856	97.7071	98.41
646	Rwanda	70.2186	72.9646	74.7538	76.2932	77.6376	78.8401	79.9247	80.9323	81.8702	82.7607	83.5942	84.3649	85.1248	85.8607	86.5925	87.3103
690	Seychelles	78.495	81.7464	82.9663	84.0348	85.0104	85.9239	86.8177	87.6707	88.4939	89.306	90.0979	90.8904	91.6473	92.4105	93.1459	93.8884
706	Somalia	59.9047	63.6207	65.4654	67.1208	68.6779	70.126	71.4803	72.7555	73.9799	75.1047	76.1757	77.1981	78.1576	79.0746	79.9513	80.7866
728	South Sudan	58.6717	62.3086	64.4775	66.4606	68.3266	70.0383	71.6091	73.0808	74.4355	75.682	76.8196	77.8974	78.9035	79.8498	80.7522	81.6169
800	Uganda	66.6652	69.4729	71.3006	72.9047	74.3227	75.6108	76.7632	77.8523	78.8652	79.8049	80.7237	81.5768	82.3864	83.174	83.9302	84.6412
834	United Republic of Tanzania	70.2865	73.5316	75.2802	76.813	78.1767	79.3975	80.5022	81.5186	82.4786	83.3892	84.2353	85.047	85.8351	86.6057	87.3501	88.0926
894	Zambia	66.236	69.506	71.1433	72.5747	73.878	75.0925	76.198	77.2266	78.1976	79.1141	80.0033	80.8399	81.6465	82.422	83.1956	83.9321
716	Zimbabwe	64.5159	67.6124	69.1991	70.6339	71.9769	73.2177	74.3538	75.4114	76.4082	77.3584	78.2648	79.1438	79.9829	80.7927	81.5788	82.3272
911	Middle Africa	62.8355	65.2724	66.6451	67.859	69.0027	70.0645	71.0397	71.9673	72.9379	73.9093	74.7334	75.5291	76.274	77.0215	77.8163	78.5035
24	Angola	66.2402	69.1091	70.7679	72.231	73.5601	74.7704	75.8722	76.9035	77.8533	78.7624	79.6104	80.4311	81.2018	81.9492	82.6865	83.4106
120	Cameroon	64.1071	67.286	68.9939	70.4899	71.8511	73.0823	74.2074	75.2422	76.205	77.1204	78.0002	78.8303	79.6212	80.4049	81.1715	81.9145
140	Central African Republic	58.4058	61.7036	63.5149	65.1328	66.6373	68.0026	69.3099	70.5104	71.6515	72.7492	73.7785	74.7225	75.6703	76.5598	77.4008	78.2144
148	Chad	56.2351	59.2879	60.974	62.4769	63.856	65.1496	66.3543	67.5322	68.6257	69.6814	70.6907	71.6871	72.6089	73.5003	74.3771	75.2085
178	Congo	66.1218	68.2157	69.7779	71.1738	72.4614	73.6286	74.6967	75.7058	76.6736	77.599	78.4827	79.3493	80.1557	80.9406	81.7028	82.4617
180	Democratic Republic of the Congo	63.4317	66.4588	68.1304	69.611	70.9792	72.2438	73.4146	74.5194	75.5615	76.5419	77.449	78.3221	79.1461	79.9563	80.7271	81.4735
226	Equatorial Guinea	64.6325	67.6262	69.2246	70.6634	71.9913	73.2197	74.3384	75.3942	76.3976	77.3235	78.1987	79.0438	79.8678	80.6745	81.4527	82.2041
266	Gabon	69.938	72.5556	73.9392	75.1349	76.228	77.2355	78.1551	79.0346	79.8791	80.6923	81.471	82.2149	82.9565	83.6656	84.3423	85.0185
678	Sao Tome and Principe	72.4691	74.6889	75.806	76.8014	77.7231	78.5998	79.4374	80.2514	81.0539	81.822	82.5768	83.314	84.0273	84.72	85.4133	86.1072
912	Northern Africa	74.5167	76.6923	77.769	78.7814	79.7157	80.5843	81.4006	82.1872	82.8424	83.4613	84.1486	84.7555	85.4569	86.1067	86.732	87.3123
12	Algeria	78.7722	81.2162	82.5515	83.7071	84.7432	85.698	86.6223	87.507	88.3574	89.1905	89.9868	90.7662	91.532	92.3022	93.0483	93.7975
818	Egypt	74.201	77.2296	78.5673	79.7311	80.7886	81.7677	82.6935	83.5807	84.4043	85.2017	85.9672	86.724	87.4744	88.2267	88.9707	89.6927
434	Libya	76.3998	79.096	80.348	81.4352	82.4191	83.3421	84.2056	85.0306	85.8369	86.631	87.3975	88.1457	88.8905	89.6223	90.3441	91.0775
504	Morocco	77.8063	80.1229	81.5372	82.767	83.8724	84.8754	85.8238	86.7306	87.5938	88.4363	89.2484	90.0498	90.8367	91.6245	92.3887	93.1331
729	Sudan	69.4401	71.7549	73.0159	74.139	75.1707	76.1279	77.0644	77.9718	78.8331	79.6726	80.4854	81.2779	82.0648	82.8095	83.5466	84.2748
788	Tunisia	79.6115	82.5323	83.7511	84.8189	85.8105	86.7346	87.637	88.5073	89.335	90.1526	90.9544	91.7434	92.5056	93.2556	94.0009	94.7312
732	Western Sahara	74.0398	76.3692	77.8872	79.1861	80.3192	81.3475	82.299	83.1917	84.0175	84.8049	85.5723	86.3155	87.038	87.7516	88.4685	89.1678
913	Southern Africa	67.0429	71.8287	73.1646	74.382	75.3003	76.2547	77.2505	78.0806	78.8341	79.7553	80.5185	81.2848	82.0434	82.7948	83.3824	84.1145
72	Botswana	68.5243	71.6202	73.0433	74.2912	75.4416	76.4734	77.4618	78.3818	79.2391	80.0872	80.8978	81.6713	82.436	83.1576	83.8747	84.5698
748	Eswatini	63.7618	68.6944	70.4853	72.0757	73.5126	74.814	76.0156	77.1203	78.1408	79.1239	80.0376	80.9012	81.7231	82.515	83.2942	84.0258
426	Lesotho	58.2979	61.4867	63.2886	64.9476	66.4765	67.9105	69.2725	70.5567	71.7907	72.945	74.0236	75.038	76.0169	76.9511	77.8383	78.7033
516	Namibia	65.609	70.7006	72.3112	73.7418	75.016	76.1727	77.2457	78.2695	79.2239	80.113	80.9738	81.7871	82.5914	83.3641	84.092	84.8081
710	South Africa	67.6518	72.6979	74.046	75.231	76.2972	77.2966	78.235	79.1326	80.0005	80.8311	81.6524	82.4586	83.22	83.9455	84.6561	85.3554
914	Western Africa	59.0281	61.7163	63.4574	65.0557	66.5448	67.9189	69.1828	70.4434	71.5477	72.6701	73.5961	74.4525	75.2454	76.077	76.8856	77.6354
204	Benin	63.0861	66.1367	67.81	69.3119	70.6612	71.913	73.0749	74.163	75.193	76.1521	77.0509	77.9315	78.7625	79.5535	80.3219	81.0678
854	Burkina Faso	63.0441	66.232	67.9948	69.5456	70.9757	72.2753	73.4533	74.5683	75.5997	76.5602	77.4779	78.3518	79.2086	80.0131	80.8042	81.5591
132	Cabo Verde	80.4452	83.1859	84.3641	85.4113	86.3858	87.3179	88.2075	89.0649	89.8958	90.7176	91.5212	92.2891	93.0482	93.8029	94.5566	95.2992
384	Côte d'Ivoire	61.9273	64.9487	66.6588	68.1597	69.5248	70.7972	71.9818	73.0887	74.1174	75.0939	76.0072	76.9069	77.7425	78.5537	79.3503	80.1209
270	Gambia	65.9854	69.7228	71.5417	73.105	74.475	75.7032	76.8143	77.8386	78.784	79.6893	80.5341	81.3326	82.1311	82.9012	83.6357	84.3382
288	Ghana	67.7106	70.9247	72.5734	74.0226	75.3232	76.5173	77.6102	78.622	79.5877	80.4996	81.3417	82.173	82.9654	83.7258	84.4566	85.161
324	Guinea	61.8682	65.2038	66.9213	68.4594	69.8717	71.188	72.4041	73.5423	74.6107	75.6163	76.5967	77.4859	78.3653	79.1938	79.9991	80.7751
624	Guinea-Bissau	63.6677	67.2243	68.9721	70.5148	71.9309	73.2255	74.404	75.5144	76.5311	77.4742	78.388	79.2508	80.0863	80.8764	81.6281	82.3753
430	Liberia	63.9268	67.0987	69.1168	70.9201	72.5401	73.992	75.3095	76.5012	77.5885	78.597	79.5546	80.4725	81.3317	82.1503	82.9471	83.705
466	Mali	62.1247	65.5079	67.3455	68.9592	70.3884	71.7071	72.9221	74.0368	75.0712	76.0317	76.9595	77.8414	78.6683	79.4575	80.2428	81.0062
478	Mauritania	68.1331	72.0335	73.7496	75.2325	76.5524	77.7592	78.848	79.8682	80.8314	81.7492	82.6226	83.4577	84.2462	85.0011	85.7442	86.4806
562	Niger	64.8145	68.6788	70.566	72.2263	73.7053	75.0297	76.2465	77.3507	78.3624	79.3096	80.2144	81.071	81.87	82.6533	83.3903	84.1024
566	Nigeria	55.1509	58.3828	60.5746	62.5821	64.4789	66.2318	67.8545	69.3436	70.7585	72.0682	73.2708	74.4271	75.4876	76.4887	77.4529	78.3649
654	Saint Helena	81.5249	83.0763	84.0639	84.9701	85.8097	86.6427	87.4528	88.2336	89.0099	89.7666	90.5257	91.273	92.0173	92.7485	93.4799	94.2006
686	Senegal	71.865	75.8309	77.7314	79.3428	80.7286	81.9585	83.055	84.0677	85.0098	85.9105	86.7677	87.6065	88.4159	89.2155	89.9929	90.7488
694	Sierra Leone	62.9326	65.8838	67.5807	69.0849	70.4743	71.7447	72.914	74.0114	75.0403	76.0211	76.9218	77.8096	78.6541	79.4681	80.2528	81.0072
768	Togo	63.4484	66.1913	68.182	69.9472	71.5655	73.0319	74.3865	75.627	76.7757	77.8524	78.8583	79.8171	80.7295	81.6024	82.4257	83.2259
935	Asia	76.9356	79.2448	80.3665	81.3175	82.1652	82.9463	83.6694	84.3431	84.9481	85.5602	86.1057	86.668	87.2634	87.8136	88.3633	88.9618
5500	Central Asia	74.2651	76.5039	77.4145	78.2644	79.1308	79.9673	80.6941	81.4322	82.1582	82.8586	83.5031	84.2095	84.8187	85.5157	86.1632	86.8457
398	Kazakhstan	74.896	78.2714	79.3767	80.3581	81.2868	82.167	83.013	83.8232	84.5816	85.3255	86.0711	86.8127	87.5408	88.258	88.9752	89.694
417	Kyrgyzstan	75.8036	78.4454	79.6196	80.6707	81.646	82.5542	83.4262	84.232	85.0019	85.7777	86.5473	87.3021	88.043	88.7622	89.4833	90.2027
762	Tajikistan	73.9523	76.4507	77.755	78.9083	79.9613	80.9404	81.8609	82.7402	83.5681	84.3549	85.1288	85.8788	86.6278	87.3589	88.0918	88.8038
795	Turkmenistan	73.7076	75.7726	77.0138	78.1184	79.1359	80.0822	80.9812	81.8492	82.6736	83.4646	84.2188	84.9684	85.7001	86.4314	87.1589	87.8661
860	Uzbekistan	74.8012	77.0052	78.1717	79.2188	80.1836	81.0882	81.9457	82.7797	83.5877	84.3413	85.0735	85.801	86.5302	87.2507	87.9595	88.6819
906	Eastern Asia	82.9648	84.4141	85.4409	86.3393	87.1784	88.0351	88.9165	89.7886	90.5304	91.3421	92.1116	92.8379	93.6464	94.3219	95.1598	95.8906
156	China	82.0249	83.7091	84.8619	85.9062	86.8762	87.8094	88.6998	89.5649	90.4058	91.2239	92.0241	92.8094	93.5878	94.3534	95.1081	95.8522
344	China, Hong Kong SAR	88.7996	90.5806	91.6071	92.5489	93.4493	94.3149	95.1549	95.9777	96.7735	97.5581	98.3418	99.1082	99.871	100.628	101.361	102.1109
446	China, Macao SAR	88.6223	90.0488	91.0813	92.0387	92.9312	93.7951	94.6348	95.4587	96.2609	97.0511	97.8343	98.6001	99.361	100.108	100.8645	101.5936
158	China, Taiwan Province of China	85.1567	86.6425	87.7081	88.6882	89.6021	90.477	91.3357	92.1716	92.9931	93.7909	94.5687	95.3501	96.1041	96.8689	97.621	98.3591
408	Dem. People's Republic of Korea	76.911	78.7975	79.9716	81.0311	82.0064	82.9128	83.7663	84.5684	85.3687	86.1501	86.9167	87.686	88.438	89.1683	89.923	90.6697
392	Japan	88.4635	89.8836	90.9132	91.8535	92.7523	93.6089	94.4468	95.2564	96.0435	96.8158	97.5819	98.3456	99.0968	99.8549	100.5869	101.3216
496	Mongolia	77.9268	80.3074	81.7303	82.9496	84.0492	85.0588	86.0179	86.9165	87.7944	88.6407	89.4584	90.2654	91.0697	91.8565	92.6197	93.3653
410	Republic of Korea	87.6302	89.1526	90.1621	91.103	91.9799	92.8263	93.6454	94.4455	95.2261	95.9936	96.7542	97.508	98.2537	98.9941	99.7099	100.4362
5501	Southern Asia	72.4684	76.1119	77.6208	78.8902	80.0609	81.1587	82.1904	83.0308	83.8379	84.631	85.3554	86.0423	86.6829	87.3539	88.0174	88.6221
4	Afghanistan	67.636	71.4683	73.3105	74.8433	76.1826	77.3551	78.4217	79.3995	80.3158	81.1708	81.9877	82.7818	83.5326	84.2404	84.9275	85.6231
50	Bangladesh	76.2953	79.2797	80.8827	82.2513	83.4557	84.5354	85.5267	86.4593	87.3588	88.2361	89.0748	89.8847	90.6925	91.4801	92.2528	93.0161
64	Bhutan	75.0291	77.538	79.1765	80.56	81.7874	82.9029	83.9236	84.8664	85.7719	86.6491	87.4921	88.325	89.1071	89.8923	90.6514	91.4075
356	India	72.4987	76.8439	78.5782	80.0563	81.3458	82.5051	83.5485	84.5065	85.4193	86.2941	87.1318	87.9506	88.7507	89.5364	90.3012	91.0633
364	Iran (Islamic Republic of)	79.1372	82.2274	83.4735	84.5589	85.553	86.4847	87.3883	88.2733	89.1302	89.9568	90.7662	91.5377	92.3214	93.0932	93.8491	94.593
462	Maldives	82.3523	84.3219	85.5512	86.6327	87.6197	88.5516	89.4267	90.2663	91.0731	91.8601	92.642	93.4049	94.1371	94.8622	95.5821	96.2908
524	Nepal	72.8887	75.9959	77.7791	79.2811	80.5886	81.7561	82.8219	83.8071	84.7123	85.5908	86.4242	87.2521	88.0572	88.8433	89.6178	90.3563
586	Pakistan	70.2153	72.6297	73.9461	75.1172	76.1987	77.2098	78.1708	79.0819	79.9639	80.8213	81.6467	82.4494	83.2449	84.0068	84.738	85.4845
144	Sri Lanka	80.8683	82.6296	83.7606	84.7539	85.6888	86.5815	87.4453	88.2721	89.0771	89.8615	90.6439	91.3927	92.1517	92.9022	93.6436	94.3638
920	South-Eastern Asia	75.279	77.6925	78.7162	79.6505	80.5049	81.3216	82.0911	82.7722	83.364	83.9859	84.6239	85.3239	85.9644	86.5475	87.2413	87.8533
96	Brunei Darussalam	77.6673	79.3561	81.2637	82.2533	83.1216	83.9892	84.8134	85.5854	86.3453	87.0792	87.8231	88.5427	89.2538	89.9594	90.6522	91.3529
116	Cambodia	74.0282	76.7691	78.2567	79.5198	80.6436	81.6555	82.5945	83.4677	84.2846	85.0563	85.825	86.5622	87.2789	87.9887	88.6886	89.3777
360	Indonesia	72.5211	76.0212	77.3072	78.4373	79.4667	80.4283	81.3294	82.1998	83.0366	83.8269	84.6117	85.3492	86.0847	86.8277	87.5599	88.2841
418	Lao People's Democratic Republic	72.0082	74.8129	76.5825	78.066	79.3571	80.5028	81.5426	82.5004	83.3965	84.2137	84.9919	85.7538	86.495	87.2131	87.9272	88.6244
458	Malaysia	79.3051	81.297	82.444	83.4671	84.4016	85.2816	86.1267	86.9535	87.7755	88.5711	89.3463	90.1089	90.8578	91.6138	92.3574	93.0819
104	Myanmar	71.2271	73.8807	75.4593	76.8293	78.0646	79.181	80.2161	81.181	82.0859	82.9523	83.787	84.586	85.354	86.1048	86.8451	87.5827
608	Philippines	74.6006	76.9253	78.1234	79.1902	80.1746	81.1148	82.0026	82.8403	83.6668	84.461	85.2301	85.9863	86.7491	87.5158	88.2695	89.0138
702	Singapore	86.5128	88.342	89.3548	90.2843	91.1657	92.0168	92.851	93.6611	94.4494	95.2379	96.0147	96.7684	97.5297	98.2727	99.0216	99.7568
764	Thailand	84.3924	86.0808	87.1928	88.1991	89.1449	90.0548	90.918	91.7569	92.5767	93.3765	94.1759	94.9405	95.7139	96.4819	97.2298	97.9774
626	Timor-Leste	71.6351	74.411	76.1226	77.5665	78.8187	79.9496	80.9993	81.9514	82.8451	83.682	84.4712	85.2244	85.9722	86.7041	87.4069	88.118
704	Viet Nam	80.0216	81.6448	82.7129	83.6769	84.5685	85.4223	86.2613	87.0716	87.8719	88.6614	89.4486	90.2218	90.9969	91.7667	92.519	93.2681
922	Western Asia	77.5754	79.8517	80.802	81.6865	82.4821	83.2262	83.9514	84.612	85.1783	85.7373	86.2547	86.7521	87.2663	87.82	88.3786	88.941
51	Armenia	79.4373	82.4933	83.513	84.4259	85.2961	86.1362	86.9485	87.7521	88.5298	89.2968	90.0639	90.8201	91.5575	92.3045	93.0454	93.7684
31	Azerbaijan	75.5326	78.8541	80.0039	81.0363	81.9886	82.8684	83.7101	84.5168	85.2873	86.0564	86.8065	87.5488	88.2792	89.0209	89.7579	90.4637
48	Bahrain	81.6657	84.005	85.0597	86.0265	86.9283	87.7988	88.6428	89.4527	90.2547	91.0347	91.8105	92.5822	93.3362	94.0803	94.8136	95.5381
196	Cyprus	84.2253	85.7476	86.7701	87.7139	88.609	89.4725	90.3	91.1017	91.9071	92.6882	93.4513	94.2027	94.9568	95.6935	96.4253	97.1756
268	Georgia	78.2282	81.1992	82.2673	83.2211	84.1203	84.953	85.7449	86.5392	87.3199	88.0825	88.8381	89.582	90.3214	91.055	91.7844	92.5201
368	Iraq	73.9785	76.6494	77.8395	78.8859	79.8542	80.7602	81.633	82.4558	83.2545	84.0245	84.7599	85.492	86.2152	86.9252	87.646	88.3619
376	Israel	85.3355	86.9751	87.9352	88.8189	89.6537	90.484	91.2924	92.0713	92.8471	93.6032	94.357	95.0832	95.8264	96.573	97.2957	98.0402
400	Jordan	78.3609	81.4018	82.5214	83.5321	84.4539	85.3097	86.1379	86.9587	87.7646	88.5636	89.3374	90.112	90.8663	91.6042	92.3382	93.0636
414	Kuwait	82.677	84.9634	86.0594	87.0582	87.991	88.8936	89.761	90.5981	91.4202	92.2211	92.9934	93.7587	94.5315	95.293	96.0264	96.7596
422	Lebanon	79.3516	83.5352	84.5146	85.4116	86.2702	87.0944	87.8948	88.6846	89.4658	90.2299	90.9821	91.7212	92.4718	93.2032	93.9321	94.6466
512	Oman	78.6204	83.0815	84.3057	85.3779	86.3771	87.3133	88.2082	89.0734	89.9146	90.7281	91.5308	92.3133	93.0865	93.8441	94.5994	95.339
634	Qatar	82.9016	85.2617	86.3338	87.3193	88.2565	89.1455	90.0006	90.8384	91.6525	92.4504	93.2353	94.0039	94.7597	95.5239	96.2704	97.0099
682	Saudi Arabia	79.9399	82.1377	83.4006	84.4844	85.4907	86.4506	87.3533	88.2171	89.0534	89.8745	90.6782	91.4641	92.2417	92.9945	93.7548	94.5128
275	State of Palestine	77.5221	80.5319	81.7518	82.8294	83.8189	84.7321	85.6005	86.4404	87.2594	88.0635	88.8516	89.6182	90.3925	91.1555	91.8831	92.6086
760	Syrian Arab Republic	76.7965	78.7848	79.9402	80.9704	81.9206	82.8133	83.6519	84.4342	85.2021	85.9682	86.7227	87.4631	88.1873	88.8965	89.6125	90.3151
792	Türkiye	81.3163	83.8535	85.0144	86.0522	87.0157	87.9541	88.8462	89.7074	90.5428	91.3507	92.1358	92.9151	93.692	94.4536	95.2	95.9606
784	United Arab Emirates	82.4198	84.6619	85.7762	86.7863	87.7432	88.6465	89.5213	90.3643	91.1875	91.9938	92.7809	93.5449	94.2968	95.0568	95.8004	96.5344
887	Yemen	69.08	72.7928	74.3535	75.698	76.8912	77.9919	79.0042	79.9515	80.8488	81.7112	82.5379	83.3415	84.1226	84.8711	85.5919	86.3204
908	Europe	81.8227	83.8917	84.6452	85.3887	86.0922	86.808	87.478	88.1017	88.7481	89.3257	89.9881	90.6661	91.3601	92.0028	92.6124	93.2121
923	Eastern Europe	78.4371	81.5193	82.4134	83.1546	83.9238	84.6983	85.4423	86.1091	86.7403	87.4589	88.198	88.8668	89.5068	90.103	90.6959	91.386
112	Belarus	79.5254	82.1945	83.2898	84.2619	85.1587	86.0187	86.866	87.6752	88.4708	89.2645	90.0283	90.777	91.5152	92.2508	92.9867	93.7097
100	Bulgaria	77.5067	81.5198	82.6357	83.6276	84.5327	85.3974	86.2204	87.0166	87.8061	88.5844	89.3525	90.1002	90.839	91.5628	92.2955	93.0142
203	Czechia	82.425	84.5221	85.4925	86.4002	87.2601	88.0934	88.9022	89.6986	90.4977	91.2669	92.0394	92.7989	93.5454	94.3007	95.0505	95.7708
348	Hungary	79.9222	82.4576	83.528	84.4917	85.3939	86.2671	87.1135	87.936	88.7431	89.5328	90.3145	91.0875	91.8483	92.613	93.374	94.1037
616	Poland	82.0471	84.2545	85.2611	86.189	87.0548	87.8927	88.7119	89.5047	90.277	91.0386	91.7998	92.536	93.2673	93.9964	94.7225	95.4395
498	Republic of Moldova	75.33	78.577	79.6981	80.6881	81.6074	82.4812	83.3141	84.1016	84.8606	85.6196	86.3581	87.1036	87.834	88.5487	89.2633	89.9894
642	Romania	79.5808	82.8573	83.9009	84.8391	85.7338	86.6029	87.4499	88.2567	89.0647	89.8761	90.6611	91.4379	92.2057	92.9704	93.7311	94.4802
643	Russian Federation	77.8557	81.5059	82.5613	83.5045	84.362	85.1898	85.991	86.7675	87.5378	88.3032	89.0542	89.7785	90.4984	91.2257	91.939	92.6755
703	Slovakia	80.896	83.6792	84.7259	85.6811	86.5835	87.4497	88.2903	89.1058	89.8921	90.6677	91.433	92.1845	92.9227	93.6508	94.3703	95.1098
804	Ukraine	77.9336	82.2628	83.3017	84.2367	85.093	85.9267	86.7378	87.5259	88.31	89.0763	89.8389	90.5975	91.3344	92.0514	92.7766	93.4988
924	Northern Europe	83.9166	85.4062	86.2538	87.057	87.8334	88.6857	89.453	90.1937	90.9481	91.5978	92.3215	93.0651	93.694	94.4249	95.1353	95.7689
208	Denmark	84.3184	85.8188	86.8117	87.7203	88.5796	89.4252	90.2457	91.047	91.8306	92.5964	93.3605	94.1127	94.8702	95.6217	96.3491	97.0803
233	Estonia	83.188	85.0671	86.0728	87.0019	87.8779	88.725	89.5439	90.3475	91.1304	91.9085	92.6784	93.4279	94.1797	94.9298	95.6741	96.3954
234	Faroe Islands	81.6273	83.0707	84.198	85.213	86.1615	87.0693	87.9382	88.7919	89.6289	90.4525	91.251	92.0315	92.8008	93.5571	94.313	95.0551
246	Finland	85.4801	86.9227	87.9205	88.8367	89.7187	90.5646	91.3922	92.2107	92.9946	93.7703	94.5545	95.3198	96.0624	96.811	97.5359	98.2785
831	Guernsey	84.9717	86.4983	87.4774	88.3752	89.2332	90.0583	90.8529	91.6464	92.4199	93.1642	93.9201	94.6729	95.4111	96.1373	96.8497	97.5719
352	Iceland	84.906	86.2945	87.2678	88.1744	89.0287	89.8556	90.6739	91.4763	92.259	93.0251	93.7897	94.5447	95.2972	96.0533	96.7866	97.5276
372	Ireland	84.9125	86.4507	87.4542	88.3788	89.2563	90.0936	90.9094	91.7178	92.505	93.2777	94.0445	94.805	95.5571	96.3064	97.0497	97.7743
833	Isle of Man	83.4666	85.0839	86.087	87.0057	87.8829	88.7266	89.5524	90.3536	91.1394	91.9098	92.6603	93.4204	94.152	94.9027	95.644	96.3686
832	Jersey	83.9636	85.645	86.6854	87.6462	88.5619	89.4399	90.2901	91.1204	91.9321	92.7295	93.5174	94.3093	95.0797	95.8425	96.6111	97.3518
428	Latvia	80.2894	82.3209	83.3163	84.2061	85.0446	85.8523	86.6375	87.4057	88.1589	88.9125	89.6599	90.4121	91.146	91.8755	92.5898	93.2955
440	Lithuania	80.741	83.2337	84.2449	85.1554	86.0302	86.8682	87.6814	88.4764	89.2588	90.0249	90.786	91.5332	92.276	93.009	93.749	94.4707
578	Norway	85.6661	87.0757	88.0623	88.9689	89.8352	90.6678	91.4833	92.2729	93.0541	93.8313	94.5863	95.3449	96.1045	96.8398	97.5666	98.3051
752	Sweden	85.5755	87.1115	88.1007	89.0193	89.8792	90.7209	91.542	92.353	93.1255	93.8937	94.6574	95.4019	96.1493	96.8912	97.6187	98.3509
826	United Kingdom	84.033	85.858	86.8485	87.7666	88.6558	89.4964	90.3189	91.1187	91.901	92.6682	93.4233	94.1854	94.9209	95.6701	96.4065	97.1363
925	Southern Europe	84.8195	86.5348	87.4025	88.2003	89.0172	89.8148	90.5712	91.2865	91.9621	92.6221	93.2532	93.9241	94.6285	95.3446	96.0428	96.7491
8	Albania	80.9196	84.4253	85.5287	86.5347	87.4756	88.3733	89.2412	90.086	90.9047	91.7148	92.4997	93.2605	94.021	94.7711	95.5204	96.2533
20	Andorra	85.6962	87.8842	88.9018	89.8284	90.7015	91.5418	92.345	93.1385	93.9154	94.685	95.4334	96.1636	96.8938	97.6179	98.3255	99.0505
70	Bosnia and Herzegovina	79.0642	82.1107	83.2385	84.2315	85.1466	86.0306	86.8744	87.702	88.5101	89.2931	90.0623	90.8155	91.5666	92.3182	93.057	93.7989
191	Croatia	82.3196	84.1837	85.2295	86.1765	87.0679	87.9349	88.7714	89.5889	90.3825	91.1554	91.9302	92.7002	93.4458	94.196	94.9246	95.6606
292	Gibraltar	84.669	86.8018	87.8566	88.8363	89.7648	90.6544	91.5184	92.3462	93.1641	93.9779	94.7819	95.5657	96.3233	97.0877	97.8421	98.5903
300	Greece	84.3062	86.3981	87.4597	88.4359	89.3324	90.1893	91.0344	91.8585	92.6446	93.413	94.173	94.9304	95.6913	96.4294	97.1725	97.9065
380	Italy	86.2349	88.0721	89.1008	90.0471	90.9442	91.803	92.6349	93.4442	94.2472	95.022	95.791	96.5423	97.3079	98.0619	98.8035	99.5278
412	Kosovo (under UNSC res. 1244)	81.5519	83.934	84.9634	85.9065	86.7984	87.656	88.4832	89.3007	90.1009	90.8728	91.6479	92.417	93.1681	93.9192	94.6647	95.4059
470	Malta	86.5653	87.7354	88.736	89.6621	90.5364	91.3832	92.2184	93.0224	93.8033	94.5895	95.3509	96.1133	96.8638	97.5951	98.3496	99.0827
499	Montenegro	80.9558	82.9689	84.042	85.0026	85.9103	86.7747	87.6126	88.4166	89.2024	89.9821	90.7432	91.4911	92.2403	92.9839	93.6903	94.4027
807	North Macedonia	78.2179	82.2939	83.3945	84.3624	85.2733	86.1408	86.9848	87.8145	88.6113	89.3859	90.1616	90.9191	91.6693	92.3968	93.1304	93.8567
620	Portugal	85.2522	87.008	88.0398	88.9925	89.8968	90.7646	91.5998	92.4204	93.2338	94.0278	94.8045	95.5703	96.3378	97.0988	97.842	98.5691
674	San Marino	84.6923	86.7486	87.7209	88.6289	89.4943	90.3138	91.1107	91.9021	92.6794	93.4416	94.2145	94.9569	95.6965	96.4372	97.1632	97.8859
688	Serbia	78.9475	82.4527	83.5471	84.519	85.4304	86.3022	87.1641	87.9958	88.8217	89.6271	90.428	91.2074	91.9824	92.7477	93.5128	94.2685
705	Slovenia	84.8755	86.6985	87.7508	88.7127	89.6286	90.5049	91.3405	92.1602	92.9595	93.7576	94.5405	95.3017	96.0622	96.8165	97.5617	98.3072
724	Spain	86.7696	88.5967	89.6131	90.5584	91.4486	92.3091	93.1273	93.9355	94.724	95.5073	96.2711	97.0318	97.78	98.5397	99.2704	99.9987
926	Western Europe	84.8859	86.2834	87.1122	87.899	88.5814	89.3007	90.0573	90.7488	91.4342	92.1209	92.807	93.5463	94.2254	94.8881	95.5226	96.2081
40	Austria	85.0382	86.6606	87.6897	88.6402	89.5412	90.4042	91.2334	92.055	92.8499	93.6232	94.3813	95.1466	95.8952	96.6413	97.372	98.1163
56	Belgium	84.7686	86.3979	87.399	88.3233	89.2041	90.0447	90.87	91.655	92.4368	93.2211	93.9948	94.7395	95.4857	96.2048	96.9485	97.6779
250	France	86.3887	87.9854	88.9691	89.884	90.7572	91.6005	92.4153	93.2137	94.0082	94.7763	95.5354	96.2871	97.046	97.7997	98.5295	99.2671
276	Germany	84.4737	86.3408	87.3333	88.2493	89.1188	89.9657	90.7768	91.5784	92.3619	93.1386	93.8963	94.6614	95.3985	96.1441	96.8715	97.5965
438	Liechtenstein	86.4697	88.2139	89.2089	90.1329	91.0175	91.878	92.7103	93.532	94.338	95.1121	95.8976	96.6693	97.4332	98.1986	98.9594	99.7014
442	Luxembourg	85.2527	86.7652	87.7338	88.6354	89.4928	90.3179	91.1294	91.9272	92.7017	93.4673	94.2239	94.9742	95.7329	96.4811	97.2103	97.9409
492	Monaco	89.2085	90.8593	91.8257	92.7271	93.5754	94.3919	95.1849	95.9594	96.7261	97.4898	98.2291	98.964	99.6884	100.4119	101.1308	101.8413
528	Netherlands	84.356	85.8964	86.8646	87.7494	88.6079	89.4332	90.2423	91.0384	91.8075	92.5756	93.3408	94.0856	94.8142	95.5385	96.2766	97.0023
756	Switzerland	86.4332	87.9603	88.9666	89.8899	90.7615	91.61	92.4319	93.2311	94.0253	94.8058	95.5647	96.3199	97.0715	97.8172	98.5515	99.2775
904	Latin America and the Caribbean	77.8689	80.4434	81.4351	82.32	83.1329	83.9107	84.6621	85.3463	85.9972	86.6217	87.3007	87.9667	88.5791	89.1782	89.7863	90.3521
915	Caribbean	76.3123	78.583	79.6233	80.6196	81.4958	82.263	82.9571	83.5916	84.2195	84.827	85.4013	86.0081	86.6697	87.249	87.885	88.4392
660	Anguilla	81.7076	83.4418	84.5162	85.4938	86.4139	87.298	88.1429	88.9694	89.7677	90.5523	91.3364	92.1061	92.8547	93.6137	94.3393	95.0733
28	Antigua and Barbuda	82.2005	83.9115	84.9988	85.9893	86.9116	87.8048	88.6595	89.4842	90.2929	91.0741	91.8642	92.6297	93.395	94.1445	94.8909	95.6276
533	Aruba	79.3001	81.8736	82.9767	83.9583	84.8764	85.7422	86.5743	87.3794	88.1754	88.9473	89.7213	90.487	91.2331	91.9706	92.6874	93.4212
44	Bahamas	77.9463	80.3988	81.4625	82.4178	83.3029	84.1357	84.9271	85.7088	86.4764	87.2342	87.9826	88.7198	89.4516	90.1799	90.9185	91.6309
52	Barbados	80.278	81.9861	83.0958	84.0864	84.9928	85.8636	86.7026	87.5261	88.3265	89.1227	89.8833	90.6514	91.3996	92.143	92.8807	93.6016
535	Bonaire, Sint Eustatius and Saba	79.6524	82.0419	83.1322	84.0956	84.9865	85.8282	86.6531	87.4477	88.2273	88.996	89.7515	90.4794	91.2194	91.947	92.6696	93.3898
92	British Virgin Islands	79.6299	81.6591	82.7628	83.7355	84.6356	85.492	86.3166	87.1228	87.9135	88.685	89.455	90.204	90.9529	91.6816	92.4151	93.1413
136	Cayman Islands	78.8571	80.7044	81.887	82.9279	83.8877	84.7976	85.6579	86.4965	87.298	88.1014	88.8765	89.649	90.4042	91.1398	91.8682	92.5966
192	Cuba	80.4424	82.9336	84.0436	85.0343	85.9723	86.8578	87.7066	88.53	89.3378	90.137	90.9119	91.6739	92.4286	93.1632	93.8968	94.6193
531	Curaçao	80.7578	82.5741	83.6315	84.5688	85.451	86.2914	87.1207	87.929	88.7137	89.4932	90.2503	91.016	91.7552	92.5004	93.2434	93.9669
212	Dominica	77.9425	80.1523	81.2711	82.2779	83.2203	84.0907	84.9252	85.7434	86.5438	87.3313	88.1138	88.8799	89.643	90.4108	91.1567	91.8894
214	Dominican Republic	78.0819	80.2517	81.5322	82.65	83.6715	84.6038	85.5077	86.3632	87.1907	88.0056	88.7902	89.5675	90.3419	91.1049	91.8422	92.5723
308	Grenada	78.9923	80.7889	81.9234	82.9386	83.8575	84.7163	85.5533	86.3695	87.1676	87.9375	88.6925	89.4531	90.2033	90.9522	91.6861	92.4256
312	Guadeloupe	85.8811	88.3134	89.2864	90.1855	91.0391	91.8592	92.6591	93.4414	94.2037	94.9654	95.6985	96.4369	97.1647	97.8748	98.5931	99.3168
332	Haiti	68.333	71.691	73.4662	74.9679	76.3053	77.5132	78.6056	79.6196	80.5668	81.4693	82.3311	83.1612	83.9507	84.696	85.4214	86.1539
388	Jamaica	74.5999	77.2942	78.589	79.7338	80.7904	81.7662	82.672	83.5372	84.353	85.1341	85.8943	86.646	87.406	88.1408	88.8742	89.5959
474	Martinique	86.1244	87.9699	88.9378	89.8412	90.6992	91.52	92.3263	93.1025	93.8656	94.6159	95.3531	96.0756	96.8081	97.5253	98.241	98.9511
500	Montserrat	78.2519	80.1299	81.3144	82.3569	83.309	84.1916	85.0252	85.8303	86.6142	87.3786	88.1392	88.8878	89.6347	90.3694	91.0903	91.7998
630	Puerto Rico	84.44	85.9812	87.0244	87.9731	88.8777	89.7473	90.5811	91.3967	92.1903	92.9574	93.7155	94.4751	95.2112	95.9369	96.6744	97.4005
652	Saint Barthélemy	84.3484	85.8826	86.9791	87.9741	88.9138	89.8053	90.6543	91.4847	92.3021	93.1056	93.8833	94.6498	95.3956	96.1633	96.8919	97.6189
659	Saint Kitts and Nevis	76.4592	78.3701	79.5903	80.6789	81.6707	82.5911	83.4595	84.284	85.0665	85.8528	86.6226	87.3729	88.1072	88.8493	89.5748	90.2972
662	Saint Lucia	77.2343	80.0744	81.2295	82.2569	83.1946	84.0695	84.9003	85.7071	86.5019	87.279	88.0423	88.7962	89.5421	90.2778	91.0037	91.7373
663	Saint Martin (French part)	84.288	85.7161	86.7314	87.6748	88.5623	89.4214	90.2612	91.0595	91.842	92.6119	93.3704	94.1283	94.8755	95.6273	96.3657	97.0884
670	Saint Vincent and the Grenadines	74.6065	78.9646	80.2295	81.3456	82.3555	83.2897	84.1571	84.9626	85.7596	86.5379	87.3027	88.0629	88.7995	89.5308	90.2642	90.9828
534	Sint Maarten (Dutch part)	78.8494	81.5326	82.5836	83.5168	84.3832	85.1974	85.9816	86.7601	87.5339	88.2903	89.0288	89.7803	90.4972	91.2183	91.9351	92.6602
780	Trinidad and Tobago	78.6199	80.6698	81.8237	82.8469	83.7899	84.6565	85.4954	86.3103	87.098	87.8864	88.651	89.4053	90.1594	90.8947	91.625	92.3444
796	Turks and Caicos Islands	79.1816	81.375	82.5425	83.5743	84.5158	85.3879	86.2419	87.0777	87.8778	88.666	89.453	90.2148	90.9737	91.7074	92.4392	93.1595
850	United States Virgin Islands	81.8617	83.7435	84.7659	85.7106	86.6097	87.4634	88.293	89.1164	89.926	90.7155	91.4909	92.2625	93.043	93.7934	94.5236	95.2543
916	Central America	77.2401	80.2254	81.3389	82.3438	83.2154	84.1095	84.9206	85.5896	86.3454	87.065	87.7936	88.4949	89.2018	89.8709	90.5497	91.116
84	Belize	77.1436	80.3184	81.5004	82.561	83.5275	84.4263	85.2996	86.14	86.9666	87.7679	88.5697	89.3402	90.1181	90.8808	91.6397	92.3987
188	Costa Rica	82.103	84.7687	85.8957	86.924	87.8818	88.8033	89.6805	90.522	91.3258	92.1251	92.9187	93.6851	94.4525	95.2064	95.95	96.6996
222	El Salvador	77.1398	80.0575	81.2916	82.3692	83.3383	84.2262	85.0632	85.8671	86.6562	87.4121	88.1614	88.8956	89.6213	90.3368	91.0377	91.739
320	Guatemala	74.8594	79.1476	80.402	81.4843	82.4709	83.3978	84.2549	85.0618	85.8409	86.6012	87.3563	88.0911	88.8154	89.5218	90.2328	90.9248
340	Honduras	75.2771	78.6171	79.8469	80.935	81.9294	82.8633	83.7321	84.5527	85.3478	86.1368	86.9061	87.6573	88.3991	89.1275	89.8585	90.5975
484	Mexico	77.6402	80.8185	82.0652	83.1613	84.1402	85.0665	85.9499	86.7997	87.6148	88.4215	89.2096	89.9864	90.7405	91.4938	92.2336	92.9715
558	Nicaragua	77.833	80.2398	81.4783	82.5614	83.5336	84.426	85.2696	86.088	86.8749	87.6512	88.3916	89.131	89.8471	90.5659	91.2607	91.9553
591	Panama	81.3119	83.7388	84.8328	85.8213	86.7571	87.6498	88.5251	89.3592	90.1649	90.963	91.748	92.5239	93.2891	94.0396	94.7601	95.4971
931	South America	78.4572	81.1872	82.2083	83.1509	84.0026	84.7706	85.5376	86.2761	86.9932	87.6921	88.3293	89.0355	89.6699	90.2483	90.8481	91.4814
32	Argentina	80.6692	83.3783	84.4356	85.3905	86.2873	87.1556	87.9944	88.8318	89.6247	90.392	91.1615	91.9204	92.6605	93.403	94.1378	94.8643
68	Bolivia (Plurinational State of)	70.1717	74.5896	76.1754	77.545	78.7508	79.8586	80.855	81.776	82.649	83.4797	84.2656	85.0203	85.7532	86.4736	87.1907	87.8923
76	Brazil	78.4953	81.6624	82.9104	83.998	84.9813	85.9273	86.8263	87.6783	88.5231	89.3396	90.1373	90.9048	91.6766	92.442	93.1916	93.932
152	Chile	83.0926	85.4679	86.6005	87.6215	88.5786	89.4925	90.3661	91.2215	92.0371	92.8353	93.6261	94.4027	95.1622	95.918	96.6699	97.4151
170	Colombia	79.2716	82.6498	83.8026	84.8235	85.7743	86.6764	87.546	88.3981	89.2168	90.014	90.7993	91.5704	92.3363	93.0946	93.8357	94.5764
218	Ecuador	79.829	82.8834	84.0115	85.0039	85.9221	86.7929	87.6376	88.4426	89.2275	89.9994	90.7596	91.4956	92.2072	92.9402	93.6488	94.3497
238	Falkland Islands (Malvinas)	81.9205	83.7045	84.8336	85.8297	86.7687	87.642	88.4715	89.2704	90.0553	90.8213	91.585	92.3192	93.0381	93.7589	94.4716	95.175
254	French Guiana	80.6105	82.6977	83.8098	84.7797	85.7164	86.5997	87.4595	88.2861	89.096	89.8915	90.6654	91.4235	92.165	92.907	93.6665	94.4024
328	Guyana	72.4443	76.1041	77.3996	78.5488	79.606	80.5826	81.5007	82.3748	83.2198	84.0257	84.7971	85.5455	86.2835	87.0105	87.7515	88.466
600	Paraguay	76.2853	79.3559	80.4607	81.4485	82.3577	83.2237	84.0435	84.8346	85.5962	86.3622	87.1095	87.8541	88.597	89.3353	90.0613	90.7784
604	Peru	77.9377	81.6512	82.845	83.8961	84.8393	85.7195	86.5613	87.367	88.1511	88.922	89.6622	90.3927	91.125	91.8411	92.5395	93.2436
740	Suriname	76.007	78.7181	79.8783	80.9023	81.8479	82.7394	83.5925	84.3905	85.174	85.9357	86.6871	87.4131	88.1424	88.8651	89.5896	90.3122
858	Uruguay	81.9788	83.8347	84.8329	85.7456	86.6198	87.475	88.29	89.0822	89.858	90.6355	91.4057	92.1497	92.9018	93.6402	94.3793	95.1065
862	Venezuela (Bolivarian Republic of)	77.0895	79.7028	80.8998	81.9645	82.9297	83.8354	84.6868	85.5108	86.3126	87.0999	87.8684	88.628	89.3711	90.1117	90.8353	91.5687
905	Northern America	82.0897	84.4147	85.4075	86.2453	87.0996	87.8392	88.7183	89.4921	90.2716	91.0764	91.8187	92.4565	93.1555	93.9538	94.6822	95.3488
60	Bermuda	84.7958	86.5657	87.5557	88.4723	89.3455	90.1866	91.0068	91.8093	92.6028	93.3802	94.1395	94.8935	95.6517	96.3946	97.1425	97.877
124	Canada	85.3271	86.8542	87.8814	88.8169	89.701	90.5589	91.3754	92.1954	92.984	93.7482	94.522	95.2857	96.0224	96.7776	97.5008	98.231
304	Greenland	76.7561	78.5514	79.6805	80.6853	81.6143	82.482	83.3176	84.1111	84.8792	85.6274	86.3636	87.0977	87.8194	88.5362	89.2562	89.9686
666	Saint Pierre and Miquelon	82.3062	83.8421	84.8318	85.731	86.5888	87.4201	88.2277	89.0223	89.8004	90.5548	91.3205	92.0697	92.8067	93.5481	94.2679	94.9749
840	United States of America	81.8663	84.2381	85.2364	86.1629	87.0358	87.8757	88.6938	89.5075	90.2975	91.0702	91.8297	92.5825	93.3188	94.0565	94.7905	95.5136
909	Oceania	82.2117	83.4268	84.2866	85.0706	85.7225	86.3773	87.0124	87.5998	88.2638	88.9047	89.6515	90.2494	90.8073	91.302	91.8929	92.5417
927	Australia/New Zealand	85.9965	87.1372	88.1014	88.9843	89.7262	90.5809	91.4559	92.1726	92.9512	93.7396	94.5511	95.2997	96.0282	96.7879	97.5154	98.2325
36	Australia	86.2595	87.4617	88.4543	89.3666	90.2312	91.0698	91.8783	92.6809	93.4783	94.2434	95.0063	95.7709	96.5121	97.2589	98.0035	98.7296
554	New Zealand	85.2995	86.7291	87.7153	88.6139	89.4792	90.31	91.12	91.9195	92.7063	93.4731	94.2373	95.0049	95.7547	96.4953	97.2305	97.9524
928	Melanesia	70.7419	72.8486	74.1337	75.1369	76.1155	77.0586	78.0764	78.8923	79.6899	80.5555	81.228	82.0488	82.7317	83.528	84.1799	84.8524
242	Fiji	70.9445	73.2838	74.5955	75.736	76.7862	77.7734	78.6983	79.5883	80.4255	81.2434	82.0249	82.7962	83.5319	84.2394	84.9336	85.6252
540	New Caledonia	84.9773	86.6263	87.6209	88.5391	89.3996	90.2298	91.0316	91.8227	92.5825	93.3379	94.0767	94.8133	95.5287	96.2557	96.9795	97.6751
598	Papua New Guinea	70.0841	72.3308	73.7195	74.9399	76.0526	77.0815	78.0356	78.9681	79.8468	80.6958	81.5031	82.3049	83.0776	83.8134	84.5398	85.2284
90	Solomon Islands	73.222	75.2434	76.474	77.5451	78.5299	79.4537	80.3329	81.1611	81.9755	82.7579	83.5292	84.2546	84.9712	85.6771	86.3767	87.0802
548	Vanuatu	73.9759	76.1369	77.5367	78.7614	79.8583	80.8697	81.8296	82.72	83.565	84.3591	85.1425	85.9082	86.6679	87.4105	88.1459	88.8626
954	Micronesia	76.1641	77.7541	78.7178	79.5157	80.2204	80.8406	81.5295	82.1506	82.8068	83.4417	84.1718	84.8506	85.4967	86.0982	86.7936	87.3886
316	Guam	82.4858	84.2721	85.3469	86.3315	87.2579	88.153	89.0011	89.8322	90.6587	91.4453	92.2211	92.9903	93.7647	94.5254	95.2787	96.0171
296	Kiribati	70.3758	72.6585	74.1461	75.445	76.6208	77.7165	78.7359	79.6995	80.6043	81.4662	82.309	83.127	83.9131	84.66	85.3924	86.1138
584	Marshall Islands	68.1747	70.2415	71.6249	72.844	73.9621	74.999	76	76.9553	77.8575	78.7062	79.5364	80.3601	81.15	81.9183	82.656	83.3918
583	Micronesia (Fed. States of)	75.8312	78.1077	79.3375	80.4231	81.4136	82.3399	83.2238	84.0741	84.8759	85.6404	86.408	87.1695	87.9252	88.6572	89.3722	90.0888
520	Nauru	68.7435	71.0198	72.4257	73.6659	74.8027	75.8684	76.8811	77.8455	78.7689	79.6673	80.5253	81.3702	82.16	82.9507	83.7145	84.4489
580	Northern Mariana Islands	80.1741	81.8404	82.9201	83.8951	84.7901	85.6374	86.4734	87.2896	88.0885	88.8628	89.6254	90.3686	91.1226	91.864	92.5929	93.3172
585	Palau	70.7195	72.5092	73.9444	75.2114	76.3748	77.4449	78.4526	79.4138	80.3178	81.2022	82.0509	82.8882	83.6879	84.4504	85.2069	85.9625
957	Polynesia	79.9386	81.6202	82.7187	83.6884	84.658	85.4711	86.2812	87.0253	87.6501	88.3604	89.0343	89.5908	90.1035	90.6573	91.086	91.6429
16	American Samoa	76.5797	78.2137	79.3926	80.4338	81.3912	82.2946	83.1536	83.9677	84.7479	85.5022	86.2635	87.0197	87.7517	88.4724	89.185	89.8971
184	Cook Islands	79.7459	81.4615	82.5697	83.5478	84.452	85.2967	86.1261	86.9247	87.711	88.4821	89.2437	89.9966	90.7504	91.485	92.2132	92.9405
258	French Polynesia	85.9626	87.9886	88.9596	89.8567	90.7118	91.5287	92.3303	93.1139	93.8842	94.6288	95.3738	96.1086	96.8415	97.5575	98.2752	98.995
570	Niue	73.7551	75.8189	77.1234	78.2716	79.3246	80.2792	81.1863	82.0445	82.8709	83.6715	84.4263	85.1846	85.9169	86.6452	87.3609	88.0804
882	Samoa	76.3572	78.1128	79.3583	80.4589	81.4691	82.3981	83.2917	84.1269	84.9259	85.7071	86.4861	87.237	87.9796	88.7122	89.4515	90.1805
772	Tokelau	77.012	78.8388	80.0082	81.0416	82.0122	82.9103	83.7548	84.5527	85.3365	86.1048	86.8576	87.6065	88.347	89.0849	89.8039	90.5329
776	Tonga	74.9488	76.9103	78.1086	79.1615	80.1446	81.0702	81.9308	82.7718	83.5775	84.3331	85.0709	85.8083	86.5357	87.2503	87.9759	88.69
798	Tuvalu	70.3636	72.5129	73.868	75.0524	76.1251	77.138	78.0805	78.9622	79.8201	80.6507	81.463	82.2472	83.0216	83.7621	84.4637	85.1751
876	Wallis and Futuna Islands	81.3252	83.2635	84.2851	85.2145	86.0821	86.9113	87.715	88.4927	89.2613	89.9991	90.7313	91.4509	92.1684	92.8827	93.5919	94.2813
