country_code	name	2020-2025	2025-2030	2030-2035	2035-2040	2040-2045	2045-2050	2050-2055	2055-2060	2060-2065	2065-2070	2070-2075	2075-2080	2080-2085	2085-2090	2090-2095	2095-2100
900	World	75.4452	77.5606	78.5589	79.3994	80.2384	80.9462	81.6487	82.2713	82.7828	83.3148	83.8077	84.2793	84.7736	85.2046	85.6439	86.1051
1834	Sub-Saharan Africa	63.1668	65.7902	67.2292	68.592	69.9107	71.1056	72.1584	73.1067	74.0867	75.0657	75.9042	76.7114	77.5002	78.2236	78.8219	79.5419
1833	Northern Africa and Western Asia	76.1376	78.4252	79.4751	80.4267	81.2991	82.1202	82.8927	83.605	84.1999	84.8757	85.5086	86.0965	86.6723	87.2428	87.8461	88.4319
1831	Central and Southern Asia	72.8895	76.7687	78.4872	79.8674	81.0585	82.2256	83.2809	84.1956	85.0709	85.7941	86.5099	87.2221	87.9196	88.5304	89.314	89.8536
1832	Eastern and South-Eastern Asia	80.8532	82.6759	83.7759	84.7459	85.5659	86.4925	87.2589	87.9827	88.7248	89.428	90.0027	90.6696	91.2613	91.8275	92.495	93.1493
1830	Latin America and the Caribbean	78.0475	80.8355	81.8582	82.8237	83.6737	84.4682	85.2954	86.0071	86.6975	87.3654	88.0094	88.7309	89.3813	89.9798	90.6636	91.3153
1835	Oceania (excluding Australia and New Zealand)	71.9832	74.5425	75.9871	77.2635	78.1955	79.0609	80.0412	80.9444	81.74	82.6215	83.3905	84.1126	84.9342	85.6435	86.3177	87.0974
1836	Australia/New Zealand	86.2706	87.8137	88.9449	89.964	90.8035	91.744	92.6883	93.6367	94.4984	95.3245	96.2202	97.1595	98.1367	98.9305	99.7935	100.5635
1829	Europe and Northern America	81.8377	84.017	84.8939	85.7209	86.4915	87.2547	88.005	88.6826	89.3444	90.0867	90.865	91.7025	92.4613	93.1884	93.884	94.574
901	More developed regions	82.5888	84.6052	85.4379	86.2119	86.94	87.6892	88.4219	89.1207	89.7938	90.4649	91.2079	91.9893	92.7388	93.4508	94.1395	94.7734
902	Less developed regions	73.9035	76.1874	77.347	78.3476	79.2642	80.081	80.7974	81.4739	82.0106	82.5816	83.0222	83.5107	83.9949	84.4465	84.8686	85.3436
941	Least developed countries	67.8747	70.1585	71.4163	72.6016	73.7376	74.7662	75.6678	76.5431	77.336	78.0247	78.712	79.3916	79.9641	80.5437	81.0908	81.7142
934	Less developed regions, excluding least developed countries	75.1805	77.6149	78.824	79.8632	80.7607	81.6174	82.4036	83.1359	83.729	84.3124	84.8532	85.4154	86.0057	86.4703	86.9766	87.4731
948	Less developed regions, excluding China	71.7121	74.4046	75.5787	76.6206	77.5769	78.4159	79.2659	80.0391	80.6549	81.3233	81.8947	82.4187	82.9275	83.3439	83.8126	84.3375
1636	Land-locked Developing Countries (LLDC)	68.0393	70.5529	71.8276	72.966	74.0138	74.9768	75.8856	76.7451	77.6319	78.4116	79.1085	79.7585	80.4486	81.0696	81.7577	82.4315
1637	Small Island Developing States (SIDS)	76.031	78.2258	79.3239	80.251	81.0533	81.7841	82.4191	83.0418	83.693	84.273	84.8461	85.3176	85.8617	86.4141	86.9145	87.4536
1503	High-income countries	84.0166	85.5811	86.3787	87.131	87.8405	88.5494	89.2404	89.8805	90.5545	91.2078	91.895	92.6059	93.3725	94.0322	94.7199	95.3171
1517	Middle-income countries	74.6342	77.0901	78.3016	79.3352	80.2841	81.1193	81.896	82.5995	83.2173	83.8466	84.3725	84.9196	85.5088	85.9526	86.4256	86.9495
1502	Upper-middle-income countries	80.0177	82.2267	83.4008	84.4501	85.3319	86.2197	87.0129	87.7526	88.5047	89.192	89.9306	90.5827	91.1221	91.7	92.4127	92.9282
1501	Lower-middle-income countries	70.9682	74.0194	75.316	76.5551	77.6478	78.6487	79.5649	80.5504	81.3713	82.081	82.7315	83.3855	83.9788	84.4984	85.0303	85.6118
1500	Low-income countries	66.3205	68.7053	70.0114	71.2031	72.3106	73.2893	74.2434	75.0946	75.9013	76.6569	77.3827	78.1485	78.89	79.5891	80.2906	80.9332
1518	No income group available	77.4677	80.5191	81.8396	82.9906	84.0786	84.9689	86.0199	86.9353	87.8947	88.8362	89.6023	90.4594	91.3347	91.9861	92.7395	93.4605
903	Africa	65.0955	67.5607	68.9051	70.1693	71.388	72.519	73.4541	74.3476	75.2848	76.1387	76.8927	77.564	78.2835	78.9686	79.6078	80.258
910	Eastern Africa	67.3621	70.1329	71.6207	72.9031	74.1381	75.2938	76.3247	77.2511	78.1371	78.972	79.8538	80.5765	81.2843	82.0629	82.7284	83.3818
108	Burundi	65.8796	69.7959	71.7972	73.5375	75.084	76.4929	77.754	78.9087	79.9546	80.943	81.8726	82.7292	83.5701	84.3906	85.153	85.9229
174	Comoros	68.2975	71.9658	73.9883	75.7252	77.2513	78.6144	79.8437	80.9795	82.0559	83.0606	84.0127	84.9039	85.7626	86.6204	87.4297	88.261
262	Djibouti	67.4776	71.4089	73.6193	75.5288	77.2023	78.6653	79.9473	81.124	82.2178	83.2391	84.1755	85.0887	85.9521	86.831	87.6353	88.4442
232	Eritrea	71.0128	75.3796	77.61	79.4125	80.9729	82.3306	83.538	84.6283	85.6217	86.5775	87.486	88.393	89.2828	90.1272	90.9605	91.7872
231	Ethiopia	70.8954	75.2947	77.7113	79.6221	81.1646	82.5206	83.6855	84.7238	85.6916	86.6063	87.4829	88.3169	89.1326	89.9493	90.7444	91.514
404	Kenya	66.892	71.0044	73.1291	74.9322	76.4996	77.9215	79.2058	80.4014	81.4925	82.5079	83.4593	84.3683	85.2502	86.1152	86.9495	87.7547
450	Madagascar	69.7155	73.9251	75.9755	77.7033	79.1851	80.4813	81.6431	82.7052	83.6884	84.5978	85.4748	86.3152	87.1294	87.9146	88.6973	89.4733
454	Malawi	69.0368	73.672	75.739	77.4741	78.9671	80.2583	81.4327	82.4946	83.4424	84.3238	85.1809	86.0052	86.7839	87.5598	88.3513	89.0964
480	Mauritius	79.0184	81.8957	83.1804	84.2991	85.3369	86.3243	87.2681	88.1837	89.0829	89.9583	90.8306	91.6974	92.517	93.3228	94.124	94.9115
175	Mayotte	80.8619	84.3942	85.6929	86.8669	87.9518	88.9738	89.9623	90.9128	91.8587	92.7616	93.6356	94.4961	95.3494	96.1904	97.0254	97.8552
508	Mozambique	65.8245	70.6734	73.3954	75.6909	77.6264	79.208	80.5761	81.8065	82.9149	83.8999	84.7878	85.6652	86.4845	87.2935	88.0937	88.8899
638	Réunion	86.2415	88.1784	89.3717	90.4411	91.4292	92.3739	93.2823	94.1564	95.0388	95.8799	96.7219	97.5717	98.3958	99.2006	99.9989	100.8022
646	Rwanda	70.795	74.3254	76.4779	78.2516	79.767	81.0891	82.2587	83.325	84.2856	85.1944	86.073	86.9344	87.772	88.591	89.3795	90.1584
690	Seychelles	78.876	82.5928	83.9715	85.165	86.2804	87.3331	88.3165	89.2695	90.2128	91.1215	92.0003	92.8823	93.7337	94.5892	95.4078	96.2187
706	Somalia	60.5162	64.9988	67.1926	69.1676	70.9682	72.5994	74.1138	75.5332	76.8449	78.0218	79.1647	80.2135	81.1972	82.1431	82.9922	83.8589
728	South Sudan	59.3309	63.8739	66.5877	69.0373	71.2288	73.1865	74.9722	76.5899	78.0268	79.3268	80.511	81.5864	82.5992	83.5153	84.3807	85.2146
800	Uganda	67.2659	70.9022	73.1747	75.1222	76.784	78.2406	79.5352	80.6881	81.7274	82.7365	83.6848	84.5488	85.3927	86.182	86.9811	87.7366
834	United Republic of Tanzania	70.8408	74.773	76.8357	78.551	80.0727	81.396	82.6006	83.6846	84.6889	85.6366	86.5545	87.4291	88.2878	89.1434	89.9458	90.7497
894	Zambia	66.8313	70.8762	72.8967	74.651	76.2141	77.5894	78.8317	79.9589	81.0198	81.9972	82.9036	83.7957	84.6415	85.4515	86.2255	87.0024
716	Zimbabwe	65.1023	69.012	71.0371	72.8048	74.417	75.8061	77.1041	78.3078	79.4316	80.4265	81.4077	82.3225	83.1757	84.0071	84.7868	85.5672
911	Middle Africa	63.1681	66.028	67.6096	69.0258	70.259	71.366	72.4018	73.4796	74.4973	75.6121	76.4074	77.324	78.2487	79.0151	79.8488	80.559
24	Angola	66.8178	70.4251	72.4379	74.148	75.6772	77.0207	78.2655	79.3967	80.4144	81.4144	82.318	83.1726	83.9878	84.7582	85.5289	86.2614
120	Cameroon	64.7053	68.6845	70.8095	72.6686	74.2817	75.7379	76.9922	78.147	79.2002	80.1805	81.0914	82.0013	82.8348	83.6642	84.4139	85.1431
140	Central African Republic	59.0334	63.1428	65.3297	67.2254	68.9487	70.5834	72.0636	73.4277	74.6946	75.8933	76.9602	78.0251	79.0005	79.9526	80.8592	81.6929
148	Chad	56.8936	60.7498	62.806	64.5998	66.2382	67.7368	69.1587	70.4916	71.7631	72.9359	74.0604	75.1013	76.1035	77.0708	77.9425	78.8459
178	Congo	66.7068	69.571	71.5417	73.2318	74.7489	76.1177	77.3527	78.5167	79.5897	80.5569	81.4857	82.3841	83.2477	84.0729	84.8533	85.6184
180	Democratic Republic of the Congo	64.025	67.8091	69.8406	71.6436	73.2513	74.6834	75.9867	77.1899	78.3056	79.3835	80.3576	81.3153	82.194	83.0298	83.8445	84.5938
226	Equatorial Guinea	65.2068	68.9551	70.9026	72.6155	74.1443	75.5468	76.8155	77.9922	79.0392	80.0532	81.0202	81.9314	82.7857	83.5971	84.3829	85.1582
266	Gabon	70.4882	73.8094	75.498	76.9514	78.2193	79.3608	80.3978	81.3815	82.3104	83.2004	84.0019	84.7883	85.5607	86.3586	87.0871	87.7875
678	Sao Tome and Principe	72.9761	75.8065	77.1722	78.394	79.5045	80.5013	81.4577	82.3483	83.2376	84.0534	84.8758	85.6738	86.4726	87.2603	88.0591	88.8401
912	Northern Africa	74.7874	77.3009	78.4272	79.4869	80.518	81.4593	82.3105	83.1192	83.7731	84.5579	85.3057	86.0013	86.7669	87.5489	88.1341	88.7579
12	Algeria	79.1734	82.0761	83.5801	84.8657	86.0118	87.1029	88.1433	89.1151	90.0493	90.9709	91.8602	92.7347	93.5766	94.4161	95.2474	96.0651
818	Egypt	74.6635	78.2447	79.7982	81.1175	82.2728	83.3512	84.3505	85.3044	86.2291	87.11	87.969	88.8246	89.6742	90.506	91.3219	92.1448
434	Libya	76.8265	80.02	81.4564	82.6934	83.7912	84.8005	85.764	86.7156	87.6251	88.4909	89.345	90.2065	91.0215	91.8397	92.6449	93.4512
504	Morocco	78.2238	81.0328	82.6305	83.9776	85.189	86.2986	87.353	88.3413	89.3123	90.2354	91.1517	92.0329	92.8967	93.77	94.6014	95.4329
729	Sudan	69.9787	72.9599	74.5037	75.8067	77.0034	78.1137	79.1671	80.1799	81.1029	82.0119	82.8813	83.7123	84.5449	85.3611	86.1683	86.9348
788	Tunisia	79.9805	83.3391	84.7101	85.922	87.0477	88.1219	89.1235	90.1046	91.0344	91.9412	92.8274	93.6886	94.5401	95.4033	96.2307	97.0633
732	Western Sahara	74.5321	77.4479	79.1991	80.6543	81.9158	83.0428	84.0412	84.972	85.8736	86.7438	87.6153	88.4532	89.2723	90.0818	90.8816	91.6361
913	Southern Africa	67.5482	72.8631	74.45	75.8584	76.7796	77.8614	78.8064	79.8001	80.6799	81.7171	82.6454	83.2388	84.1441	85.0051	85.7073	86.6377
72	Botswana	69.0723	72.856	74.591	76.0758	77.405	78.602	79.6923	80.717	81.6655	82.5658	83.4292	84.2205	85.0094	85.8029	86.5576	87.3404
748	Eswatini	64.3517	70.1085	72.3424	74.2559	75.9393	77.4542	78.7672	79.9816	81.0649	82.0787	83.0215	83.9085	84.7459	85.5533	86.3602	87.1499
426	Lesotho	58.9488	63.0087	65.2876	67.3331	69.2337	70.9322	72.5713	74.0515	75.4181	76.7337	77.8694	78.9691	79.9925	80.9231	81.8353	82.7116
516	Namibia	66.1769	72.0426	74.0201	75.7238	77.2159	78.5401	79.7566	80.8394	81.8408	82.7933	83.695	84.544	85.3596	86.166	86.9715	87.7722
710	South Africa	68.1815	73.895	75.5563	76.9665	78.2058	79.3334	80.3923	81.4114	82.3613	83.2628	84.1236	84.9609	85.7921	86.5829	87.3958	88.1713
914	Western Africa	59.4337	62.6373	64.6099	66.54	68.127	69.6487	71.0371	72.541	73.8085	74.9014	75.9916	76.7751	77.7149	78.5256	79.2546	80.0409
204	Benin	63.6819	67.4778	69.525	71.3238	72.9117	74.3518	75.6907	76.8932	78.0052	79.0339	80.0337	80.9651	81.8393	82.6791	83.4875	84.2471
854	Burkina Faso	63.6391	67.5835	69.716	71.5529	73.1773	74.6644	76.0314	77.2523	78.3793	79.4426	80.4152	81.3416	82.2402	83.0638	83.8682	84.6409
132	Cabo Verde	80.8129	83.9778	85.3362	86.5364	87.6717	88.7355	89.7239	90.6749	91.6187	92.5266	93.4216	94.2835	95.1244	95.9653	96.8089	97.6081
384	Côte d'Ivoire	62.5258	66.3125	68.3658	70.1847	71.8645	73.3339	74.6598	75.8819	76.9993	78.0583	79.0546	80.0046	80.9164	81.7632	82.5896	83.396
270	Gambia	66.5672	71.0867	73.308	75.1625	76.7511	78.1607	79.4159	80.5286	81.5265	82.4797	83.4125	84.2385	85.0274	85.8206	86.5933	87.3222
288	Ghana	68.2829	72.2728	74.2985	76.0248	77.5506	78.8943	80.1048	81.2066	82.2321	83.2069	84.0992	84.9502	85.7707	86.5764	87.3626	88.152
324	Guinea	62.4656	66.5562	68.6203	70.4594	72.1106	73.5997	74.9412	76.1958	77.3382	78.4338	79.4714	80.4224	81.3408	82.2289	83.0402	83.8421
624	Guinea-Bissau	64.249	68.5826	70.6859	72.5206	74.1241	75.5694	76.9052	78.0981	79.1894	80.2376	81.2079	82.1219	82.9921	83.8034	84.5964	85.3596
430	Liberia	64.5475	68.5603	71.0683	73.2401	75.1699	76.8268	78.2907	79.6095	80.7478	81.7754	82.7825	83.6878	84.5596	85.3821	86.1735	86.96
466	Mali	62.728	66.8998	69.1016	71.0045	72.69	74.2303	75.5999	76.8466	77.9633	79.0044	79.968	80.9039	81.7783	82.6151	83.4072	84.1837
478	Mauritania	68.6915	73.3201	75.3525	77.0591	78.5349	79.8575	81.088	82.206	83.2149	84.1691	85.0701	85.9636	86.8103	87.6482	88.4708	89.2767
562	Niger	65.3854	69.9412	72.1455	74.0094	75.6373	77.1038	78.3955	79.5878	80.6618	81.6576	82.5978	83.4782	84.3215	85.119	85.9081	86.6768
566	Nigeria	55.8405	59.9964	62.7042	65.147	67.392	69.481	71.3896	73.1779	74.7832	76.1985	77.5237	78.6767	79.7708	80.7708	81.7062	82.5802
654	Saint Helena	81.8808	83.8644	85.033	86.105	87.1183	88.0816	89.0142	89.9466	90.8282	91.6932	92.5274	93.3826	94.2277	95.0706	95.8515	96.6532
686	Senegal	72.3759	76.9371	79.0434	80.7784	82.2586	83.5512	84.7151	85.7969	86.816	87.8027	88.7393	89.6306	90.5067	91.374	92.2261	93.0638
694	Sierra Leone	63.5293	67.2346	69.2658	71.0497	72.6668	74.1231	75.4418	76.6472	77.7642	78.7934	79.8019	80.7698	81.6622	82.5035	83.3122	84.0913
768	Togo	64.0568	67.605	70.0187	72.1175	73.9728	75.6059	77.0878	78.4204	79.6349	80.7897	81.8344	82.8023	83.7018	84.5732	85.4413	86.2868
935	Asia	77.1635	79.6514	80.8792	81.8746	82.8309	83.7204	84.4636	85.1706	85.7632	86.347	86.9183	87.5421	88.1138	88.6769	89.3117	89.9071
5500	Central Asia	74.5067	77.0673	78.1722	79.1233	80.0603	80.8642	81.7313	82.4703	83.2783	84.0805	84.7813	85.4696	86.114	86.8167	87.5446	88.2506
398	Kazakhstan	75.342	79.2435	80.579	81.7409	82.7979	83.7668	84.6967	85.5867	86.4717	87.3239	88.164	88.9869	89.8208	90.6254	91.4158	92.1966
417	Kyrgyzstan	76.2463	79.4201	80.8074	82.0095	83.1208	84.125	85.0667	85.9825	86.8668	87.7258	88.5765	89.4307	90.2668	91.1098	91.9423	92.7254
762	Tajikistan	74.4314	77.5342	79.0708	80.3831	81.5557	82.6415	83.6413	84.5835	85.4907	86.3491	87.2014	88.0285	88.8577	89.6971	90.5076	91.3383
795	Turkmenistan	74.1892	76.8365	78.3446	79.6327	80.768	81.8428	82.8229	83.7479	84.6349	85.4802	86.3355	87.1498	87.9654	88.7925	89.5813	90.3735
860	Uzbekistan	75.2676	78.0467	79.4553	80.6574	81.7635	82.7887	83.7329	84.6297	85.5009	86.3437	87.1826	88.0063	88.8035	89.6079	90.4218	91.2167
906	Eastern Asia	83.2763	85.0221	86.1708	87.2799	88.173	89.2632	90.2079	91.0341	91.9476	92.8629	93.8871	94.8417	95.6725	96.4193	97.3828	98.1333
156	China	82.3702	84.4789	85.8074	87.0074	88.1172	89.179	90.1806	91.1749	92.0974	93.0146	93.8987	94.7858	95.6575	96.5098	97.3618	98.1713
344	China, Hong Kong SAR	89.1204	91.3339	92.5642	93.6811	94.7244	95.7081	96.6635	97.6057	98.523	99.411	100.2849	101.1419	102.0159	102.8698	103.6989	104.5132
446	China, Macao SAR	88.9431	90.7917	92.0369	93.1636	94.2129	95.209	96.1698	97.1216	98.0193	98.9014	99.7833	100.6427	101.4941	102.3225	103.1447	103.9717
158	China, Taiwan Province of China	85.4775	87.3959	88.669	89.8144	90.8587	91.8798	92.8522	93.8115	94.7387	95.6239	96.4947	97.3496	98.2181	99.0608	99.8931	100.6938
408	Dem. People's Republic of Korea	77.3419	79.7623	81.1499	82.365	83.4381	84.4367	85.3828	86.3004	87.2092	88.108	88.9676	89.8342	90.6759	91.5095	92.3311	93.1467
392	Japan	88.7798	90.627	91.853	92.9619	94.0057	95	95.9447	96.8671	97.7846	98.6601	99.5368	100.3713	101.2218	102.0544	102.8672	103.6937
496	Mongolia	78.3373	81.1985	82.7973	84.1528	85.3554	86.4485	87.4982	88.5109	89.4591	90.4048	91.3482	92.2371	93.0989	93.9509	94.7936	95.6314
410	Republic of Korea	87.9502	89.896	91.1185	92.2257	93.2452	94.2247	95.193	96.1044	96.9734	97.8341	98.6932	99.5393	100.3588	101.1851	101.9934	102.8107
5501	Southern Asia	72.8574	76.8348	78.5822	80.0141	81.2056	82.378	83.4435	84.3874	85.248	85.963	86.6632	87.3772	88.1258	88.7218	89.5328	90.0867
4	Afghanistan	68.2049	72.7303	74.8901	76.6643	78.1705	79.4715	80.634	81.6798	82.6836	83.6075	84.4406	85.2486	86.0392	86.8001	87.6163	88.3826
50	Bangladesh	76.7316	80.2246	82.0016	83.4594	84.7424	85.922	87.0176	88.0385	89.0359	89.9867	90.9324	91.8449	92.7166	93.6001	94.4597	95.2832
64	Bhutan	75.4968	78.5438	80.3825	81.9026	83.237	84.4241	85.5302	86.5895	87.5786	88.5344	89.4633	90.3764	91.2444	92.1058	92.957	93.7955
356	India	72.9776	77.8779	79.7957	81.4045	82.7827	84.008	85.1169	86.1478	87.141	88.093	89.0165	89.9009	90.7661	91.6189	92.4748	93.2948
364	Iran (Islamic Republic of)	79.5145	83.0552	84.4776	85.7211	86.8387	87.897	88.8915	89.8728	90.8221	91.7397	92.6433	93.5379	94.4001	95.2483	96.0883	96.9149
462	Maldives	82.6943	85.0683	86.4733	87.7058	88.8201	89.8602	90.8568	91.8293	92.7293	93.6128	94.4809	95.323	96.1378	96.9582	97.7536	98.5401
524	Nepal	73.3756	77.0761	79.059	80.7007	82.126	83.3649	84.4885	85.5424	86.5208	87.4653	88.3946	89.3221	90.1984	91.0598	91.8924	92.7648
586	Pakistan	70.7332	73.7815	75.3683	76.7466	77.977	79.0978	80.1515	81.1539	82.1097	83.0273	83.9174	84.7906	85.6155	86.4524	87.2574	88.0711
144	Sri Lanka	81.2342	83.4416	84.7553	85.9081	86.9857	87.999	88.9665	89.9075	90.8061	91.6728	92.5547	93.4199	94.2691	95.0976	95.9307	96.7569
920	South-Eastern Asia	75.526	78.2129	79.406	80.4909	81.4704	82.2907	83.139	83.8648	84.4948	85.1227	85.788	86.5729	87.1831	87.8574	88.4932	89.2372
96	Brunei Darussalam	78.0741	80.2508	82.3582	83.4895	84.4614	85.4328	86.3448	87.2276	88.0867	88.9389	89.7823	90.6016	91.364	92.1643	92.9371	93.7005
116	Cambodia	74.5198	77.8797	79.6296	81.0565	82.2942	83.4062	84.4253	85.3769	86.2555	87.1164	87.9571	88.7696	89.5534	90.3429	91.1256	91.8863
360	Indonesia	73.0041	77.0848	78.602	79.8987	81.078	82.1532	83.1559	84.1082	85.0102	85.8705	86.7183	87.5406	88.3709	89.1872	90.0169	90.7879
418	Lao People's Democratic Republic	72.5239	75.9409	77.9498	79.5713	80.981	82.2008	83.3005	84.3053	85.2441	86.1619	87.029	87.8765	88.711	89.4892	90.2541	91.0356
458	Malaysia	79.6996	82.1522	83.49	84.6409	85.7091	86.7215	87.7024	88.6344	89.522	90.3973	91.2702	92.1287	92.9559	93.8045	94.6235	95.4396
104	Myanmar	71.7619	75.1067	76.9966	78.5731	79.9524	81.1717	82.2934	83.3503	84.3497	85.2763	86.1596	87.0195	87.8427	88.6851	89.4897	90.2947
608	Philippines	75.0658	77.9642	79.3893	80.6175	81.7206	82.7626	83.7484	84.6756	85.5659	86.4364	87.311	88.1707	88.9978	89.8183	90.6518	91.4926
702	Singapore	86.8365	89.0906	90.3034	91.405	92.4329	93.4183	94.3737	95.2784	96.1844	97.0691	97.9614	98.8073	99.647	100.4867	101.341	102.1675
764	Thailand	84.7129	86.8264	88.1432	89.313	90.4024	91.4364	92.4175	93.3687	94.2923	95.1913	96.0852	96.943	97.8035	98.6476	99.4943	100.339
626	Timor-Leste	72.1554	75.5724	77.5169	79.1273	80.5277	81.7483	82.8769	83.8901	84.8325	85.7428	86.6147	87.4784	88.2938	89.0886	89.8823	90.644
704	Viet Nam	80.403	82.4873	83.7379	84.8494	85.8825	86.8702	87.8269	88.739	89.6742	90.5754	91.4254	92.2888	93.1219	93.9717	94.7864	95.6478
922	Western Asia	77.7638	80.2499	81.2952	82.2777	83.157	83.9491	84.7334	85.4047	86.0583	86.619	87.1495	87.7115	88.202	88.7828	89.3776	89.9159
51	Armenia	79.8075	83.3215	84.5152	85.61	86.6188	87.5898	88.5285	89.4447	90.3433	91.2138	92.0766	92.9105	93.7625	94.5988	95.4208	96.2416
31	Azerbaijan	75.9661	79.8251	81.1921	82.3793	83.4526	84.4233	85.3548	86.2753	87.1677	88.0335	88.881	89.7178	90.537	91.331	92.1324	92.9284
48	Bahrain	82.0118	84.767	86.0173	87.1494	88.1872	89.1776	90.1416	91.0696	91.981	92.8652	93.7414	94.5934	95.4531	96.2844	97.083	97.8917
196	Cyprus	84.5449	86.5024	87.7292	88.8278	89.8749	90.8597	91.8271	92.754	93.6544	94.5299	95.3936	96.2302	97.0852	97.9041	98.7313	99.5471
268	Georgia	78.6093	82.0696	83.3242	84.4195	85.4438	86.4115	87.335	88.2299	89.1317	90.01	90.872	91.7181	92.5475	93.3525	94.1744	94.9801
368	Iraq	74.4472	77.6728	79.074	80.3086	81.4284	82.4237	83.3844	84.2738	85.1482	86.0073	86.8473	87.6493	88.4722	89.2692	90.0637	90.8507
376	Israel	85.6641	87.7376	88.9165	89.9764	90.9699	91.9256	92.8395	93.7437	94.6198	95.487	96.3476	97.1902	98.0162	98.8489	99.6649	100.4671
400	Jordan	78.7505	82.2628	83.583	84.7294	85.7666	86.7441	87.7085	88.6443	89.5656	90.4428	91.3322	92.1841	93.0328	93.8659	94.6756	95.4621
414	Kuwait	83.0032	85.7065	87.0043	88.1756	89.2603	90.29	91.2818	92.2027	93.1321	94.0516	94.9316	95.8049	96.6267	97.4707	98.3069	99.1263
422	Lebanon	79.6953	84.3208	85.4972	86.5684	87.576	88.5223	89.4673	90.359	91.2444	92.1305	92.9745	93.7968	94.6285	95.4577	96.2826	97.1038
512	Oman	78.9858	83.8655	85.2648	86.4901	87.6074	88.6682	89.6784	90.6337	91.5675	92.4802	93.3648	94.2564	95.1284	95.9711	96.7939	97.6096
634	Qatar	83.2317	86.0102	87.2887	88.4388	89.5014	90.541	91.5197	92.443	93.3631	94.2633	95.1649	96.0329	96.8898	97.7083	98.5276	99.368
682	Saudi Arabia	80.3185	82.9648	84.3807	85.6126	86.7394	87.807	88.8134	89.7885	90.7359	91.6682	92.5384	93.3945	94.2826	95.1353	95.9742	96.8059
275	State of Palestine	77.9394	81.4355	82.8384	84.052	85.1368	86.1742	87.1565	88.1169	89.0433	89.9449	90.8357	91.7063	92.5794	93.4079	94.2079	95.0298
760	Syrian Arab Republic	77.2379	79.7342	81.1078	82.2736	83.3517	84.3247	85.2766	86.1753	87.0581	87.899	88.7467	89.5781	90.3775	91.1753	91.9773	92.7663
792	Türkiye	81.6619	84.6161	85.9598	87.1525	88.2673	89.317	90.3349	91.2893	92.2027	93.1188	94.0173	94.8834	95.7569	96.572	97.4145	98.2433
784	United Arab Emirates	82.7563	85.4174	86.7321	87.922	89.0103	90.0398	91.0239	91.974	92.9007	93.7891	94.6538	95.5066	96.368	97.2127	98.0287	98.8482
887	Yemen	69.601	73.9469	75.7391	77.2577	78.5967	79.8187	80.9388	81.9641	82.9411	83.8486	84.7028	85.5644	86.3856	87.2005	87.9852	88.7663
908	Europe	81.928	84.1076	84.9267	85.6879	86.488	87.2668	87.9197	88.6171	89.2334	89.8952	90.5658	91.2526	91.9605	92.6422	93.2787	93.886
923	Eastern Europe	78.6283	82.0036	82.9856	83.8472	84.6734	85.4657	86.2554	87.0155	87.743	88.4645	89.2425	90.0403	90.6394	91.2354	91.8893	92.7147
112	Belarus	79.8923	83.021	84.2904	85.4022	86.4341	87.4432	88.4081	89.3092	90.2185	91.1003	91.9655	92.8101	93.6621	94.4994	95.2941	96.0874
100	Bulgaria	77.8786	82.3688	83.669	84.7902	85.8172	86.797	87.7305	88.6501	89.5696	90.446	91.3147	92.1389	92.9527	93.7731	94.5995	95.3996
203	Czechia	82.7544	85.2788	86.4669	87.5478	88.5792	89.5586	90.4984	91.4121	92.296	93.1774	94.0392	94.8794	95.7101	96.538	97.3591	98.1869
348	Hungary	80.2904	83.2667	84.5184	85.6349	86.6768	87.6779	88.6489	89.5764	90.4849	91.389	92.2565	93.1187	93.9621	94.8194	95.661	96.4851
616	Poland	82.3869	85.0192	86.2343	87.3296	88.3568	89.3099	90.2365	91.1539	92.0512	92.916	93.7796	94.6081	95.4463	96.2747	97.0874	97.8744
498	Republic of Moldova	75.7712	79.551	80.8897	82.0514	83.1127	84.0712	84.9807	85.8619	86.7289	87.5756	88.4301	89.2618	90.0936	90.8963	91.7187	92.5226
642	Romania	79.9415	83.6486	84.8785	85.984	87.0093	88.0024	88.9912	89.9288	90.8244	91.7099	92.5781	93.4588	94.3398	95.1884	96.0266	96.8731
643	Russian Federation	78.2353	82.366	83.6104	84.6825	85.6834	86.6462	87.5857	88.4808	89.3603	90.2282	91.0655	91.8859	92.6861	93.5098	94.3121	95.098
703	Slovakia	81.2468	84.4572	85.6902	86.8117	87.8455	88.8486	89.8202	90.7278	91.6002	92.4724	93.3269	94.1887	95.0379	95.8537	96.6547	97.4296
804	Ukraine	78.2881	83.0957	84.3189	85.3977	86.4127	87.3816	88.3187	89.234	90.1288	91	91.8609	92.6938	93.5422	94.3672	95.1557	95.9512
924	Northern Europe	84.1051	85.8308	86.8261	87.756	88.6633	89.574	90.4104	91.2748	92.0399	92.8539	93.6088	94.3785	95.1188	95.993	96.7352	97.4368
208	Denmark	84.6358	86.5721	87.7667	88.8448	89.8697	90.8407	91.7744	92.6766	93.5637	94.447	95.3143	96.1536	97.0212	97.857	98.6896	99.4916
233	Estonia	83.507	85.8292	87.0368	88.1313	89.1548	90.1175	91.0644	91.987	92.8875	93.7602	94.6103	95.4703	96.3163	97.1585	97.9688	98.7955
234	Faroe Islands	81.986	83.8603	85.1788	86.3601	87.4567	88.4533	89.4484	90.4077	91.3737	92.27	93.1276	94.0308	94.8983	95.7613	96.599	97.416
246	Finland	85.7964	87.6703	88.8812	89.9685	91.0065	91.9791	92.9194	93.8365	94.7503	95.6501	96.5119	97.3831	98.2099	99.0457	99.867	100.6843
831	Guernsey	85.2902	87.2408	88.4383	89.5079	90.4984	91.4652	92.3833	93.282	94.1497	95.0256	95.8772	96.7197	97.5484	98.3795	99.1998	100.0213
352	Iceland	85.2292	87.0537	88.2286	89.3081	90.3414	91.3062	92.2538	93.1602	94.0629	94.9157	95.7723	96.6267	97.4959	98.3237	99.1498	99.957
372	Ireland	85.2338	87.2036	88.4175	89.4991	90.5246	91.5055	92.449	93.3688	94.2591	95.1434	96.0037	96.8516	97.6897	98.5328	99.3471	100.1705
833	Isle of Man	83.79	85.8457	87.0614	88.1524	89.1775	90.1604	91.0867	91.9951	92.8858	93.7793	94.6547	95.5	96.3222	97.1348	97.9607	98.7562
832	Jersey	84.2872	86.3998	87.634	88.7616	89.8295	90.8316	91.7851	92.7323	93.659	94.5545	95.4484	96.3486	97.2081	98.0524	98.8604	99.6749
428	Latvia	80.651	83.1458	84.329	85.3617	86.3352	87.2769	88.1978	89.0963	89.9606	90.8142	91.6778	92.5085	93.322	94.1598	94.9623	95.7723
440	Lithuania	81.088	84.0215	85.2222	86.3189	87.3413	88.2927	89.2117	90.1496	91.0173	91.9095	92.7912	93.6332	94.4607	95.2971	96.1042	96.8845
578	Norway	85.9906	87.8331	89.0274	90.1113	91.1197	92.0919	93.0143	93.9381	94.8282	95.7127	96.5678	97.4377	98.2606	99.0693	99.9024	100.715
752	Sweden	85.9015	87.8669	89.0445	90.1408	91.1691	92.1465	93.0943	94.0036	94.8864	95.7612	96.6155	97.4603	98.3135	99.1204	99.9545	100.7699
826	United Kingdom	84.3547	86.6219	87.8101	88.8994	89.9368	90.9043	91.8477	92.7866	93.6648	94.5486	95.4247	96.2761	97.111	97.9477	98.7576	99.5737
925	Southern Europe	84.9695	86.9098	87.8844	88.7705	89.6066	90.4647	91.3651	92.0923	92.8253	93.5428	94.2453	95.0275	95.7426	96.451	97.2267	97.9565
8	Albania	81.2526	85.1767	86.4794	87.6425	88.7267	89.746	90.7294	91.704	92.6297	93.5178	94.3875	95.2656	96.092	96.941	97.7422	98.5871
20	Andorra	86.0144	88.622	89.8307	90.9225	91.9457	92.9218	93.8568	94.7641	95.6375	96.5027	97.3563	98.1882	99.0154	99.8323	100.6175	101.3918
70	Bosnia and Herzegovina	79.4321	82.9461	84.2403	85.3645	86.4309	87.4566	88.4309	89.3501	90.2473	91.1198	92.002	92.8535	93.6869	94.5122	95.3262	96.1531
191	Croatia	82.6548	84.9566	86.1919	87.3124	88.3406	89.3391	90.2883	91.2137	92.1213	93.0227	93.8965	94.7569	95.5972	96.4397	97.2404	98.0477
292	Gibraltar	84.9835	87.541	88.8169	89.9564	91.0162	92.0322	93.0052	93.9652	94.9019	95.8118	96.6919	97.5584	98.4016	99.2557	100.0817	100.9082
300	Greece	84.6198	87.1456	88.3994	89.525	90.5804	91.6003	92.5486	93.4592	94.3514	95.2295	96.099	96.9569	97.7864	98.6043	99.4469	100.2531
380	Italy	86.55	88.8236	90.0609	91.1684	92.2242	93.2025	94.1566	95.0742	95.9812	96.8409	97.6953	98.5614	99.4037	100.2389	101.0727	101.906
412	Kosovo (under UNSC res. 1244)	81.893	84.711	85.9323	87.042	88.0691	89.0399	90.0007	90.9189	91.8305	92.7162	93.5909	94.4665	95.3109	96.1258	96.9479	97.7715
470	Malta	86.8911	88.4872	89.6984	90.7908	91.8206	92.81	93.7704	94.6833	95.5834	96.4386	97.2858	98.1364	98.986	99.8297	100.6536	101.457
499	Montenegro	81.309	83.7643	85.0145	86.1289	87.196	88.1825	89.1425	90.0437	90.9666	91.8575	92.7126	93.5505	94.361	95.203	96.0116	96.8055
807	North Macedonia	78.5873	83.1331	84.4037	85.5394	86.5886	87.5731	88.537	89.4828	90.3729	91.2701	92.1342	92.9771	93.8236	94.6281	95.4421	96.2554
620	Portugal	85.5749	87.7585	88.9924	90.1214	91.1696	92.1808	93.1431	94.0741	95.012	95.8977	96.784	97.6339	98.4895	99.3145	100.1376	100.9385
674	San Marino	85.0143	87.5037	88.6806	89.762	90.781	91.7456	92.6708	93.5713	94.4281	95.3037	96.1683	97.0189	97.8533	98.6832	99.4964	100.3073
688	Serbia	79.3159	83.2628	84.5283	85.6696	86.7201	87.7225	88.699	89.6413	90.5738	91.4732	92.3622	93.2402	94.0974	94.9447	95.7975	96.6135
705	Slovenia	85.1956	87.4398	88.6877	89.8242	90.8839	91.8709	92.839	93.7746	94.6939	95.5756	96.449	97.3237	98.1731	98.9944	99.8021	100.6175
724	Spain	87.0859	89.3394	90.5638	91.6803	92.7181	93.7016	94.66	95.5904	96.4943	97.3512	98.2066	99.0608	99.9334	100.7468	101.5523	102.3619
926	Western Europe	85.0617	86.724	87.6337	88.4399	89.2388	90.0113	90.8081	91.5893	92.4004	93.1866	93.8806	94.6225	95.3119	96.0066	96.7345	97.5186
40	Austria	85.3525	87.4086	88.64	89.7528	90.7964	91.7899	92.7514	93.6963	94.6042	95.4719	96.3421	97.2291	98.0534	98.8758	99.6864	100.54
56	Belgium	85.0895	87.1467	88.3471	89.4435	90.4637	91.4401	92.3793	93.3043	94.1918	95.0813	95.9406	96.7803	97.6205	98.4363	99.2585	100.0617
250	France	86.71	88.7356	89.92	91.0217	92.0498	93.0349	93.9636	94.8899	95.7731	96.6377	97.4957	98.3691	99.2033	100.0372	100.8558	101.681
276	Germany	84.7942	87.0941	88.2885	89.3845	90.4131	91.3755	92.3367	93.2384	94.1167	94.9774	95.8511	96.7236	97.5671	98.3792	99.1884	100.0243
438	Liechtenstein	86.7967	88.9708	90.1692	91.274	92.3137	93.2964	94.2468	95.1615	96.0587	96.9457	97.8385	98.7084	99.5499	100.3927	101.2306	102.0654
442	Luxembourg	85.5745	87.5173	88.7044	89.7836	90.7877	91.7483	92.6879	93.607	94.4959	95.3583	96.2182	97.0693	97.9036	98.7239	99.5353	100.3634
492	Monaco	89.5301	91.6106	92.7764	93.8452	94.8539	95.793	96.7032	97.5996	98.4797	99.3279	100.1618	100.9919	101.8211	102.6421	103.4338	104.2207
528	Netherlands	84.6774	86.6407	87.8284	88.902	89.8883	90.8396	91.7847	92.7109	93.6022	94.4782	95.3198	96.166	97.0035	97.8245	98.6595	99.4855
756	Switzerland	86.7568	88.7274	89.9253	91.0326	92.0545	93.0216	93.9667	94.8805	95.8081	96.6858	97.5464	98.3943	99.2254	100.0475	100.8692	101.6689
904	Latin America and the Caribbean	78.0475	80.8355	81.8582	82.8237	83.6737	84.4682	85.2954	86.0071	86.6975	87.3654	88.0094	88.7309	89.3813	89.9798	90.6636	91.3153
915	Caribbean	76.5706	79.146	80.44	81.4462	82.3709	83.1968	84.0143	84.6973	85.4174	86.0685	86.8449	87.3543	87.9789	88.6641	89.3028	89.8542
660	Anguilla	82.0625	84.2212	85.4853	86.6388	87.6824	88.706	89.6741	90.6134	91.5067	92.3992	93.2682	94.1296	94.9819	95.8136	96.6443	97.445
28	Antigua and Barbuda	82.5437	84.6683	85.9545	87.1084	88.1797	89.1894	90.1491	91.0872	91.9957	92.8881	93.7944	94.6607	95.5101	96.3618	97.1763	97.9851
533	Aruba	79.6709	82.716	84.0036	85.1276	86.1735	87.1643	88.095	89.0442	89.9266	90.7919	91.6798	92.5374	93.3815	94.2172	95.0212	95.8255
44	Bahamas	78.3961	81.3585	82.6188	83.7172	84.7002	85.6612	86.561	87.4364	88.3029	89.1597	90.0133	90.8414	91.6695	92.4846	93.3017	94.1193
52	Barbados	80.6572	82.8153	84.1087	85.2526	86.3061	87.315	88.2756	89.2029	90.1132	90.9918	91.8565	92.7159	93.5538	94.3912	95.2212	96.0531
535	Bonaire, Sint Eustatius and Saba	80.0264	82.8672	84.1281	85.2232	86.2606	87.239	88.1869	89.0844	89.9742	90.8722	91.7246	92.5621	93.3652	94.1737	94.9852	95.7992
92	British Virgin Islands	80.0081	82.5047	83.7902	84.8931	85.9289	86.9299	87.8802	88.7907	89.6655	90.5466	91.4211	92.2778	93.1119	93.9334	94.7447	95.5415
136	Cayman Islands	79.2611	81.5846	82.9552	84.1341	85.1954	86.2314	87.2001	88.1326	89.0596	89.9604	90.8344	91.6769	92.4982	93.3411	94.169	94.9856
192	Cuba	80.8022	83.7293	85.0151	86.1678	87.2417	88.2438	89.2112	90.1651	91.0766	91.947	92.82	93.6435	94.4786	95.3028	96.1125	96.9325
531	Curaçao	81.1165	83.3864	84.616	85.7179	86.7485	87.7218	88.6644	89.5972	90.5091	91.3752	92.2346	93.0639	93.8909	94.7235	95.5659	96.3951
212	Dominica	78.3505	81.052	82.3678	83.5245	84.5733	85.5553	86.4928	87.4306	88.3412	89.2234	90.0874	90.97	91.8068	92.6331	93.4625	94.303
214	Dominican Republic	78.4964	81.1711	82.6311	83.8858	85.0167	86.0809	87.087	88.0644	88.9784	89.8853	90.7801	91.6474	92.4727	93.3355	94.1515	94.9683
308	Grenada	79.3854	81.661	82.9938	84.1324	85.1662	86.149	87.0993	88.0045	88.8893	89.7896	90.6516	91.5207	92.3388	93.182	94.0147	94.8337
312	Guadeloupe	86.2016	89.0653	90.2402	91.3148	92.3179	93.2704	94.1974	95.0963	95.9647	96.8162	97.6655	98.4949	99.3209	100.1317	100.9297	101.7195
332	Haiti	68.9062	73.0594	75.2405	77.032	78.5608	79.8988	81.1314	82.2417	83.2378	84.1531	85.025	85.8855	86.7189	87.5419	88.3444	89.1214
388	Jamaica	75.0573	78.3139	79.8238	81.1356	82.3175	83.3835	84.3845	85.3191	86.2248	87.1006	87.9688	88.8197	89.6713	90.4865	91.293	92.0893
474	Martinique	86.4426	88.7086	89.8927	90.964	91.9635	92.9278	93.8539	94.7275	95.5984	96.4706	97.305	98.1184	98.9355	99.7405	100.529	101.3136
500	Montserrat	78.6553	81.0283	82.4031	83.5819	84.64	85.6199	86.5844	87.5117	88.4106	89.2798	90.1504	90.9926	91.8026	92.6066	93.4345	94.242
630	Puerto Rico	84.7598	86.7315	87.9709	89.0848	90.1295	91.1331	92.0998	93.0256	93.9018	94.7814	95.6361	96.4808	97.3162	98.1223	98.923	99.7343
652	Saint Barthélemy	84.6724	86.6277	87.9215	89.0784	90.1482	91.1594	92.1572	93.098	94.0305	94.8984	95.7661	96.6157	97.4742	98.3185	99.1441	99.9386
659	Saint Kitts and Nevis	76.8949	79.3568	80.7721	82.0104	83.1085	84.1211	85.0853	86.0362	86.941	87.807	88.6486	89.4942	90.3274	91.1488	91.9462	92.732
662	Saint Lucia	77.6403	80.9845	82.3299	83.497	84.5499	85.5349	86.4873	87.3936	88.2958	89.1564	90.0181	90.8576	91.6685	92.5061	93.3186	94.1224
663	Saint Martin (French part)	84.603	86.4672	87.685	88.7962	89.83	90.8268	91.7821	92.7081	93.6075	94.4792	95.3309	96.191	97.0382	97.8506	98.6503	99.4631
670	Saint Vincent and the Grenadines	75.033	79.8986	81.3507	82.5924	83.7271	84.7351	85.6634	86.6032	87.4932	88.3757	89.2364	90.0733	90.9005	91.7187	92.527	93.3014
534	Sint Maarten (Dutch part)	79.229	82.385	83.6198	84.7022	85.7001	86.6658	87.579	88.4838	89.3432	90.1962	91.0392	91.8686	92.6915	93.5121	94.3026	95.0833
780	Trinidad and Tobago	79.0211	81.5713	82.9155	84.0609	85.1203	86.1215	87.101	88.0145	88.9194	89.789	90.6468	91.4812	92.3335	93.165	93.9866	94.7837
796	Turks and Caicos Islands	79.572	82.232	83.5942	84.7604	85.8423	86.8423	87.8127	88.7371	89.6576	90.5489	91.3965	92.2645	93.1196	93.9286	94.7609	95.5663
850	United States Virgin Islands	82.2053	84.5032	85.7293	86.8384	87.8961	88.8954	89.8434	90.7737	91.6839	92.5604	93.4525	94.323	95.1719	96.0071	96.839	97.6665
916	Central America	77.5026	80.832	82.015	83.1449	84.0396	85.0032	85.8517	86.7097	87.4848	88.3212	89.0911	89.8974	90.5831	91.3791	91.9583	92.6306
84	Belize	77.5512	81.2034	82.582	83.7891	84.8592	85.8785	86.8479	87.7948	88.7284	89.6514	90.5442	91.4172	92.259	93.1286	93.9695	94.7937
188	Costa Rica	82.4289	85.5095	86.8329	88.0034	89.1095	90.1626	91.1502	92.0946	93.0189	93.9185	94.7889	95.6554	96.4773	97.3273	98.13	98.9582
222	El Salvador	77.5509	80.9697	82.3862	83.5963	84.6549	85.638	86.5965	87.5206	88.4057	89.2565	90.0889	90.9075	91.7258	92.5158	93.309	94.0877
320	Guatemala	75.2897	80.0891	81.5388	82.7723	83.8703	84.8658	85.7989	86.7103	87.6143	88.4809	89.327	90.1516	90.9773	91.7818	92.5674	93.3441
340	Honduras	75.7201	79.6092	81.0703	82.3298	83.437	84.4536	85.4103	86.349	87.2353	88.1006	88.9618	89.8153	90.6399	91.4653	92.2952	93.111
484	Mexico	78.0377	81.6898	83.0958	84.3318	85.4444	86.4819	87.4811	88.4226	89.3333	90.2411	91.1406	92.0101	92.8548	93.6775	94.5032	95.3176
558	Nicaragua	78.2491	81.1491	82.582	83.7804	84.8727	85.8716	86.8275	87.7622	88.6473	89.5273	90.3574	91.1664	91.9797	92.791	93.5667	94.3462
591	Panama	81.6621	84.5217	85.8004	86.9632	88.0339	89.0588	90.0498	90.9966	91.9233	92.8011	93.676	94.5345	95.3746	96.228	97.0519	97.8696
931	South America	78.6998	81.6933	82.7518	83.7379	84.6478	85.527	86.3032	87.0942	87.7839	88.5635	89.2285	89.9205	90.6061	91.2375	91.9637	92.6755
32	Argentina	81.0236	84.1669	85.4135	86.5428	87.5739	88.576	89.5309	90.4534	91.3692	92.2393	93.1189	93.964	94.8012	95.6401	96.466	97.2686
68	Bolivia (Plurinational State of)	70.6778	75.7172	77.5421	79.0863	80.4158	81.5952	82.6639	83.642	84.5588	85.4662	86.3106	87.1266	87.9418	88.7515	89.5263	90.2933
76	Brazil	78.8726	82.5051	83.9216	85.1222	86.2649	87.3147	88.3247	89.2947	90.2169	91.1313	92.0158	92.8937	93.7498	94.5846	95.4101	96.216
152	Chile	83.4146	86.2081	87.5324	88.6992	89.7944	90.8418	91.8319	92.7866	93.7036	94.6074	95.4928	96.3768	97.2109	98.0498	98.8601	99.6922
170	Colombia	79.6381	83.4708	84.7899	85.975	87.0607	88.0842	89.0736	90.0225	90.9292	91.8417	92.7266	93.5867	94.4329	95.289	96.1127	96.9277
218	Ecuador	80.1952	83.6762	84.9726	86.1205	87.1818	88.1775	89.1382	90.0515	90.9423	91.8155	92.6456	93.4705	94.2922	95.0951	95.9013	96.6415
238	Falkland Islands (Malvinas)	82.2698	84.4674	85.7726	86.9211	87.9674	88.9912	89.9378	90.8337	91.7126	92.5929	93.4404	94.2804	95.1008	95.9053	96.694	97.4767
254	French Guiana	80.982	83.5039	84.7927	85.9392	87.0083	88.0203	89.0028	89.9542	90.847	91.7565	92.625	93.4627	94.3149	95.1711	95.9891	96.8215
328	Guyana	72.9214	77.1729	78.7214	80.0324	81.2222	82.3194	83.3331	84.2762	85.18	86.0694	86.9121	87.7543	88.602	89.4389	90.2603	91.0609
600	Paraguay	76.7161	80.3072	81.6317	82.7776	83.7871	84.7523	85.6991	86.6068	87.4707	88.3347	89.169	90.0083	90.8165	91.6537	92.4508	93.2764
604	Peru	78.3254	82.4831	83.8531	85.0183	86.0839	87.0923	88.0429	88.9622	89.8442	90.711	91.5724	92.3935	93.2015	94.0083	94.7832	95.5756
740	Suriname	76.4462	79.7011	81.0665	82.2568	83.3289	84.3219	85.269	86.1696	87.04	87.9199	88.7797	89.5947	90.4129	91.2149	92.0252	92.828
858	Uruguay	82.3179	84.6088	85.8047	86.8816	87.9254	88.8988	89.8277	90.7524	91.6454	92.5224	93.3781	94.2238	95.0569	95.9073	96.7038	97.5195
862	Venezuela (Bolivarian Republic of)	77.5047	80.6154	82.0234	83.2201	84.2921	85.2971	86.2378	87.1538	88.0686	88.9429	89.8103	90.6813	91.5011	92.3336	93.123	93.9392
905	Northern America	82.3966	85.1025	86.2429	87.3011	88.2774	89.1427	90.0973	90.9253	91.7452	92.6435	93.5698	94.399	95.2318	96.0211	96.7791	97.4328
60	Bermuda	85.115	87.3219	88.5145	89.6083	90.6322	91.6257	92.5549	93.4597	94.3511	95.2413	96.0773	96.9337	97.7695	98.5965	99.4191	100.2328
124	Canada	85.6442	87.6145	88.8466	89.9387	90.9635	91.9379	92.8877	93.7983	94.7031	95.5831	96.4372	97.2925	98.1297	98.9582	99.7823	100.5813
304	Greenland	77.1886	79.5081	80.8645	82.0396	83.0818	84.0433	84.9462	85.832	86.7141	87.5745	88.4274	89.2528	90.0581	90.8597	91.6571	92.4763
666	Saint Pierre and Miquelon	82.6439	84.5962	85.7853	86.8661	87.8788	88.8447	89.7891	90.6994	91.5675	92.4631	93.3136	94.136	94.9616	95.7734	96.5933	97.4141
840	United States of America	82.2048	85.0062	86.2043	87.303	88.3167	89.2676	90.2325	91.1398	92.0416	92.9149	93.7811	94.6443	95.4803	96.2979	97.0954	97.8931
909	Oceania	82.4823	84.1326	85.108	85.9892	86.7459	87.4597	88.1487	88.846	89.631	90.3071	91.0077	91.6683	92.3283	93.1735	93.8603	94.333
927	Australia/New Zealand	86.2706	87.8137	88.9449	89.964	90.8035	91.744	92.6883	93.6367	94.4984	95.3245	96.2202	97.1595	98.1367	98.9305	99.7935	100.5635
36	Australia	86.5864	88.2254	89.4147	90.493	91.5049	92.4807	93.4309	94.3453	95.26	96.1441	97.01	97.8542	98.6738	99.502	100.3048	101.1096
554	New Zealand	85.6215	87.4867	88.6714	89.7561	90.7545	91.7102	92.6569	93.5733	94.4522	95.3394	96.2222	97.0751	97.9079	98.7455	99.5746	100.387
928	Melanesia	71.1368	73.7988	75.3516	76.7033	77.7006	78.6191	79.7231	80.6528	81.5132	82.4482	83.2498	84.0406	84.8376	85.6146	86.2831	87.0881
242	Fiji	71.4554	74.4184	75.9754	77.2902	78.4994	79.592	80.6143	81.5585	82.4759	83.3704	84.1915	85.017	85.8438	86.6408	87.4403	88.2005
540	New Caledonia	85.2979	87.3705	88.5824	89.6705	90.6783	91.621	92.53	93.4283	94.3185	95.1786	96.0332	96.8452	97.6636	98.4738	99.2811	100.07
598	Papua New Guinea	70.6276	73.5608	75.2718	76.7402	77.999	79.1899	80.2906	81.2819	82.2326	83.1623	84.0283	84.8762	85.6716	86.4977	87.275	88.0467
90	Solomon Islands	73.7145	76.3262	77.7831	79.0519	80.1668	81.2279	82.1938	83.1141	83.9823	84.8324	85.6508	86.4471	87.2686	88.0662	88.8486	89.6206
548	Vanuatu	74.455	77.1814	78.7947	80.1649	81.3879	82.4898	83.5297	84.482	85.3966	86.2663	87.1707	88.0032	88.8423	89.6681	90.4742	91.2868
954	Micronesia	76.4117	78.242	79.3284	80.245	80.9388	81.6865	82.4485	83.0504	83.789	84.4861	85.2874	85.9931	86.6852	87.3863	88.0513	88.7289
316	Guam	82.8284	85.0298	86.3156	87.4655	88.5297	89.5534	90.5227	91.4708	92.3706	93.2774	94.1734	95.024	95.8752	96.7279	97.5374	98.3657
296	Kiribati	70.9021	73.8352	75.5886	77.0677	78.364	79.5884	80.713	81.7472	82.7095	83.6451	84.5418	85.3882	86.2252	87.0474	87.8644	88.6628
584	Marshall Islands	68.7043	71.4669	73.1543	74.6144	75.9273	77.1096	78.2256	79.2439	80.2365	81.1603	82.0747	82.9325	83.7678	84.5748	85.3413	86.1339
583	Micronesia (Fed. States of)	76.2791	79.0884	80.5256	81.7572	82.8739	83.906	84.8696	85.7957	86.7057	87.578	88.4345	89.2929	90.1322	90.9555	91.7639	92.5695
520	Nauru	69.2783	72.2231	73.9212	75.381	76.6889	77.9018	79.0137	80.071	81.0543	82.0247	82.9548	83.8058	84.6446	85.4737	86.2742	87.0734
580	Northern Mariana Islands	80.553	82.6912	83.9495	85.0601	86.0928	87.0727	88.0326	88.9387	89.8387	90.7134	91.5923	92.4428	93.2896	94.105	94.9187	95.7113
585	Palau	71.2359	73.6758	75.3861	76.8201	78.1348	79.3092	80.4318	81.4699	82.4458	83.3925	84.2945	85.1636	86.0148	86.8507	87.6667	88.486
957	Polynesia	80.152	82.0785	83.3061	84.406	85.4997	86.3922	87.3167	88.1835	88.9873	89.8154	90.487	91.0435	91.7253	92.2354	92.6838	93.4707
16	American Samoa	77.0063	79.1951	80.5843	81.7802	82.8555	83.8629	84.7975	85.7014	86.5836	87.45	88.2939	89.1356	89.9703	90.7873	91.5805	92.369
184	Cook Islands	80.1278	82.3187	83.6103	84.7185	85.7511	86.7301	87.6965	88.6075	89.4988	90.3655	91.2141	92.0449	92.8771	93.701	94.5283	95.3376
258	French Polynesia	86.2824	88.7433	89.9171	90.9836	91.9898	92.9378	93.8581	94.7509	95.6329	96.4886	97.3423	98.1583	98.9692	99.7811	100.5866	101.3975
570	Niue	74.2309	76.8715	78.4105	79.716	80.8923	81.9595	82.9448	83.9007	84.781	85.6384	86.4728	87.2794	88.1218	88.9452	89.7685	90.5566
882	Samoa	76.8043	79.086	80.5509	81.803	82.93	83.9495	84.8849	85.8189	86.7167	87.6238	88.4857	89.3514	90.1946	91.0021	91.8245	92.6232
772	Tokelau	77.4418	79.8015	81.1799	82.3727	83.455	84.4574	85.3992	86.3201	87.2025	88.0606	88.8823	89.7337	90.5721	91.3828	92.1903	93.0012
776	Tonga	75.4055	77.9311	79.3494	80.5759	81.6856	82.6914	83.6622	84.5621	85.4463	86.3147	87.1696	87.9963	88.818	89.6127	90.4065	91.2069
798	Tuvalu	70.8899	73.6503	75.2761	76.6582	77.8711	79.0135	80.0451	81.0478	82.0002	82.8809	83.745	84.5577	85.3523	86.1799	86.9495	87.7252
876	Wallis and Futuna Islands	81.6771	84.0435	85.2615	86.3453	87.3443	88.303	89.2217	90.1094	90.9696	91.8282	92.6667	93.471	94.2664	95.0704	95.8579	96.6317
