country_code	name	1950-1955	1955-1960	1960-1965	1965-1970	1970-1975	1975-1980	1980-1985	1985-1990	1990-1995	1995-2000	2000-2005	2005-2010	2010-2015	2015-2020	last.observed
900	World	46.3188	48.8182	50.0034	52.977	54.9337	57.1191	58.9275	60.6532	61.8438	63.1377	64.7686	66.5575	68.3753	69.8329	2021
1834	Sub-Saharan Africa	36.8217	38.2589	39.9661	41.1526	42.9653	45.0071	46.1652	46.7295	46.7429	47.8372	50.0066	52.9134	55.9505	58.1814	2021
1833	Northern Africa and Western Asia	40.8776	43.4406	46.3603	49.0188	51.7178	54.8556	57.5038	59.6987	62.7559	64.6694	66.6873	67.9079	69.2559	70.4463	2021
1831	Central and Southern Asia	42.1214	44.4785	46.487	47.6379	49.258	52.6159	54.5343	56.823	58.8147	60.7637	62.6928	64.2289	66.1079	68.4346	2021
1832	Eastern and South-Eastern Asia	43.423	46.2711	46.6112	53.1638	56.7961	59.9464	62.8363	64.7476	66.4532	68.0933	69.8172	71.3972	72.7276	73.7797	2021
1830	Latin America and the Caribbean	47.7079	50.7989	53.4908	55.5766	57.4976	59.5298	61.4162	63.6872	65.3402	67.0304	68.4935	69.9455	70.967	71.6897	2021
1835	Oceania (excluding Australia and New Zealand)	41.327	45.4736	48.6252	51.5645	54.1768	56.5732	58.447	59.721	60.8059	61.7642	62.3625	62.8865	63.7561	64.5626	2021
1836	Australia/New Zealand	66.8422	67.6431	67.9679	67.7785	68.356	69.9162	71.488	72.6437	74.4167	75.7456	77.5141	78.9571	80.1768	80.9612	2021
1829	Europe and Northern America	62.2344	64.9207	66.2333	66.5471	66.8724	67.4563	68.1674	69.3732	69.3252	70.0774	71.0371	72.7106	74.6054	75.6986	2021
901	More developed regions	62.0889	64.8792	66.2974	66.8005	67.2885	68.0315	68.8134	70.0447	70.1194	70.9033	71.9068	73.5085	75.2868	76.3703	2021
902	Less developed regions	41.8053	44.4445	45.7324	49.5914	52.0958	54.7337	56.8582	58.7516	60.3105	61.7995	63.5372	65.2475	66.9976	68.5238	2021
941	Least developed countries	36.608	38.523	40.6034	42.2467	41.4147	44.2869	46.3272	47.1474	48.7266	51.5418	54.763	57.3403	59.8998	62.0116	2021
934	Less developed regions, excluding least developed countries	42.589	45.3139	46.5187	50.7133	53.8258	56.5246	58.7403	60.8473	62.4394	63.7949	65.2983	66.842	68.4274	69.8732	2021
948	Less developed regions, excluding China	41.1043	44.6293	46.9656	48.3586	50.2332	52.8667	54.8794	56.6932	58.2265	59.7342	61.4963	63.2286	65.0801	66.8121	2021
1636	Land-locked Developing Countries (LLDC)	38.3458	39.7225	42.1551	43.3117	44.2912	45.6715	46.4878	47.7264	48.2593	50.2436	52.9066	56.2578	59.547	61.7636	2021
1637	Small Island Developing States (SIDS)	48.2213	51.6689	54.1358	56.201	58.2538	58.953	60.645	62.2717	63.7685	64.9082	66.3986	67.5813	68.1327	69.4154	2021
1503	High-income countries	61.0705	64.3683	65.7097	66.6078	67.5406	68.8755	70.1309	71.2609	72.2985	73.5867	75.0371	76.3588	77.6212	78.2807	2021
1517	Middle-income countries	43.4549	45.7517	46.9473	50.7624	53.1723	55.7563	57.9429	60.0372	61.2914	62.6077	64.0844	65.7599	67.5844	69.1896	2021
1502	Upper-middle-income countries	45.302	47.163	47.5874	53.9513	57.1447	59.9784	62.226	64.2412	65.3032	66.7963	68.2074	69.9416	71.7215	73.0076	2021
1501	Lower-middle-income countries	41.6755	44.4462	46.6001	47.6709	49.4909	52.4144	54.759	56.8072	58.2917	59.6986	61.3506	62.9235	64.6868	66.567	2021
1500	Low-income countries	33.1611	37.4896	39.4827	40.7175	42.3663	44.032	44.3538	44.7367	46.2353	48.6145	52.2223	55.5914	58.2916	60.2644	2021
1518	No income group available	50.266	54.0483	57.5624	60.1365	63.1536	65.3638	67.1013	68.5709	69.2206	69.5507	68.5821	68.7981	69.0498	68.1885	2021
903	Africa	37.179	38.8605	40.7792	42.182	44.0984	46.4423	48.018	48.8063	49.3138	50.4622	52.6326	55.2942	58.0867	60.1622	2021
910	Eastern Africa	37.6977	38.9854	41.8044	42.7133	43.4838	44.5734	44.8213	45.0434	44.7208	47.2141	50.5859	54.5106	58.1387	60.8589	2021
108	Burundi	39.5945	40.8555	42.1074	41.5172	35.1793	42.2849	45.7008	44.5516	40.8208	43.7174	47.8171	53.1988	57.1171	59.5041	2021
174	Comoros	36.0635	38.164	40.1269	42.1475	44.5206	47.1386	50.422	53.2851	55.8156	56.9967	57.6521	58.4693	59.9835	61.5069	2021
262	Djibouti	39.2812	40.5692	42.1967	44.0925	46.5537	48.7507	50.9136	52.9332	52.9644	54.5664	55.7472	57.2487	58.8594	60.3083	2021
232	Eritrea	32.0261	34.0061	36.3473	38.1669	39.8288	40.363	42.6673	44.8461	50.2648	46.673	56.7362	60.3652	62.8822	64.653	2021
231	Ethiopia	34.8932	34.1822	39.1484	40.0169	39.5205	39.2313	38.253	40.3017	45.0881	48.1809	51.0251	54.852	59.3377	62.2145	2021
404	Kenya	38.1668	43.8896	48.6544	50.9703	53.1798	55.097	58.732	58.2053	55.3505	53.2231	54.0639	57.4451	59.3448	60.2453	2021
450	Madagascar	39.2716	41.0178	43.1232	45.2237	47.5871	48.7402	48.5169	49.0537	51.7618	54.8192	58.02	60.2958	61.7736	63.118	2021
454	Malawi	31.8489	32.8585	33.5026	34.3506	36.5949	40.4014	43.3516	41.8427	41.1977	41.2193	45.6601	51.9448	56.034	59.3885	2021
480	Mauritius	49.2347	51.7011	54.872	56.3402	58.0133	59.9623	63.4724	64.6807	66.6664	67.3252	68.86	69.6639	71.2308	71.9894	2021
175	Mayotte	44.6568	50.1682	54.7312	58.6688	61.8091	64.466	66.6707	68.4892	70.1481	71.5551	73.0648	74.0982	74.8923	74.2145	2021
508	Mozambique	36.7874	38.8521	40.3807	40.1848	40.1964	41.4127	38.6122	38.4458	43.2438	45.7647	48.8604	51.119	53.7274	57.1635	2021
638	Réunion	46.2819	50.7267	53.8005	57.0942	59.7902	62.3504	64.8625	67.6053	68.9885	70.5367	72.3756	74.5064	77.3973	78.6891	2021
646	Rwanda	42.967	44.6685	46.2307	47.4067	45.8478	44.4882	48.8212	49.4932	26.0259	40.0106	50.1896	58.5038	61.9028	63.7214	2021
690	Seychelles	49.057	49.2027	51.9926	53.7018	56.56	59.7609	62.3551	64.4941	63.7409	64.194	65.8617	67.7774	69.5287	70.0191	2021
706	Somalia	40.3609	41.465	42.5051	43.6022	44.0429	44.6343	46.533	44.6312	36.4957	49.0165	49.2175	49.3866	50.7821	53.7867	2021
728	South Sudan	29.856	28.2342	27.2284	23.7021	30.1034	36.7134	35.4229	22.6771	26.0736	27.3684	47.101	51.7958	53.8185	54.0568	2021
800	Uganda	38.5528	41.1939	44.6312	46.425	44.3258	42.6119	39.1509	42.7785	43.9508	44.6518	47.9327	53.4349	56.9185	60.107	2021
834	United Republic of Tanzania	40.3773	41.1969	41.9985	43.2627	45.4425	47.8225	49.2264	49.5247	49.1117	49.5525	52.8146	56.2921	60.0048	63.8383	2021
894	Zambia	44.5743	46.6095	48.3863	49.561	51.3994	52.9177	51.7526	48.5309	45.2451	43.6127	45.9881	51.6431	56.8483	59.5648	2021
716	Zimbabwe	48.1009	50.0076	52.1594	54.2602	55.433	52.628	57.5547	58.4799	53.2995	45.4812	42.8219	45.0817	53.0174	58.2731	2021
911	Middle Africa	36.2424	37.8332	37.9296	40.6642	42.8261	43.8201	45.2456	46.1373	46.9259	47.25	49.6295	52.5794	55.29	57.5735	2021
24	Angola	34.8061	35.7501	35.3341	36.475	38.2801	38.6709	39.5778	38.6996	39.2822	43.3971	45.6582	51.4774	56.1451	59.2259	2021
120	Cameroon	33.8925	36.7256	35.8884	43.9723	47.3956	48.662	50.8365	53.3372	52.8343	51.1717	52.0163	53.9219	56.4257	59.3008	2021
140	Central African Republic	34.666	36.6799	39.0311	41.9412	44.9966	47.3909	48.5751	48.5867	47.0515	44.9559	44.6877	46.5288	48.7901	51.9877	2021
148	Chad	35.0981	36.1763	37.3586	37.7065	39.2618	40.3937	41.5407	42.4892	44.2818	46.0927	46.9513	47.5744	49.1559	51.0066	2021
178	Congo	39.1328	43.0031	46.8928	49.5744	51.6204	53.0269	54.1176	54.5781	53.625	49.5748	54.5896	58.9096	61.1925	62.2278	2021
180	Democratic Republic of the Congo	37.7158	39.0267	38.8594	40.8427	42.7324	43.6931	45.0997	46.4374	47.7976	47.4064	50.6951	53.4133	55.7645	57.6771	2021
226	Equatorial Guinea	38.0463	39.4033	40.7017	37.9262	35.7891	34.3119	46.9478	48.582	49.5561	50.5412	52.5632	54.9316	57.165	59.2031	2021
266	Gabon	39.6459	43.0613	46.2405	49.2376	51.9076	54.3155	56.4492	58.2666	59.3404	59.7164	60.2753	61.2292	62.5424	64.0173	2021
678	Sao Tome and Principe	39.4243	38.6306	43.8913	51.2236	55.1812	57.3639	57.8487	58.4269	59.1777	59.1205	60.8419	62.3294	63.3876	65.3639	2021
912	Northern Africa	38.5723	40.9893	43.6583	45.9247	48.32	51.9403	55.2936	57.325	60.737	62.7314	65.1355	66.44	67.9077	69.2561	2021
12	Algeria	40.8232	37.6177	39.2432	42.1871	43.952	48.417	55.9145	64.4714	66.2021	67.4143	70.0009	71.7042	73.2814	74.8985	2021
818	Egypt	35.9204	41.2687	45.035	47.5458	48.6329	52.0066	56.1221	60.2453	63.2504	65.14	66.2357	66.7074	67.4621	68.638	2021
434	Libya	32.8675	35.3219	42.6198	50.0207	55.966	60.8658	63.6582	66.0822	68.2126	69.3876	69.1405	69.9227	69.0037	69.295	2021
504	Morocco	38.6865	40.8695	43.2105	46.2422	48.7548	51.7974	55.6771	59.2718	61.9611	64.1018	65.9824	68.0188	70.0584	71.8167	2021
729	Sudan	47.7192	46.9757	46.0192	43.1882	48.2881	52.1405	48.8648	40.5362	45.7586	48.799	55.2081	57.8639	61.073	62.8548	2021
788	Tunisia	37.6062	40.6988	44.3063	49.3716	54.8895	59.8688	63.5037	66.8212	68.6303	70.3156	71.5722	72.3463	72.7021	72.8748	2021
732	Western Sahara	34.0116	35.7649	37.7893	39.7332	41.9672	34.3219	40.9438	46.4608	57.2086	59.654	62.1434	64.6067	66.8096	68.3095	2021
913	Southern Africa	44.7974	48.4681	50.8739	51.9567	53.4181	55.35	57.6554	59.5951	59.0199	56.3949	52.3855	52.2787	57.5537	61.1631	2021
72	Botswana	43.3954	46.2034	48.7912	50.9857	53.4593	56.3275	58.7077	58.9841	55.0552	50.9454	49.2221	54.0062	58.8511	62.9203	2021
748	Eswatini	41.972	43.3761	44.9803	47.4042	50.1692	53.8455	56.8341	60.1657	58.5066	49.2472	42.7042	42.1415	47.6454	54.6105	2021
426	Lesotho	42.198	45.2325	46.2085	46.2082	47.7625	49.9583	53.1776	55.2208	54.7176	50.117	43.6487	41.2084	45.3319	50.1837	2021
516	Namibia	40.4864	43.6017	47.1415	50.0684	52.5978	54.6442	52.6726	56.0598	58.4749	53.1527	49.4782	51.2055	54.6744	58.5375	2021
710	South Africa	45.1851	48.9912	51.4305	52.4221	53.7938	55.6619	58.0186	59.9357	59.3972	57.25	53.3948	53.0787	58.4433	61.8549	2021
914	Western Africa	34.7012	35.8629	37.0303	37.8188	40.4308	43.8679	45.7488	46.2899	46.5308	47.3019	49.5435	52.0561	54.167	55.6236	2021
204	Benin	34.8462	36.3719	38.1007	40.0602	42.0101	44.4085	46.2809	48.8827	51.578	54.1485	55.134	56.2445	57.5228	58.6083	2021
854	Burkina Faso	32.7661	33.9322	35.4154	36.9459	38.7321	42.6722	46.2246	47.9708	48.2329	48.4295	49.9242	52.9556	55.9204	57.8535	2021
132	Cabo Verde	45.7579	46.9916	48.6869	52.1581	54.385	58.8005	60.9081	62.0456	63.2172	63.4001	66.798	68.4488	70.1521	71.3165	2021
384	Côte d'Ivoire	31.0755	34.3993	37.7398	40.9099	44.4071	48.3561	50.8057	51.1594	50.0756	49.4901	49.7515	52.0587	55.0801	57.4842	2021
270	Gambia	31.2045	32.368	34.6958	37.0829	39.4705	41.9277	44.3716	47.8109	51.0511	54.0568	55.575	58.2074	60.7033	61.8525	2021
288	Ghana	42.2092	44.2303	45.4628	45.6982	46.2092	48.2666	49.7058	52.0813	54.9155	56.1518	57.475	58.9631	60.4673	62.1219	2021
324	Guinea	34.3415	34.9172	35.6587	36.8605	38.2842	40.1076	42.5514	45.3056	47.4655	50.6451	52.812	54.6431	56.0717	57.9133	2021
624	Guinea-Bissau	34.0193	34.9606	34.2798	33.407	35.6998	40.7352	42.4071	44.0394	45.8796	45.7064	48.6608	51.8399	55.359	57.9269	2021
430	Liberia	37.1075	36.9415	36.7521	37.8125	39.853	42.0796	43.7027	42.8327	37.398	44.9464	51.4763	56.7513	58.4153	59.2437	2021
466	Mali	27.8509	28.6383	29.2244	30.45	32.8984	36.9646	41.0048	44.1198	46.8504	48.3914	51.5435	54.0779	56.0917	57.9807	2021
478	Mauritania	39.4229	41.9884	45.4923	48.4725	50.189	51.8688	54.4707	56.9778	58.7599	58.8658	59.685	60.4959	61.995	63.3443	2021
562	Niger	35.4772	35.7015	35.9771	35.9627	35.0066	36.7665	39.614	40.1897	42.39	46.656	50.233	54.8919	58.9073	61.1144	2021
566	Nigeria	34.947	35.7399	36.7404	37.0734	40.4846	44.3074	45.4385	44.8665	44.266	44.5822	46.9675	49.302	51.0537	52.0903	2021
654	Saint Helena	64.3373	65.1275	65.5501	65.8264	66.1189	66.6577	67.2172	68.0052	68.9008	71.0193	73.406	73.4467	73.2319	73.3887	2021
686	Senegal	37.237	39.1513	39.6254	39.8507	41.4596	45.2413	49.0956	52.8083	55.0177	55.086	57.212	61.0915	63.5621	65.3887	2021
694	Sierra Leone	29.0492	31.2305	33.4528	35.8804	38.372	40.6022	42.1407	42.7311	42.2747	41.1931	45.5171	49.738	54.4232	57.7023	2021
768	Togo	39.9529	40.7043	41.8437	43.6287	45.9089	48.5999	50.7521	52.1876	52.8206	53.0473	54.4186	56.1565	58.1135	59.753	2021
935	Asia	42.8295	45.486	46.4993	50.9775	53.7054	56.5792	58.9383	61.0991	62.9791	64.7028	66.5	68.0958	69.7405	71.3413	2021
5500	Central Asia	51.0169	52.1252	53.4744	54.8285	56.2426	57.4298	58.7217	60.4549	59.5599	59.7593	61.4925	63.5962	65.947	67.5338	2021
398	Kazakhstan	51.8877	52.9259	53.9623	54.9731	55.9473	56.9409	58.3212	60.2508	59.4144	58.3485	59.0571	61.0245	64.82	67.2705	2021
417	Kyrgyzstan	48.9918	50.3918	51.8582	53.3882	54.9684	56.7116	58.3997	60.346	60.2661	60.6791	62.043	63.1674	65.1427	66.8279	2021
762	Tajikistan	48.8407	50.2501	51.8414	53.3353	55.2856	57.0994	57.353	58.8092	52.5611	57.6887	62.4751	65.0773	66.2065	67.88	2021
795	Turkmenistan	46.3955	48.251	50.5521	52.6889	54.941	56.6136	58.2558	60.0132	60.4508	60.3282	61.9293	63.5562	65.3187	65.5485	2021
860	Uzbekistan	52.4118	53.5683	55.1408	56.8632	58.3911	59.1717	60.3997	61.8196	62.1037	61.9523	63.6322	65.6294	67.1728	68.3102	2021
906	Eastern Asia	43.9075	46.3718	45.9653	54.0248	58.0022	61.7141	64.362	66.0431	67.6447	69.3712	71.3286	73.056	74.45	75.5947	2021
156	China	43.648	44.459	43.5714	52.352	56.5174	60.3797	63.2196	64.9732	66.6366	68.6375	70.5881	72.2975	73.6825	74.8	2021
344	China, Hong Kong SAR	55.566	59.2467	63.1174	66.2658	68.4784	70.3029	72.6846	74.2583	75.3526	77.0679	78.3957	79.4578	80.7977	82.0525	2021
446	China, Macao SAR	58.6805	61.6565	64.1821	66.3754	68.3681	70.2892	72.1822	74.0157	75.8691	77.3222	78.5409	79.7316	80.5131	81.9333	2021
158	China, Taiwan Province of China	54.8925	58.5107	61.6039	64.5184	67.4995	69.2492	70.2551	71.3267	72.0439	72.6221	74.0739	75.0709	76.2498	77.0216	2021
408	Dem. People's Republic of Korea	19.0008	50.3991	52.96	56.0051	59.0065	61.4931	63.5207	65.1314	65.5618	56.8989	60.1434	65.1831	68.0208	70.2735	2021
392	Japan	60.4042	64.0788	66.5014	68.6815	70.4479	72.6485	74.1212	75.5352	76.2683	77.0654	78.2378	79.096	79.9309	81.0995	2021
496	Mongolia	37.107	39.4495	44.9415	48.941	51.9876	53.4336	53.6538	54.9241	56.9744	58.6182	59.9069	61.6761	64.1385	66.4393	2021
410	Republic of Korea	26.6331	49.5199	53.0439	56.9759	59.334	60.7071	62.6108	65.111	68.5404	70.8861	73.6544	75.9862	77.964	79.8216	2021
5501	Southern Asia	41.8572	44.2178	46.2244	47.372	49.0098	52.4449	54.3823	56.6861	58.7888	60.8102	62.751	64.2575	66.1065	68.4532	2021
4	Afghanistan	27.9482	30.3409	32.8889	35.256	37.7323	39.1667	35.3356	36.9595	46.7853	51.9177	55.259	57.7353	60.2754	60.5419	2021
50	Bangladesh	39.6753	43.5056	46.8392	49.4008	40.007	52.0574	53.5805	55.3917	57.6887	62.3822	65.7465	65.8306	67.4646	69.8666	2021
64	Bhutan	29.7947	31.3825	33.6353	36.712	40.7234	44.8933	48.8946	52.742	56.1975	59.6691	62.6162	65.522	67.8509	69.3877	2021
356	India	42.8446	44.7498	46.311	46.8349	49.7914	52.292	54.4674	56.7189	58.7021	60.6902	62.6007	64.4064	66.4675	69.0995	2021
364	Iran (Islamic Republic of)	40.4357	42.9953	45.6318	48.3637	51.8631	55.6492	55.3716	60.6167	64.54	66.2437	68.0283	70.2317	71.6295	73.272	2021
462	Maldives	36.3503	36.7153	38.946	42.5391	46.9484	51.7426	56.8742	60.767	64.4171	68.3908	72.0526	74.8582	77.8515	79.1942	2021
524	Nepal	37.5013	37.9702	39.0481	41.244	43.4482	45.967	49.0362	52.522	56.3483	59.6917	61.9689	64.3892	65.8382	67.0502	2021
586	Pakistan	38.641	43.6593	47.9809	52.4505	54.0062	56.0561	57.4287	58.6414	59.4957	60.0919	61.6711	61.8643	62.7596	64.0519	2021
144	Sri Lanka	54.2792	56.5754	59.9359	61.2477	63.7237	64.8234	66.887	67.2594	68.3294	67.8843	66.2209	66.7845	69.9248	71.6849	2021
920	South-Eastern Asia	42.1116	46.6127	49.6393	50.3703	52.8324	54.9805	58.8712	61.0648	62.981	64.4832	65.6916	66.9825	68.1625	69.134	2021
96	Brunei Darussalam	50.8235	53.9607	58.1061	62.3645	65.0828	67.4253	68.7613	69.6242	70.3835	71.4925	72.5106	72.9162	72.89	72.789	2021
116	Cambodia	37.9384	39.3751	41.3664	43.2452	33.2123	16.4058	44.4252	49.6213	53.43	54.8132	59.0886	63.7241	66.5367	68.0974	2021
360	Indonesia	39.6218	43.1241	46.4057	46.8388	52.4536	55.2568	58.1207	60.496	62.5826	64.1814	65.1401	66.3775	67.2578	68.144	2021
418	Lao People's Democratic Republic	37.9427	39.1619	39.6178	40.4984	42.5487	44.9407	48.4184	51.0697	53.4957	55.7128	57.7269	60.0953	63.3496	65.5101	2021
458	Malaysia	47.5101	52.4925	57.1483	60.5432	62.8309	65.1902	67.3037	68.7094	69.61	70.138	71.3579	72.1093	72.5963	73.1825	2021
104	Myanmar	35.9257	40.4787	43.4971	47.2033	49.4516	51.1254	52.6855	53.7105	54.821	56.3074	57.7113	58.5807	61.4017	63.0513	2021
608	Philippines	52.8163	56.1581	58.4712	59.8427	60.0496	60.3073	61.0902	62.6647	65.2558	67.1563	68.0777	68.8182	69.2495	69.775	2021
702	Singapore	51.5446	59.3029	63.5038	65.1928	66.4763	68.4289	69.6851	72.0245	72.9381	74.7416	76.7382	78.3504	80.0627	81.1697	2021
764	Thailand	42.4305	46.0161	50.1584	53.2812	56.3357	59.0495	61.6772	65.6533	67.0352	67.9289	69.0822	71.1569	72.735	74.1081	2021
626	Timor-Leste	28.2203	29.5835	31.3568	34.0413	36.258	20.1824	25.5467	31.1497	44.8938	46.3373	58.6924	62.1813	64.5332	66.1915	2021
704	Viet Nam	45.7976	54.1271	55.509	51.8386	49.9082	60.5243	62.7223	64.0893	65.4897	67.1279	68.1231	68.6747	69.0482	69.2905	2021
922	Western Asia	43.3893	46.069	49.2016	52.2443	55.1974	57.7953	59.7512	62.051	64.6807	66.456	68.1004	69.2557	70.4873	71.5401	2021
51	Armenia	56.6017	57.618	58.8137	59.9873	60.9861	61.9742	63.3688	62.2631	65.0431	66.2295	67.2203	67.9643	68.9257	69.9335	2021
31	Azerbaijan	49.6809	50.6482	52.0442	53.5894	55.3111	56.3745	57.6374	58.7597	57.3317	59.1092	62.5571	65.2263	67.0833	69.1356	2021
48	Bahrain	38.2367	44.0846	52.9499	60.1903	65.4736	68.6778	70.5888	71.6724	72.3568	73.3581	74.9207	76.5535	78.1419	78.793	2021
196	Cyprus	54.3298	58.0139	60.2111	64.8486	60.5877	68.7061	69.8158	70.9789	72.3217	73.7631	75.3175	76.6151	78.1338	79.3407	2021
268	Georgia	54.1613	56.0106	57.6351	59.217	60.6658	62.1633	63.5919	64.0324	63.4386	64.6334	65.6371	66.9184	67.8486	68.5905	2021
368	Iraq	39.0789	45.8574	50.9717	54.9035	57.91	60.6466	53.6603	53.2288	60.6656	63.4315	62.691	60.1259	65.3913	68.0477	2021
376	Israel	66.9835	68.1541	69.7463	69.7312	69.5827	70.9097	72.6965	73.9497	75.3147	76.1916	77.3329	78.8999	80.0776	80.697	2021
400	Jordan	42.6871	48.9542	54.2009	58.3475	61.207	64.0075	66.0381	67.6769	68.978	69.8598	70.8212	71.7493	72.53	73.5743	2021
414	Kuwait	48.3301	52.7014	57.9382	62.6357	65.5683	66.9431	70.0705	72.53	73.1129	74.4478	75.5331	75.6263	77.3638	78.3662	2021
422	Lebanon	59.8986	61.0947	63.7221	64.802	65.4599	46.9969	50.7411	56.263	67.3562	71.2681	73.1517	74.7753	76.6986	77.5445	2021
512	Oman	28.7867	31.0377	36.1714	42.3553	47.5803	54.2845	60.9186	65.8352	68.7956	70.7141	72.0383	72.5366	75.6847	76.6253	2021
634	Qatar	51.8053	55.0418	58.9692	63.2553	66.5964	68.9106	70.7081	72.3026	73.6161	74.0761	74.7905	76.1819	78.5191	79.9886	2021
682	Saudi Arabia	40.3063	42.8771	45.5663	48.6965	53.4774	58.6478	63.0665	66.2318	68.6798	70.3881	72.099	73.9114	75.333	76.0293	2021
275	State of Palestine	43.8786	45.4304	47.9694	50.2993	43.6933	58.2181	61.8066	64.6137	67.0073	68.8703	68.4983	70.2105	71.1095	72.7146	2021
760	Syrian Arab Republic	44.4166	49.723	54.3206	57.5726	60.4785	63.8446	63.593	67.9196	68.3835	68.5139	69.7792	71.1352	64.0909	63.786	2021
792	Türkiye	44.9048	46.3544	49.5071	52.4855	55.1384	57.6276	60.4928	63.0203	65.1474	67.0774	69.3551	71.0122	72.6515	74.0846	2021
784	United Arab Emirates	39.5077	43.7359	48.7143	54.6292	60.8537	65.1046	68.0678	69.7823	70.902	71.8058	74.2648	75.9056	77.0889	78.0421	2021
887	Yemen	29.7627	30.3162	31.2296	34.4338	40.0791	45.0943	50.612	54.1286	57.4118	59.2426	61.9703	64.5135	65.3911	62.4334	2021
908	Europe	61.1024	64.2978	65.9604	66.3977	66.5861	66.7824	67.2564	68.6069	68.217	68.765	69.6539	71.5218	73.7157	75.2624	2021
923	Eastern Europe	57.0253	62.3421	64.9004	64.7731	64.167	63.4794	63.1737	64.6495	62.9161	62.3946	62.6562	64.6543	67.4804	69.7169	2021
112	Belarus	57.0918	62.6507	66.4654	67.277	67.2778	66.1402	65.4123	65.843	64.2191	62.7678	63.1975	64.7199	66.8701	69.2287	2021
100	Bulgaria	60.3663	64.6792	68.366	68.9396	68.8857	68.6533	68.5068	68.3028	67.7605	67.4296	68.7234	69.5565	70.866	71.4074	2021
203	Czechia	63.9285	66.7324	67.3604	66.6999	66.4557	67.1142	67.1322	67.7989	68.5848	70.5598	72.0976	73.681	75.0246	76.0581	2021
348	Hungary	61.4218	64.5907	66.4145	66.8824	66.4281	66.3957	65.3203	65.3654	64.8907	66.2736	68.1817	69.3701	71.536	72.6346	2021
616	Poland	57.7591	61.556	65.1228	66.5733	66.704	66.465	66.5827	66.5237	66.6373	68.2496	70.2731	71.1886	72.8082	73.8203	2021
498	Republic of Moldova	52.4707	55.2033	57.7407	59.6579	60.1822	60.7592	61.8859	63.9887	62.828	61.4631	63.3563	64.7771	64.7776	65.6966	2021
642	Romania	60.9046	61.4742	64.7615	65.6605	65.8608	66.6185	66.3501	65.9964	66.1246	66.0009	67.0023	68.9138	71.0943	72.1541	2021
643	Russian Federation	53.9135	61.4771	63.6382	63.0507	62.156	60.907	60.6786	63.2919	60.4175	59.4265	59.0057	61.6674	64.9666	67.8033	2021
703	Slovakia	61.8105	66.2876	68.3296	67.6118	66.7813	66.9205	66.7651	66.9853	67.271	68.6051	69.7035	70.7043	72.5614	73.7764	2021
804	Ukraine	59.3303	63.508	66.595	66.0853	65.0577	64.3279	63.801	65.2583	63.3224	62.1068	62.6285	63.4836	66.6093	68.9999	2021
924	Northern Europe	66.8013	67.8626	68.2907	68.7258	69.0516	69.6727	70.6851	71.6136	72.4843	73.6425	75.1467	76.5762	78.1956	79.0091	2021
208	Denmark	69.6386	70.4397	70.4268	70.5446	70.8941	71.3431	71.4359	71.8246	72.4973	73.5061	74.8965	76.2893	77.9949	79.0992	2021
233	Estonia	63.1232	64.2266	65.3429	65.5876	65.3305	64.2338	64.0358	65.1828	63.4339	64.4686	66.2739	68.518	71.739	73.6244	2021
234	Faroe Islands	59.3867	67.062	70.8322	71.8485	72.8652	73.6088	73.6311	72.6809	71.1506	74.364	75.6481	75.4198	76.8367	77.8564	2021
246	Finland	62.7003	64.6427	65.4941	65.7602	66.5382	68.1136	69.9974	70.6112	71.8046	73.3451	74.8537	76.0497	77.5235	78.8055	2021
831	Guernsey	68.4112	69.2894	68.8196	69.3106	70.1002	70.9772	72.2188	73.8632	74.7841	76.1998	77.6491	79.6605	80.632	80.5297	2021
352	Iceland	69.8743	70.7784	71.0096	71.0856	71.2503	73.4759	73.704	74.9631	76.169	76.7483	78.5664	79.5331	80.5364	80.9239	2021
372	Ireland	65.3842	67.3124	68.242	68.6274	68.7661	69.3592	70.386	71.3403	72.5489	73.2205	75.0361	77.2047	78.7644	80.0844	2021
833	Isle of Man	58.8533	60.5044	58.8063	60.1785	60.7719	62.5108	64.6039	66.0736	68.5346	70.7388	73.4375	76.2865	77.094	78.2948	2021
832	Jersey	67.1491	67.5261	67.2364	68.3106	67.13	67.9469	70.7539	73.327	74.4596	75.6739	76.7154	78.0679	78.5195	78.4967	2021
428	Latvia	64.9173	65.6003	66.5696	66.1242	65.2222	63.7929	63.6666	64.9741	62.0684	62.9228	64.8466	65.966	68.7343	70.2309	2021
440	Lithuania	62.9093	64.2791	67.2653	67.5139	66.7963	65.838	65.3809	66.3453	64.2256	64.993	66.3721	66.2723	68.7952	70.5306	2021
578	Norway	70.8854	71.4524	71.1195	71.1796	71.3191	72.1232	72.691	72.933	74.1497	75.3674	76.6356	78.2288	79.4289	80.8605	2021
752	Sweden	70.3564	71.2139	71.5047	71.7882	72.1389	72.3596	73.3694	74.1738	75.3468	76.6839	77.8036	78.9235	79.9609	80.798	2021
826	United Kingdom	66.6713	67.6724	67.9675	68.5228	68.9689	69.8162	71.0739	72.1148	73.3799	74.4781	75.951	77.4323	78.9195	79.3952	2021
925	Southern Europe	60.8919	63.4474	65.2978	66.7626	68.1532	69.4197	70.6002	71.8343	72.1889	73.9833	75.5488	77.0578	78.4664	79.3303	2021
8	Albania	42.5597	47.5916	53.8225	59.4227	64.0585	66.8646	68.4166	69.43	70.682	71.734	73.2563	74.8107	75.7986	76.8622	2021
20	Andorra	63.9412	67.6381	69.7073	70.6759	71.955	73.13	74.5444	74.8605	77.2996	78.0382	79.8485	80.6299	80.5792	80.7475	2021
70	Bosnia and Herzegovina	48.1466	55.0878	59.929	62.7318	64.6749	66.7094	67.498	68.6531	55.0105	70.2395	72.4171	73.3815	74.161	74.831	2021
191	Croatia	57.524	60.9356	63.6789	65.035	65.7839	66.7827	65.7172	67.6043	68.2399	69.9371	71.1996	72.5641	74.2578	75.2106	2021
292	Gibraltar	64.2669	66.5126	67.9166	67.9232	69.321	70.174	71.5362	72.863	74.1775	75.9348	77.9033	76.9129	78.4691	79.1891	2021
300	Greece	64.5294	65.8533	68.0746	69.3666	70.626	71.3679	72.6844	74.1317	74.8818	75.4403	76.1499	77.0194	77.853	78.4257	2021
380	Italy	64.4334	66.0778	66.9176	67.9477	69.1085	70.1546	71.4113	72.9833	74.0593	75.4784	77.1944	78.7625	80.0008	80.7826	2021
412	Kosovo (under UNSC res. 1244)	57.3245	59.148	60.6841	62.2476	63.7782	65.3319	66.8957	68.4887	70.0221	69.4245	73.1061	74.7754	75.664	76.4881	2021
470	Malta	61.4867	64.8502	66.8534	67.0921	68.1396	70.0136	70.5583	72.1511	73.7446	74.7449	75.947	77.5874	79.4083	80.8257	2021
499	Montenegro	58.2748	60.8691	63.8174	66.2735	67.4798	68.3669	68.2674	71.3201	70.1406	69.7884	71.2079	71.9185	73.5588	73.9987	2021
807	North Macedonia	48.5366	52.5719	56.3454	60.6971	63.6796	66.7021	67.7339	68.6359	69.1667	69.9751	70.8908	71.9617	73.2626	74.4754	2021
620	Portugal	57.3786	59.343	61.3176	63.0621	64.9239	66.5781	68.8366	70.4187	71.1648	72.2358	74.0023	75.8473	77.4147	78.3251	2021
674	San Marino	66.2741	66.8794	68.1176	70.3682	71.0862	72.6256	74.2976	76.1281	76.9586	77.2063	78.6933	80.1419	81.0571	81.5449	2021
688	Serbia	57.9095	61.1364	62.9188	63.4446	64.63	65.9132	65.6393	66.2028	67.6998	68.114	69.307	70.6194	72.1155	73.2793	2021
705	Slovenia	56.7632	60.5117	62.8982	64.2287	64.8452	65.7889	66.4008	67.9396	69.4707	71.2232	72.8153	75.2234	77.2668	78.4868	2021
724	Spain	61.8095	65.132	67.1818	68.5046	69.6993	71.2185	72.8942	73.4707	73.9269	75.1327	76.4534	77.9001	79.5423	80.3765	2021
926	Western Europe	65.0453	66.5054	67.4412	67.8834	68.4232	69.4388	70.6093	71.9273	72.9234	74.274	75.7311	77.2528	78.4102	79.1801	2021
40	Austria	63.5717	64.8085	66.2515	66.6722	67.0229	68.3123	69.4065	71.2734	72.5901	74.074	75.7986	77.2458	78.3229	79.2319	2021
56	Belgium	65.1376	66.7241	67.2924	67.6227	68.2204	69.2917	70.4634	71.7814	72.9857	74.0568	75.2175	76.709	77.8876	79.0668	2021
250	France	64.0658	65.9252	67.2048	67.6577	68.5715	69.5646	70.6353	71.9261	73.1499	74.4412	75.8066	77.3686	78.6417	79.4524	2021
276	Germany	64.8505	66.209	67.1167	67.6149	67.8906	68.8983	70.2047	71.5906	72.4306	73.8922	75.4915	76.9295	77.9746	78.6264	2021
438	Liechtenstein	55.9015	56.0957	59.1703	60.5273	62.1113	65.5505	65.3447	67.5454	73.968	73.5849	76.7647	79.0382	80.1418	81.333	2021
442	Luxembourg	64.4407	65.1898	65.7701	66.0567	66.3208	67.543	69.2308	70.7719	72.6269	73.7432	75.2334	77.3367	78.7107	79.7466	2021
492	Monaco	64.574	68.4783	69.335	69.7621	70.3872	70.6841	71.643	70.3993	72.1159	75.5476	78.9726	80.8168	82.5291	83.6793	2021
528	Netherlands	70.632	71.2472	71.2532	71.0652	71.1612	71.9165	72.7807	73.424	74.1756	75.0233	76.1325	77.9958	79.3451	80.1232	2021
756	Switzerland	67.0078	68.1358	68.705	69.6752	70.6232	71.8848	72.7301	73.8214	74.5362	76.1432	77.7111	79.2635	80.4986	81.4874	2021
904	Latin America and the Caribbean	47.7079	50.7989	53.4908	55.5766	57.4976	59.5298	61.4162	63.6872	65.3402	67.0304	68.4935	69.9455	70.967	71.6897	2021
915	Caribbean	50.7349	53.7561	56.0331	58.009	59.9967	61.3789	62.6719	63.9617	64.8851	66.086	67.2803	68.3961	68.1718	69.5143	2021
660	Anguilla	53.6545	56.0666	57.5942	59.5566	61.2258	63.5489	65.7368	68.0539	70.7376	72.732	73.8527	74.0303	74.4154	73.4064	2021
28	Antigua and Barbuda	55.4473	57.3658	60.5759	65.028	67.9912	69.6443	70.5314	70.7719	70.8522	71.0653	72.2992	73.2636	74.3773	75.5387	2021
533	Aruba	55.6765	59.4276	61.1377	62.6981	64.5551	66.1682	68.266	69.4985	70.1492	70.4934	70.7446	71.3487	72.2674	72.8907	2021
44	Bahamas	57.9014	59.2432	60.56	62.0787	63.4161	64.4169	65.2779	65.8819	67.0535	67.9097	69.0235	69.3894	69.618	69.7857	2021
52	Barbados	54.0328	59.6796	63.5015	65.5285	66.5504	68.4315	69.9005	70.1277	70.2837	70.8953	72.0168	72.9987	73.9811	74.868	2021
535	Bonaire, Sint Eustatius and Saba	60.5493	64.1862	66.5855	67.1755	71.4491	71.3227	70.2225	71.1035	70.7137	72.2612	72.1419	72.845	73.5382	74.4512	2021
92	British Virgin Islands	52.125	57.8417	60.3011	63.4643	64.1481	64.5644	67.2859	72.8559	72.3921	72.5282	71.9306	72.7378	72.9766	72.9736	2021
136	Cayman Islands	52.5994	54.6429	57.6293	60.5527	61.4666	63.9274	67.9005	68.6506	68.8825	69.4594	70.6814	72.4046	72.705	72.729	2021
192	Cuba	59.1625	61.277	63.3835	65.507	67.8839	70.1196	71.3367	71.9367	72.0662	73.027	74.3816	75.1169	75.6415	75.2753	2021
531	Curaçao	60.2235	62.5393	63.9967	65.2322	66.5724	67.9035	68.87	69.6215	70.0287	70.2198	70.4934	70.8588	71.8718	72.0976	2021
212	Dominica	46.7234	52.0766	59.5361	62.358	64.8152	67.1247	70.7931	68.1196	67.6732	68.6016	69.6645	69.7929	67.5529	67.6498	2021
214	Dominican Republic	43.4338	46.3996	49.2209	51.3309	55.23	57.969	60.5647	63.0179	65.4184	66.5087	67.4977	68.7851	69.3137	70.173	2021
308	Grenada	51.9183	56.2747	60.5738	62.725	64.5225	65.431	64.2732	67.2369	68.6636	69.8795	70.282	71.4738	72.347	72.0736	2021
312	Guadeloupe	48.7915	54.9723	58.5988	60.501	62.9142	65.2322	67.4856	69.5877	71.2576	73.0128	74.5006	75.5025	77.4916	78.7275	2021
332	Haiti	36.5342	40.0716	41.851	44.1858	46.1726	47.6273	49.3419	50.9478	52.5674	55.1669	56.9528	58.8581	56.6815	61.0254	2021
388	Jamaica	56.7526	60.4109	63.1445	64.5246	65.1888	67.0195	68.7747	70.2161	70.893	69.6398	68.664	69.2606	71.6045	70.0687	2021
474	Martinique	53.6424	56.7092	59.815	62.3362	63.6414	65.6558	68.3395	70.6862	72.3165	73.5998	75.1906	77.1174	78.9622	79.3316	2021
500	Montserrat	47.6154	50.9878	55.5969	59.2111	63.7345	65.7585	68.3259	69.1557	71.9268	71.7785	73.8646	73.4382	73.4185	74.0358	2021
630	Puerto Rico	60.9541	65.3042	66.6336	67.4616	67.7721	68.7948	69.5833	69.6428	69.6805	70.6725	72.5841	73.5527	74.5532	75.5266	2021
652	Saint Barthélemy	55.0368	58.1685	59.8836	60.6351	64.9546	66.69	68.9977	70.4645	72.7441	73.1632	73.9858	74.8114	75.7854	76.4204	2021
659	Saint Kitts and Nevis	53.0638	54.2432	55.5263	58.1374	57.8216	60.0842	61.8776	62.5784	64.0151	65.1519	67.4773	68.2651	68.2168	67.9089	2021
662	Saint Lucia	48.2169	52.8088	56.2144	60.9748	62.6751	64.1714	67.0634	67.6688	68.3784	68.8777	68.6672	69.6579	70.0464	69.9743	2021
663	Saint Martin (French part)	61.2182	64.2862	65.6892	66.5296	68.6453	69.1212	69.5578	70.688	72.5712	73.4033	74.1993	75.0115	75.9921	76.5804	2021
670	Saint Vincent and the Grenadines	50.1639	51.7795	56.9495	63.8786	65.9974	67.1594	69.2476	70.4655	70.0484	69.1585	69.5727	71.8761	71.7893	71.5429	2021
534	Sint Maarten (Dutch part)	60.6882	63.9853	65.9165	66.5201	70.6414	70.5535	69.8182	70.3131	70.1549	71.3732	72.3836	73.4012	72.7171	73.2121	2021
780	Trinidad and Tobago	55.5333	58.6591	61.5427	62.5558	63.5244	64.5896	65.2416	65.6602	66.1655	66.4262	67.0195	68.5414	70.4222	70.824	2021
796	Turks and Caicos Islands	47.7664	51.862	55.4743	56.505	56.109	66.6359	66.0696	68.2419	66.8463	69.9318	72.8781	74.0954	74.4872	73.8474	2021
850	United States Virgin Islands	57.7683	60.6863	61.0432	62.1525	63.3161	64.6696	65.7496	67.1036	68.3421	68.629	69.38	69.2954	69.3957	69.7794	2021
916	Central America	44.179	49.2071	53.1078	55.5899	57.6218	58.7849	60.2786	63.866	66.01	68.0978	70.2688	70.8152	71.2588	71.1363	2021
84	Belize	49.2475	53.1862	56.2625	59.9179	62.8836	64.9328	66.6899	68.5673	68.6794	67.1745	66.4627	68.2436	70.5521	70.7731	2021
188	Costa Rica	53.8548	56.9836	59.6075	61.9363	64.7823	69.1194	72.633	73.9036	74.7237	74.6549	75.7141	76.1903	76.8477	77.024	2021
222	El Salvador	41.5932	44.5503	47.469	48.3937	50.4468	49.0592	43.2382	53.2053	59.3271	63.1777	65.4771	66.3655	67.2081	67.1608	2021
320	Guatemala	40.1896	42.7437	46.2954	46.7927	50.1512	52.1836	52.1376	58.7856	59.9836	62.1863	64.9182	66.6353	68.3118	69.7433	2021
340	Honduras	41.3604	44.1876	47.8031	50.9991	52.8952	57.1763	59.8258	62.1112	63.9337	64.9033	67.3047	68.5834	69.5656	70.4296	2021
484	Mexico	44.6516	50.5794	54.6892	57.4775	59.2639	60.3283	62.543	65.4738	67.1882	69.2683	71.39	71.5769	71.6643	71.2055	2021
558	Nicaragua	40.6215	43.5929	46.4146	50.4019	51.8716	50.5401	53.6217	54.0951	61.1476	63.2494	64.3753	66.6774	69.4865	70.6996	2021
591	Panama	54.8485	57.0009	60.6754	62.6802	64.9016	66.6088	67.6406	67.7366	68.4706	70.0651	72.0586	73.2225	73.8899	74.8045	2021
931	South America	48.5347	50.9167	53.2633	55.2352	57.1017	59.4888	61.5779	63.5101	65.0826	66.7341	68.0271	69.8103	71.1609	72.1226	2021
32	Argentina	59.5937	60.5866	61.1245	61.4006	62.4137	63.971	65.2312	67.1927	69.2384	70.1044	70.926	72.0793	72.9861	73.4839	2021
68	Bolivia (Plurinational State of)	38.895	40.3097	41.8515	43.703	45.909	48.2403	50.7318	53.2319	56.1866	58.9702	61.1962	62.9375	64.3549	65.2338	2021
76	Brazil	46.3675	48.8277	51.3469	53.5331	55.703	58.0248	60.5356	62.6042	63.8846	65.7525	66.9444	69.0154	70.4934	71.6649	2021
152	Chile	52.3756	53.5653	55.1837	58.1183	60.4307	64.3272	66.7664	69.119	70.7849	72.2791	74.1686	75.5074	76.4424	77.6968	2021
170	Colombia	47.8996	52.4477	56.3086	58.55	60.4457	62.9447	64.7167	64.5281	65.0254	66.4691	68.1958	70.5403	72.4996	73.7049	2021
218	Ecuador	47.9019	50.0861	52.7296	54.544	56.5605	59.5875	61.955	64.6702	67.0422	68.7227	70.6977	71.9168	73.3967	74.6095	2021
238	Falkland Islands (Malvinas)	47.6213	48.7925	50.576	52.981	54.0017	53.9872	50.4399	49.4072	54.0488	64.49	70.6007	74.1227	76.3423	76.4202	2021
254	French Guiana	47.131	49.8244	54.2289	59.0957	61.5436	61.7657	63.5413	66.0361	67.92	69.4261	70.4761	72.0504	73.5904	74.1823	2021
328	Guyana	49.392	53.8792	56.4759	57.8009	58.3177	58.6033	58.9347	59.3229	60.036	60.445	61.627	62.8617	64.0809	65.3915	2021
600	Paraguay	56.1302	57.1618	58.8171	60.1577	61.2875	62.3733	63.8294	65.4074	66.5176	66.9708	67.2308	68.3554	69.8581	70.9085	2021
604	Peru	45.5588	47.6573	50.4086	53.0062	53.5347	56.7817	57.5926	60.1046	63.6018	66.2454	69.4895	71.2971	72.5296	73.7799	2021
740	Suriname	49.6332	53.0719	56.3514	57.4991	58.1505	58.9338	59.7788	60.4089	61.8476	62.6323	62.7907	65.1545	66.5551	68.7455	2021
858	Uruguay	63.2461	64.2526	64.9776	65.4365	65.6886	66.2695	67.6	68.8192	69.422	69.9834	71.1551	72.272	72.9288	73.6233	2021
862	Venezuela (Bolivarian Republic of)	50.3325	54.1457	57.7056	60.3277	63.3778	65.6983	67.4755	68.8681	69.3582	69.6609	68.6509	68.8412	69.0645	68.1559	2021
905	Northern America	65.8266	66.6868	66.9564	66.9614	67.728	69.5205	70.8438	71.5319	72.4275	73.6499	74.7443	75.8269	76.8327	76.8337	2021
60	Bermuda	51.9335	62.0488	62.9042	63.7863	66.4886	68.8893	70.0607	70.214	70.7562	74.9287	76.8156	75.2061	76.4564	77.3277	2021
124	Canada	66.6694	67.6803	68.4591	68.9744	69.5954	70.6847	72.3572	73.4864	74.6182	75.6638	77.1229	78.3194	79.5677	80.0554	2021
304	Greenland	46.567	53.2796	56.9057	59.5401	61.5892	60.6957	61.1859	61.6108	62.9751	64.0923	66.3325	68.0219	68.7332	69.7631	2021
666	Saint Pierre and Miquelon	53.1503	55.3689	56.7049	58.3531	61.8071	65.1999	65.4533	67.4996	68.789	69.698	70.3854	72.3409	72.9461	73.2705	2021
840	United States of America	65.7794	66.6135	66.8278	66.775	67.5443	69.3989	70.6851	71.3238	72.19	73.432	74.49	75.5567	76.5311	76.4779	2021
909	Oceania	59.4495	61.3966	62.5864	63.2053	64.5071	66.2118	67.8665	69.0895	70.7243	71.8127	73.119	74.2759	75.394	76.1918	2021
927	Australia/New Zealand	66.8422	67.6431	67.9679	67.7785	68.356	69.9162	71.488	72.6437	74.4167	75.7456	77.5141	78.9571	80.1768	80.9612	2021
36	Australia	66.6815	67.5248	67.858	67.673	68.2909	70.0409	71.6672	72.9213	74.6269	75.9388	77.6868	79.1067	80.3072	81.0587	2021
554	New Zealand	67.5779	68.2169	68.5152	68.2828	68.6611	69.3738	70.6631	71.3276	73.3883	74.7944	76.6546	78.2098	79.5159	80.4676	2021
928	Melanesia	39.6938	44.046	47.347	50.4251	53.1614	55.6865	57.5723	58.7509	59.7939	60.743	61.2994	61.8759	62.8582	63.7341	2021
242	Fiji	50.0981	54.6121	57.6843	59.5261	59.362	60.0219	60.9886	62.6433	63.6014	64.3942	64.2476	65.1301	65.6834	65.7547	2021
540	New Caledonia	47.9351	51.2936	54.126	56.8041	59.4965	61.3499	63.7166	65.5721	66.5812	68.5468	72.085	73.6922	75.1939	75.9382	2021
598	Papua New Guinea	38.1958	42.2195	45.312	48.4867	51.6085	54.3969	56.2966	57.3179	58.4075	59.4598	60.0977	60.6387	61.723	62.7277	2021
90	Solomon Islands	39.7597	43.3926	48.0009	52.141	56.2688	58.8226	61.032	62.1566	63.4396	64.6072	65.5914	66.4778	67.5146	68.6375	2021
548	Vanuatu	44.4891	47.5184	50.0489	52.5644	55.3165	57.9712	60.5424	62.886	64.9418	66.3551	67.1158	67.5185	67.5444	67.7212	2021
954	Micronesia	50.9843	52.7648	54.9859	56.9517	58.8173	60.3545	61.8162	63.3549	65.0228	66.3631	68.109	68.9246	68.6932	69.1645	2021
316	Guam	55.5062	57.8711	60.2244	61.3327	62.5589	64.8063	67.1555	68.4994	69.897	70.8019	73.082	74.445	73.3212	73.6186	2021
296	Kiribati	44.4494	45.4231	47.6858	51.1144	54.0274	55.0922	56.1478	57.8684	60.1938	61.9063	63.0393	63.1576	63.6757	64.8263	2021
584	Marshall Islands	49.6406	50.2715	52.2107	54.4968	56.3046	57.2489	58.001	59.1408	60.0431	61.2572	61.6209	61.7864	61.9447	62.8219	2021
583	Micronesia (Fed. States of)	48.6281	52.0546	55.527	57.601	59.2433	60.2682	61.6899	63.3719	64.7417	66.2497	67.5695	68.3007	68.3941	68.1133	2021
520	Nauru	56.1872	57.3619	58.188	58.8961	59.2531	60.0027	59.9878	59.3331	58.8155	56.7223	55.1693	55.3063	57.39	59.7395	2021
580	Northern Mariana Islands	57.282	58.5003	59.8621	61.2523	63.3378	65.7444	67.6769	69.6215	70.9625	71.7137	73.9969	75.7728	75.683	75.4109	2021
585	Palau	48.8817	49.1947	49.4481	50.6023	52.6916	54.3838	55.4053	55.7866	57.6051	60.3237	63.1	63.6418	62.2622	61.4719	2021
957	Polynesia	50.7476	54.0037	56.3889	58.5956	60.5167	62.2495	64.4172	66.6163	68.0672	69.8627	71.4174	72.3099	73.4078	74.1228	2021
16	American Samoa	59.6499	61.2051	63.1467	61.7405	64.3366	65.3916	66.2476	67.2341	67.8894	68.7072	68.8238	69.6687	70.1015	69.8735	2021
184	Cook Islands	41.5089	50.055	56.6048	61.0996	63.934	62.9235	63.5014	64.422	64.019	65.2642	67.3082	68.539	70.3017	70.728	2021
258	French Polynesia	52.7509	57	59.103	60.3979	61.7972	63.8936	67.7617	71.4898	72.983	75.6012	77.3324	77.8218	79.4501	80.4287	2021
570	Niue	54.1771	56.694	58.5355	58.8394	59.3919	61.8403	64.5484	65.7108	64.5134	64.0902	64.3904	65.0082	67.4247	68.8505	2021
882	Samoa	49.425	52.1639	54.2991	57.0054	59.0921	60.9551	62.5012	64.0961	65.5914	67.1971	68.6364	69.1306	69.8913	70.1229	2021
772	Tokelau	54.3257	56.033	57.7599	59.5724	61.5158	63.3626	65.9213	67.8812	68.8886	69.978	70.9602	72.0756	73.1422	73.9289	2021
776	Tonga	52.7855	54.7748	56.6467	58.7641	60.5805	61.8682	62.7782	63.4328	64.2324	65.136	66.1993	67.1751	67.713	68.0711	2021
798	Tuvalu	38.6167	43.2797	47.5998	51.3902	53.8901	56.5692	57.9634	58.0043	59.1936	61.1374	61.1812	60.8935	60.566	60.4406	2021
876	Wallis and Futuna Islands	43.9479	45.4873	47.5499	49.6954	52.1758	55.3696	59.4812	64.6005	70.8186	72.1468	75.0604	76.0615	75.3177	77.3409	2021
