country_code	name	2020-2025	2025-2030	2030-2035	2035-2040	2040-2045	2045-2050	2050-2055	2055-2060	2060-2065	2065-2070	2070-2075	2075-2080	2080-2085	2085-2090	2090-2095	2095-2100
900	World	69.8111	71.58	72.3433	73.0817	73.7928	74.4507	75.0381	75.5906	76.1337	76.6712	77.1875	77.6885	78.1686	78.6468	79.1215	79.5976
1834	Sub-Saharan Africa	58.7591	60.5436	61.4487	62.2977	63.105	63.8771	64.6161	65.3344	66.0326	66.7151	67.3783	68.0357	68.6896	69.3482	70.0027	70.6629
1833	Northern Africa and Western Asia	70.689	72.3947	73.2458	74.1108	74.9308	75.6853	76.374	77.0208	77.6386	78.2386	78.8327	79.435	80.0592	80.6976	81.3482	81.9968
1831	Central and Southern Asia	67.9891	70.6799	71.6491	72.5813	73.495	74.4029	75.2866	76.156	77.0093	77.8519	78.6644	79.4688	80.2336	80.9588	81.6398	82.3065
1832	Eastern and South-Eastern Asia	74.4347	75.6352	76.5104	77.3629	78.2016	78.9825	79.6759	80.3174	80.9466	81.5676	82.1756	82.7675	83.3471	83.9384	84.5423	85.1351
1830	Latin America and the Caribbean	70.9247	73.5906	74.5921	75.5888	76.5756	77.5467	78.5047	79.4199	80.2829	81.0812	81.8265	82.5321	83.2003	83.8412	84.462	85.0701
1835	Oceania (excluding Australia and New Zealand)	65.1942	65.9286	66.5491	67.1196	67.6548	68.1708	68.6817	69.1999	69.7351	70.2945	70.893	71.5333	72.2116	72.9193	73.6549	74.4199
1836	Australia/New Zealand	82.1967	82.5103	83.2154	83.8577	84.4704	85.0852	85.6827	86.2744	86.8652	87.4507	88.0266	88.6026	89.177	89.7584	90.3411	90.9135
1829	Europe and Northern America	75.3645	77.6979	78.5919	79.4619	80.309	81.1134	81.8711	82.608	83.3336	84.0454	84.735	85.3907	86.013	86.6078	87.1895	87.7786
901	More developed regions	76.1503	78.2694	79.1208	79.9508	80.764	81.5422	82.2808	82.9976	83.7024	84.3955	85.07	85.7154	86.3313	86.923	87.5035	88.0884
902	Less developed regions	68.5735	70.3286	71.1352	71.9196	72.6719	73.3658	73.9831	74.5568	75.114	75.6617	76.1848	76.6896	77.1711	77.652	78.1297	78.6062
941	Least developed countries	62.7493	64.3287	65.1795	65.96	66.7012	67.4118	68.0951	68.7565	69.4036	70.0273	70.6282	71.2178	71.7955	72.3751	72.9645	73.5739
934	Less developed regions, excluding least developed countries	69.8297	71.6823	72.5166	73.3428	74.1487	74.9011	75.5744	76.2069	76.8263	77.446	78.045	78.6254	79.1783	79.7236	80.2562	80.7785
948	Less developed regions, excluding China	66.6217	68.702	69.494	70.2581	70.9933	71.7052	72.3873	73.0478	73.6865	74.3036	74.8907	75.4645	76.0192	76.563	77.095	77.6284
1636	Land-locked Developing Countries (LLDC)	62.1226	63.9499	64.7693	65.5409	66.2828	66.9964	67.6842	68.3607	69.032	69.6937	70.3518	71.0081	71.6734	72.3516	73.0373	73.7319
1637	Small Island Developing States (SIDS)	69.565	71.0574	71.8597	72.5738	73.2146	73.7981	74.3394	74.8478	75.3485	75.8513	76.3484	76.8519	77.3636	77.9007	78.4603	79.0484
1503	High-income countries	78.4574	79.9868	80.7843	81.5486	82.2892	82.9906	83.6494	84.2766	84.8943	85.5187	86.1407	86.747	87.3393	87.9187	88.4884	89.0553
1517	Middle-income countries	69.121	71.0846	71.9513	72.8023	73.6295	74.4036	75.0981	75.7522	76.3908	77.0224	77.6279	78.2115	78.7639	79.3065	79.8376	80.3597
1502	Upper-middle-income countries	73.3597	75.2151	76.2588	77.2766	78.2631	79.1822	80.0098	80.7619	81.4679	82.1365	82.7733	83.3724	83.9239	84.4745	85.0298	85.5761
1501	Lower-middle-income countries	66.2482	68.459	69.2704	70.0634	70.8408	71.6144	72.3683	73.117	73.8524	74.5752	75.2673	75.9454	76.5958	77.2209	77.818	78.4035
1500	Low-income countries	60.967	62.69	63.544	64.3042	65.0106	65.6796	66.3239	66.9537	67.5777	68.1969	68.814	69.4347	70.0564	70.6894	71.3304	71.9878
1518	No income group available	67.6488	69.5948	70.521	71.4612	72.4207	73.382	74.366	75.3611	76.3601	77.3734	78.3645	79.3002	80.1597	80.9278	81.6362	82.3013
903	Africa	60.6418	62.3127	63.1577	63.9685	64.7402	65.4754	66.1739	66.8503	67.5049	68.1426	68.7604	69.3747	69.9925	70.6214	71.2519	71.8867
910	Eastern Africa	61.5737	63.5234	64.4802	65.3471	66.1511	66.9204	67.6666	68.3972	69.1202	69.8373	70.5623	71.3031	72.0624	72.8453	73.6474	74.4699
108	Burundi	60.2598	61.7122	62.4402	63.1276	63.7901	64.4207	65.0043	65.5685	66.1265	66.657	67.1888	67.7112	68.2366	68.7971	69.361	69.9275
174	Comoros	62.1813	63.7872	64.7381	65.6093	66.4041	67.1558	67.857	68.5319	69.1965	69.8797	70.5646	71.2792	72.0222	72.8035	73.6041	74.4253
262	Djibouti	60.6668	62.4753	63.4436	64.3425	65.1856	65.9693	66.7215	67.4183	68.1102	68.8021	69.5021	70.1988	70.9297	71.7048	72.5018	73.3289
232	Eritrea	65.119	67.311	68.3866	69.349	70.2463	71.1166	71.988	72.8677	73.7601	74.665	75.589	76.5344	77.4689	78.4118	79.3659	80.3259
231	Ethiopia	63.0975	65.274	66.4042	67.3841	68.2707	69.1395	69.9849	70.8251	71.6975	72.5491	73.4209	74.3244	75.2366	76.178	77.1275	78.0755
404	Kenya	60.3614	62.4086	63.3056	64.1398	64.9038	65.6183	66.2962	66.9547	67.5774	68.1986	68.8329	69.4896	70.1823	70.9	71.6254	72.4059
450	Madagascar	63.4755	65.5976	66.6103	67.5187	68.3406	69.0944	69.8339	70.5848	71.3179	72.0867	72.8506	73.6487	74.4601	75.3036	76.1443	77.024
454	Malawi	60.217	62.3036	63.2988	64.2031	65.029	65.8023	66.5453	67.2749	67.9891	68.725	69.4742	70.2587	71.0471	71.8542	72.7023	73.5488
480	Mauritius	71.6534	73.4261	74.2126	75.0141	75.8395	76.6975	77.594	78.5036	79.4255	80.3255	81.1477	81.9124	82.6162	83.2714	83.909	84.5267
175	Mayotte	72.9682	75.7461	76.8763	77.993	79.0997	80.1178	81.0374	81.8494	82.6024	83.2999	83.9508	84.5967	85.2314	85.8537	86.4563	87.0541
508	Mozambique	58.007	60.5843	61.7892	62.8746	63.8435	64.741	65.572	66.343	67.086	67.8045	68.5079	69.2234	69.9477	70.7044	71.4778	72.2621
638	Réunion	79.4635	80.725	81.4667	82.1466	82.7799	83.3986	84.0033	84.5902	85.1606	85.7439	86.3335	86.9126	87.4716	88.0406	88.582	89.1225
646	Rwanda	64.7011	65.836	66.6817	67.4498	68.1605	68.8286	69.4955	70.1495	70.8226	71.5169	72.2481	73.0079	73.801	74.6076	75.4404	76.2985
690	Seychelles	69.4052	72.2134	73.3927	74.5087	75.6339	76.7477	77.8841	78.9078	79.8688	80.7283	81.4889	82.1884	82.8638	83.566	84.1844	84.7822
706	Somalia	54.5379	56.76	57.7202	58.6288	59.5282	60.3938	61.2122	62.0111	62.7669	63.4993	64.1943	64.8606	65.5089	66.1458	66.7882	67.4156
728	South Sudan	54.4529	56.2904	57.332	58.3312	59.3125	60.2328	61.0973	61.9433	62.761	63.5505	64.2757	64.9613	65.6184	66.2548	66.8721	67.5029
800	Uganda	61.3137	62.4906	63.3202	64.0798	64.7931	65.4491	66.0899	66.6883	67.2656	67.8444	68.4134	68.9751	69.571	70.1945	70.8347	71.5185
834	United Republic of Tanzania	64.9932	66.6001	67.4863	68.3273	69.0985	69.8513	70.598	71.3584	72.1347	72.9369	73.7639	74.5944	75.4517	76.3307	77.2541	78.1941
894	Zambia	59.7087	61.4696	62.2092	62.8993	63.5593	64.1748	64.78	65.3626	65.9456	66.5196	67.097	67.6676	68.2458	68.8509	69.4738	70.1275
716	Zimbabwe	57.8384	59.7822	60.4303	61.0696	61.6851	62.2675	62.8437	63.4024	63.9381	64.4807	65.0228	65.5406	66.0796	66.6061	67.1434	67.6999
911	Middle Africa	57.9961	59.5866	60.3545	61.0691	61.7495	62.3942	63.013	63.6084	64.1883	64.7541	65.2956	65.834	66.3607	66.8943	67.4225	67.9629
24	Angola	59.9549	61.4632	62.2883	63.041	63.7475	64.4147	65.0453	65.6371	66.2096	66.7709	67.3182	67.8771	68.4326	68.9989	69.5747	70.1858
120	Cameroon	59.7522	61.5639	62.2816	62.9373	63.5431	64.1013	64.6412	65.1573	65.6488	66.1244	66.6014	67.0689	67.5439	68.0126	68.4777	68.9587
140	Central African Republic	52.792	54.7057	55.6648	56.5699	57.4269	58.2368	58.9958	59.721	60.4053	61.0462	61.6705	62.2787	62.8379	63.3904	63.9247	64.4612
148	Chad	51.5933	52.997	53.7683	54.5233	55.2572	55.9707	56.6546	57.3219	57.9593	58.6004	59.2102	59.7699	60.3255	60.885	61.3944	61.9166
178	Congo	61.9419	62.4132	63.1037	63.6691	64.2021	64.7168	65.2189	65.712	66.1826	66.6443	67.106	67.5821	68.0543	68.5238	69.0294	69.5571
180	Democratic Republic of the Congo	58.0183	59.7167	60.5171	61.2571	61.9579	62.614	63.2387	63.8365	64.4213	64.9881	65.5173	66.0478	66.5576	67.0752	67.5888	68.1093
226	Equatorial Guinea	59.6556	61.2514	61.9558	62.6245	63.27	63.877	64.4448	64.9925	65.5245	66.0362	66.5557	67.0736	67.5776	68.0769	68.6015	69.1306
266	Gabon	64.0685	65.5827	66.1302	66.6484	67.1226	67.5981	68.0645	68.5383	69.0322	69.5342	70.0622	70.6276	71.2201	71.8495	72.5021	73.1892
678	Sao Tome and Principe	65.781	66.475	66.8674	67.267	67.6878	68.1254	68.5956	69.12	69.6644	70.2331	70.8429	71.4719	72.1576	72.8715	73.5968	74.349
912	Northern Africa	69.4544	70.8932	71.6306	72.3794	73.1129	73.8265	74.5156	75.2026	75.8806	76.558	77.2261	77.8891	78.5597	79.2232	79.8888	80.5368
12	Algeria	75.2866	76.9436	77.9127	78.8797	79.8371	80.7945	81.7408	82.6541	83.5173	84.3021	85.012	85.6642	86.2905	86.8836	87.4699	88.0572
818	Egypt	68.6001	70.2976	71.0256	71.7556	72.4966	73.2722	74.0588	74.8799	75.7088	76.5778	77.4633	78.3686	79.2827	80.1877	81.0684	81.8872
434	Libya	70.0296	71.0315	71.942	72.8574	73.774	74.7064	75.6349	76.5864	77.5637	78.5439	79.5205	80.4611	81.3388	82.1311	82.8565	83.5356
504	Morocco	72.6701	74.0443	75.0835	76.1119	77.1344	78.1654	79.2089	80.2382	81.2444	82.1857	83.0433	83.815	84.5134	85.183	85.8223	86.4381
729	Sudan	63.3224	64.2309	64.6855	65.1422	65.6065	66.0789	66.5557	67.0347	67.5281	68.0459	68.5867	69.1476	69.7518	70.3753	71.0542	71.7695
788	Tunisia	72.369	74.8836	76.0504	77.2004	78.3499	79.465	80.5127	81.4566	82.2891	83.0504	83.755	84.414	85.0647	85.6914	86.3032	86.8957
732	Western Sahara	69.4034	70.2852	71.0769	71.8319	72.5777	73.3295	74.0668	74.8371	75.6359	76.4754	77.3044	78.1605	79.0341	79.9065	80.776	81.5896
913	Southern Africa	60.068	63.2924	63.9247	64.5287	65.1237	65.6906	66.2515	66.8135	67.3972	68.0167	68.6423	69.2862	69.9456	70.6485	71.3779	72.1279
72	Botswana	62.3651	64.0188	64.5979	65.156	65.6835	66.201	66.7261	67.2355	67.7341	68.2553	68.7859	69.343	69.9293	70.5506	71.2109	71.8914
748	Eswatini	54.7018	58.7044	59.6679	60.5725	61.4129	62.2037	62.9592	63.689	64.3942	65.0852	65.7449	66.4136	67.0941	67.7832	68.5079	69.2562
426	Lesotho	51.3945	52.8515	53.7002	54.5318	55.326	56.084	56.8369	57.5721	58.2747	58.9626	59.5962	60.2584	60.8819	61.4909	62.0781	62.6459
516	Namibia	56.9758	60.9771	61.8196	62.6074	63.3429	64.0444	64.7281	65.3989	66.0443	66.6921	67.3608	68.0344	68.7187	69.4413	70.1937	70.9719
710	South Africa	60.6146	63.9364	64.5417	65.1242	65.7042	66.2553	66.8022	67.3552	67.9349	68.5526	69.1787	69.8267	70.4923	71.203	71.94	72.6987
914	Western Africa	56.417	57.9255	58.9047	59.845	60.7457	61.6019	62.4024	63.1696	63.9019	64.607	65.2735	65.9225	66.5588	67.1841	67.7865	68.3797
204	Benin	58.7963	60.4386	61.2067	61.9075	62.5743	63.1989	63.7866	64.3527	64.8882	65.3825	65.8825	66.3822	66.8671	67.373	67.8549	68.3475
854	Burkina Faso	58.2509	59.7664	60.6337	61.4474	62.1956	62.8894	63.5356	64.1643	64.7549	65.3177	65.8719	66.3997	66.9137	67.4277	67.9492	68.4764
132	Cabo Verde	71.114	73.6469	74.9054	76.1377	77.3393	78.4678	79.4936	80.3845	81.1852	81.8997	82.5676	83.2105	83.8431	84.4798	85.088	85.7077
384	Côte d'Ivoire	58.2023	59.5835	60.3479	61.0568	61.7262	62.3494	62.925	63.494	64.0203	64.5325	65.0418	65.5444	66.0104	66.474	66.938	67.3861
270	Gambia	61.8743	63.9701	64.7964	65.5192	66.1903	66.7971	67.373	67.9201	68.4404	68.9711	69.4875	70.0148	70.574	71.1512	71.7348	72.3578
288	Ghana	62.2892	63.9883	64.6706	65.3185	65.9302	66.5291	67.0949	67.6532	68.1993	68.7557	69.3265	69.9245	70.5492	71.1954	71.885	72.6106
324	Guinea	58.2023	59.9698	60.759	61.5122	62.2138	62.8955	63.5365	64.1211	64.6923	65.2391	65.7508	66.2624	66.7616	67.2555	67.7495	68.2488
624	Guinea-Bissau	58.1948	60.3293	61.1801	61.9789	62.725	63.4294	64.0962	64.7214	65.3108	65.8846	66.4471	67.0128	67.5479	68.0908	68.6303	69.1944
430	Liberia	60.1213	61.5739	62.5018	63.3597	64.129	64.8468	65.525	66.1643	66.7901	67.3695	67.9293	68.4795	69.0329	69.6073	70.1876	70.7755
466	Mali	58.2962	60.2371	61.1462	61.9704	62.7392	63.4296	64.0568	64.641	65.1836	65.7168	66.2169	66.7153	67.1992	67.6724	68.1453	68.6174
478	Mauritania	63.3955	65.401	66.2666	67.066	67.781	68.463	69.1188	69.7575	70.4101	71.098	71.7831	72.5068	73.2557	74.0356	74.8583	75.6755
562	Niger	61.3038	63.783	64.8118	65.7328	66.5674	67.3202	68.014	68.6713	69.2789	69.866	70.4397	71.0113	71.618	72.2287	72.8702	73.5339
566	Nigeria	53.0655	54.3544	55.3468	56.302	57.2258	58.1084	58.9296	59.7146	60.4751	61.1983	61.8669	62.5119	63.1405	63.7486	64.3094	64.849
654	Saint Helena	74.2678	75.0539	75.991	76.8221	77.7096	78.7206	79.3349	80.2661	81.1762	81.7891	82.5793	82.9544	83.7447	84.4731	85.0367	85.5067
686	Senegal	66.0543	68.3921	69.6483	70.8203	71.9423	73.0338	74.1007	75.1755	76.2294	77.2949	78.36	79.4287	80.4439	81.3968	82.2559	83.0306
694	Sierra Leone	59.1573	60.4097	61.2242	61.9769	62.6827	63.3285	63.9393	64.5269	65.0806	65.6109	66.1299	66.628	67.1281	67.6257	68.1259	68.6282
768	Togo	61.0059	61.9359	62.8247	63.6438	64.4174	65.1409	65.8188	66.473	67.0926	67.6938	68.26	68.8188	69.3594	69.9165	70.4853	71.0848
935	Asia	71.5157	73.3409	74.2408	75.1172	75.977	76.7864	77.5175	78.2102	78.8972	79.5876	80.2652	80.9355	81.5871	82.2341	82.8695	83.4911
5500	Central Asia	67.5676	68.9368	69.4899	70.0717	70.6891	71.3522	72.0437	72.7627	73.5175	74.3027	75.1194	75.966	76.8448	77.7308	78.6094	79.4583
398	Kazakhstan	66.3196	68.5043	69.1223	69.7845	70.4679	71.1971	71.9613	72.7614	73.5842	74.4303	75.313	76.2163	77.1547	78.0797	78.9597	79.7841
417	Kyrgyzstan	66.5206	68.3514	69.0868	69.8468	70.6419	71.4742	72.3313	73.2215	74.1413	75.0624	76.0065	76.9574	77.9139	78.8471	79.7104	80.5054
762	Tajikistan	68.692	69.8141	70.3532	70.9052	71.4949	72.125	72.7964	73.4871	74.2171	74.971	75.7529	76.5655	77.4083	78.2793	79.1466	79.9928
795	Turkmenistan	65.9392	66.5732	67.1547	67.7436	68.3528	69.0023	69.68	70.3916	71.1371	71.9074	72.7075	73.5469	74.4063	75.2736	76.1742	77.0806
860	Uzbekistan	68.7777	69.5422	70.0021	70.499	71.0271	71.6145	72.2383	72.8962	73.6008	74.3426	75.1096	75.9049	76.7357	77.5834	78.4446	79.2924
906	Eastern Asia	76.6654	77.7601	78.7617	79.7542	80.7429	81.6746	82.5064	83.259	83.9614	84.6278	85.2792	85.918	86.5224	87.1296	87.7349	88.3245
156	China	75.9351	77.1472	78.2535	79.3527	80.4351	81.441	82.32	83.1044	83.8333	84.5152	85.1785	85.8266	86.4331	87.0421	87.6503	88.2441
344	China, Hong Kong SAR	82.6093	83.5703	84.2083	84.8275	85.4294	86.0201	86.6245	87.2219	87.8239	88.4305	89.0317	89.6227	90.2003	90.7948	91.3914	91.9822
446	China, Macao SAR	82.8902	83.5242	84.1643	84.7721	85.3564	85.9667	86.5802	87.1806	87.8024	88.4113	89.0112	89.5925	90.1675	90.7456	91.3584	91.9575
158	China, Taiwan Province of China	78.1636	79.3553	80.3374	81.1525	81.8897	82.5823	83.249	83.8997	84.5318	85.1604	85.7713	86.3712	86.9645	87.5737	88.1659	88.7629
408	Dem. People's Republic of Korea	71.0456	71.6617	72.3141	73.006	73.7293	74.483	75.277	76.1074	76.969	77.8756	78.7869	79.6949	80.5841	81.4435	82.2348	82.9667
392	Japan	81.8506	82.4511	83.088	83.7102	84.3395	84.962	85.5809	86.1691	86.7442	87.3249	87.9148	88.5055	89.0972	89.6818	90.2686	90.8298
496	Mongolia	67.8768	69.5049	70.8215	72.1208	73.3944	74.6572	75.9024	77.1372	78.3041	79.3327	80.227	81.0414	81.7916	82.4979	83.1843	83.8358
410	Republic of Korea	80.6948	81.4292	82.07	82.6924	83.3024	83.9007	84.4881	85.0816	85.6632	86.2626	86.8481	87.414	87.9837	88.5498	89.1193	89.6949
5501	Southern Asia	67.9852	70.7287	71.7147	72.6593	73.5825	74.4989	75.3904	76.2665	77.1246	77.9708	78.785	79.5905	80.355	81.0795	81.7595	82.4257
4	Afghanistan	60.4173	62.9259	64.0543	65.0277	65.8908	66.6804	67.4136	68.1299	68.8273	69.5302	70.256	70.9988	71.7668	72.5484	73.3357	74.168
50	Bangladesh	71.283	72.8635	74.0708	75.2318	76.3659	77.4874	78.5972	79.6938	80.7819	81.7811	82.6793	83.4966	84.2321	84.9104	85.557	86.1899
64	Bhutan	70.5531	71.7622	72.8271	73.8263	74.8095	75.7972	76.7739	77.762	78.7686	79.7342	80.7121	81.6952	82.5747	83.4	84.1422	84.8237
356	India	68.2643	71.4767	72.5201	73.5176	74.495	75.4816	76.4548	77.43	78.4023	79.3917	80.3543	81.315	82.2199	83.0564	83.8173	84.5318
364	Iran (Islamic Republic of)	72.8445	75.2652	76.366	77.4776	78.587	79.6828	80.7425	81.6954	82.5409	83.3005	84.0064	84.6756	85.3225	85.9678	86.5861	87.1736
462	Maldives	79.8288	81.3412	82.4614	83.5144	84.477	85.2969	86.0091	86.6475	87.2204	87.7725	88.3013	88.8321	89.3614	89.8904	90.4541	91.0172
524	Nepal	68.1282	69.8869	70.9698	71.9811	72.956	73.921	74.8644	75.8254	76.784	77.7574	78.7364	79.7184	80.6839	81.5983	82.4414	83.2318
586	Pakistan	64.4686	65.6095	66.1821	66.7552	67.3155	67.8624	68.4062	68.9682	69.56	70.162	70.8083	71.4935	72.2031	72.9548	73.7389	74.5778
144	Sri Lanka	73.0325	73.9514	74.9973	76.0587	77.1309	78.1768	79.1944	80.1139	80.955	81.7113	82.4153	83.0823	83.714	84.3303	84.9158	85.5043
920	South-Eastern Asia	69.1483	70.8712	71.5947	72.2739	72.9302	73.591	74.2701	74.9728	75.6925	76.4218	77.1592	77.9025	78.6697	79.4423	80.2317	81.02
96	Brunei Darussalam	72.6713	73.3076	74.6889	75.3854	76.0641	76.8071	77.5761	78.3923	79.2096	80.0497	80.8756	81.6729	82.4106	83.0876	83.7307	84.3351
116	Cambodia	68.114	69.7933	70.5305	71.2386	71.9667	72.6826	73.4362	74.2112	75.0125	75.8261	76.6623	77.5202	78.3937	79.2912	80.1664	80.9977
360	Indonesia	67.2676	69.4662	70.0206	70.5885	71.1665	71.7741	72.4118	73.0855	73.7894	74.5244	75.2963	76.0903	76.9328	77.7852	78.6653	79.5543
418	Lao People's Democratic Republic	66.9016	68.177	69.1957	70.1024	70.9471	71.7781	72.5822	73.3845	74.1976	75.0342	75.8812	76.7348	77.6104	78.5014	79.3928	80.2596
458	Malaysia	73.7975	74.8592	75.707	76.5781	77.4639	78.3736	79.3037	80.2418	81.1416	81.9971	82.7721	83.4834	84.1462	84.7787	85.3848	85.9686
104	Myanmar	63.9243	65.1467	66.0076	66.7984	67.5446	68.2737	69.0031	69.7621	70.5506	71.3522	72.1642	73.0234	73.906	74.7916	75.7031	76.6356
608	Philippines	69.649	70.6902	71.1294	71.6006	72.1293	72.7046	73.3196	73.9791	74.6802	75.412	76.1889	76.988	77.841	78.7139	79.5987	80.4605
702	Singapore	81.6293	82.8312	83.5024	84.1373	84.7467	85.3446	85.9314	86.5288	87.1241	87.7195	88.3055	88.8905	89.4741	90.0576	90.6269	91.2062
764	Thailand	75.3963	76.8849	78.117	79.1251	79.9763	80.742	81.4687	82.1519	82.8022	83.4559	84.086	84.7122	85.3187	85.9198	86.5079	87.088
626	Timor-Leste	67.2074	68.5387	69.4669	70.2857	71.0502	71.8017	72.5312	73.2748	74.0352	74.8185	75.607	76.4147	77.23	78.0741	78.9304	79.7977
704	Viet Nam	70.0902	70.9514	71.9333	72.9262	73.9486	74.9939	76.0618	77.1121	78.1121	79.0386	79.8761	80.6497	81.3712	82.0608	82.7295	83.3728
922	Western Asia	71.8225	73.7555	74.6798	75.6272	76.5111	77.3014	78.0002	78.6313	79.2257	79.7909	80.3504	80.9277	81.5368	82.1787	82.8413	83.5136
51	Armenia	68.6238	71.9726	72.9565	73.9544	74.9701	76.0141	77.034	78.0287	78.9287	79.7341	80.4588	81.1495	81.8042	82.4457	83.0711	83.6672
31	Azerbaijan	67.9277	71.1994	71.7992	72.4299	73.1192	73.8462	74.609	75.3945	76.2196	77.0535	77.9194	78.8017	79.6697	80.5117	81.297	82.0207
48	Bahrain	78.902	80.5587	81.4598	82.3389	83.2091	84.018	84.7655	85.4319	86.0312	86.5831	87.1056	87.6449	88.2252	88.8172	89.4044	89.935
196	Cyprus	79.9233	81.0769	81.9958	82.8373	83.5815	84.2638	84.9118	85.5362	86.1439	86.7306	87.3104	87.8793	88.4509	89.0312	89.6179	90.1913
268	Georgia	67.6018	69.9569	70.8938	71.8434	72.8219	73.8171	74.8184	75.8416	76.8547	77.8257	78.7237	79.5405	80.2903	80.989	81.6591	82.2809
368	Iraq	68.9184	70.3745	70.8326	71.3362	71.8623	72.4218	73.025	73.6536	74.3213	75.0242	75.7662	76.5301	77.3137	78.12	78.9534	79.7901
376	Israel	80.9248	82.3327	83.0599	83.6987	84.3229	84.9079	85.4917	86.057	86.6329	87.1852	87.7433	88.3037	88.8764	89.4517	90.0103	90.5786
400	Jordan	73.0348	75.2629	76.081	76.9371	77.8004	78.6815	79.5832	80.4979	81.3987	82.2393	83.0088	83.7234	84.3877	85.0233	85.6358	86.2162
414	Kuwait	78.1662	80.1278	81.1563	82.1464	83.0145	83.7788	84.4691	85.1064	85.7154	86.3039	86.9055	87.5226	88.1601	88.7873	89.3832	89.9422
422	Lebanon	74.3799	78.4565	79.1958	79.9602	80.7578	81.5659	82.3346	83.0495	83.7346	84.3684	84.9787	85.588	86.1795	86.7539	87.3034	87.8315
512	Oman	74.1622	78.4872	79.5809	80.6599	81.7299	82.7539	83.6749	84.4731	85.1742	85.8277	86.4111	86.9868	87.5712	88.1659	88.7773	89.3629
634	Qatar	79.9799	81.7952	82.7546	83.66	84.4635	85.177	85.8188	86.4182	86.9782	87.5216	88.0599	88.6168	89.1894	89.7929	90.4227	91.0151
682	Saudi Arabia	76.4104	77.8272	78.8325	79.8126	80.7725	81.7225	82.6381	83.497	84.272	84.9702	85.6318	86.2663	86.8781	87.4787	88.0689	88.6491
275	State of Palestine	72.0791	74.534	75.3643	76.2149	77.0816	77.9716	78.8904	79.8085	80.7211	81.6056	82.4435	83.2142	83.9153	84.5602	85.1769	85.7686
760	Syrian Arab Republic	68.9241	69.4917	70.2754	71.1062	71.9421	72.7811	73.6435	74.5155	75.4153	76.3346	77.2759	78.2131	79.1028	79.9524	80.7436	81.5039
792	Türkiye	74.5688	76.6373	77.797	78.9535	80.0582	81.0519	81.9214	82.699	83.42	84.1063	84.753	85.3967	86.0304	86.6465	87.2479	87.8538
784	United Arab Emirates	78.261	80.0213	81.1003	82.1445	83.098	83.9287	84.6466	85.2982	85.9002	86.4781	87.0559	87.6314	88.2279	88.8323	89.4373	90.0129
887	Yemen	61.437	63.7232	64.7128	65.6045	66.421	67.2058	67.9613	68.7193	69.4964	70.2816	71.0911	71.9107	72.7668	73.6516	74.5477	75.4716
908	Europe	75.0018	77.4409	78.3383	79.1944	80.0216	80.8171	81.5817	82.341	83.0941	83.8305	84.5407	85.2152	85.8451	86.4421	87.0286	87.6228
923	Eastern Europe	68.6567	71.9244	72.9028	73.8845	74.8674	75.843	76.8066	77.7609	78.6719	79.5088	80.2788	80.9962	81.6717	82.321	82.9463	83.5543
112	Belarus	68.4298	70.6948	71.799	72.9004	74.0204	75.1322	76.2309	77.2814	78.2197	79.058	79.8228	80.5381	81.2084	81.852	82.4806	83.0851
100	Bulgaria	69.6328	73.0356	73.9314	74.8388	75.7695	76.7227	77.6844	78.6389	79.5511	80.395	81.168	81.8923	82.557	83.2057	83.8187	84.4086
203	Czechia	75.9112	77.7654	78.661	79.5601	80.435	81.2585	82.007	82.6895	83.3397	83.9583	84.5623	85.1598	85.7601	86.3598	86.9627	87.5432
348	Hungary	72.4949	74.5074	75.4258	76.3771	77.3441	78.329	79.2949	80.2093	81.0518	81.8169	82.5263	83.2093	83.8648	84.4941	85.1153	85.7291
616	Poland	73.7427	75.735	76.766	77.7859	78.7713	79.6723	80.4853	81.2219	81.9003	82.5386	83.1514	83.7564	84.3488	84.9368	85.5245	86.1045
498	Republic of Moldova	65.2349	67.4687	68.1859	68.9298	69.7174	70.5307	71.3758	72.24	73.1324	74.0452	74.9781	75.9273	76.8984	77.8505	78.737	79.5477
642	Romania	71.5934	74.3469	75.2982	76.2708	77.2657	78.2639	79.2351	80.1332	80.9429	81.7051	82.4194	83.0907	83.7323	84.3697	85.0117	85.6262
643	Russian Federation	66.7011	70.2761	71.2332	72.192	73.1617	74.1608	75.1651	76.1824	77.1775	78.1027	78.9497	79.7244	80.4415	81.1206	81.7659	82.3833
703	Slovakia	73.4117	75.8824	76.8859	77.8845	78.8902	79.8435	80.7137	81.488	82.201	82.8685	83.4989	84.1118	84.7106	85.3009	85.881	86.4628
804	Ukraine	66.8279	70.8093	71.8214	72.8422	73.8863	74.9259	75.9726	76.9934	77.938	78.7829	79.5445	80.2598	80.9384	81.5934	82.2187	82.8123
924	Northern Europe	79.6055	81.0533	81.9132	82.707	83.4409	84.1273	84.7856	85.412	86.0253	86.6424	87.2393	87.8243	88.3991	88.9656	89.5397	90.1099
208	Denmark	79.938	80.8773	81.7327	82.5255	83.2578	83.9167	84.5434	85.1523	85.7448	86.3411	86.9403	87.5114	88.0799	88.6514	89.2065	89.7714
233	Estonia	74.4635	76.095	77.1808	78.2225	79.1435	79.9465	80.676	81.3662	82.027	82.6465	83.2631	83.8723	84.4642	85.068	85.654	86.2281
234	Faroe Islands	77.6286	78.2355	79.1213	80.0019	80.8984	81.8555	82.7083	83.5294	84.2535	84.9326	85.5826	86.2257	86.8402	87.4561	88.0818	88.6612
246	Finland	79.7297	80.8159	81.6189	82.3281	82.9879	83.6428	84.262	84.8775	85.4948	86.0949	86.6821	87.2537	87.8307	88.4152	88.999	89.5657
831	Guernsey	80.9619	82.0181	82.7937	83.4861	84.1555	84.8398	85.3955	85.9057	86.4595	87.0798	87.691	88.1963	88.7289	89.255	89.842	90.3931
352	Iceland	81.4441	82.2714	83.0569	83.7551	84.4208	85.0229	85.6413	86.2173	86.7915	87.3724	87.9199	88.4713	89.0286	89.5844	90.1683	90.7324
372	Ireland	81.0045	82.0084	82.8468	83.5765	84.2432	84.8902	85.5058	86.0938	86.6659	87.2479	87.8172	88.3986	88.9804	89.559	90.1158	90.6774
833	Isle of Man	79.0726	80.2331	81.0609	81.9341	82.7392	83.4334	84.0793	84.7427	85.3575	85.89	86.4874	87.092	87.6991	88.2328	88.778	89.3563
832	Jersey	78.8202	80.0483	81.0064	81.8875	82.6924	83.3533	84.0214	84.7428	85.3748	85.9704	86.5777	87.2077	87.8006	88.3768	88.9909	89.6645
428	Latvia	70.9777	72.3332	73.216	74.1162	75.0403	75.9817	76.9185	77.8351	78.7231	79.5281	80.2888	80.9736	81.6204	82.2634	82.8542	83.4457
440	Lithuania	70.5225	73.1438	74.1564	75.1893	76.2381	77.265	78.2317	79.1113	79.904	80.6314	81.3062	81.9564	82.5698	83.1941	83.7992	84.3898
578	Norway	81.817	82.6487	83.371	84.0316	84.6544	85.2522	85.8523	86.429	87.0002	87.598	88.1756	88.7392	89.3045	89.8746	90.4314	90.9884
752	Sweden	81.6368	82.8159	83.5331	84.1746	84.8107	85.4218	86.0205	86.6118	87.2032	87.7862	88.3655	88.9353	89.4946	90.0608	90.6254	91.181
826	United Kingdom	79.8199	81.3423	82.1927	82.98	83.6912	84.3454	84.9738	85.5711	86.156	86.7496	87.32	87.8864	88.4514	89.0076	89.5804	90.1446
925	Southern Europe	79.624	81.2826	82.0517	82.7783	83.4776	84.1568	84.8028	85.4127	86.0147	86.6157	87.2212	87.8377	88.4534	89.0519	89.6426	90.2188
8	Albania	75.4004	78.8896	79.9491	80.9928	81.9648	82.8276	83.5946	84.3048	84.9698	85.631	86.2417	86.8399	87.417	87.9993	88.5837	89.1715
20	Andorra	79.4185	82.2712	83.0103	83.6783	84.291	84.8884	85.4672	86.088	86.656	87.1927	87.747	88.3512	88.9305	89.4831	90.0402	90.5971
70	Bosnia and Herzegovina	74.008	76.5416	77.3817	78.2334	79.1101	79.9988	80.8957	81.7751	82.5901	83.3419	84.0285	84.668	85.2796	85.8835	86.4703	87.0367
191	Croatia	75.781	77.4061	78.3963	79.376	80.3261	81.2211	82.0153	82.7327	83.4174	84.0697	84.6862	85.2888	85.8791	86.4713	87.0507	87.6275
292	Gibraltar	79.9559	82.0201	82.8651	83.5518	84.2806	84.9344	85.6136	86.3297	86.9123	87.5386	88.1081	88.7267	89.3267	90.0548	90.5966	91.1425
300	Greece	78.636	80.453	81.4189	82.2418	82.9785	83.6588	84.3073	84.93	85.5402	86.1343	86.7299	87.3298	87.9263	88.512	89.0779	89.6432
380	Italy	81.4096	82.7875	83.4819	84.1505	84.7957	85.4321	86.0456	86.6385	87.2333	87.8335	88.4318	89.0231	89.6174	90.1976	90.7792	91.3615
412	Kosovo (under UNSC res. 1244)	75.9868	78.1614	79.0582	79.9744	80.8965	81.7824	82.5707	83.2982	83.9681	84.5924	85.2052	85.8112	86.3991	86.9666	87.5442	88.1222
470	Malta	81.5279	82.4625	83.1476	83.823	84.4442	85.0607	85.6801	86.2893	86.8925	87.4644	88.0325	88.5934	89.1569	89.7337	90.3245	90.9199
499	Montenegro	73.7633	75.3877	76.3326	77.3094	78.2872	79.2535	80.1833	81.0486	81.8088	82.5141	83.1771	83.808	84.4158	85.0013	85.5754	86.1508
807	North Macedonia	72.9749	76.5033	77.3535	78.2029	79.0905	79.997	80.9031	81.7856	82.5877	83.3329	84.0214	84.6542	85.2556	85.8397	86.4185	86.9895
620	Portugal	78.8843	80.3845	81.2386	81.9767	82.6745	83.3294	83.9699	84.5898	85.2085	85.8183	86.4305	87.0405	87.6542	88.2426	88.828	89.4054
674	San Marino	80.1632	82.9264	83.6107	84.3585	84.9561	85.5795	86.1505	86.7289	87.2696	87.8133	88.3964	88.9464	89.5344	90.0592	90.5775	91.0957
688	Serbia	72.1897	75.026	75.9372	76.8683	77.8248	78.8047	79.777	80.697	81.5497	82.307	83.0184	83.696	84.3588	85.012	85.6399	86.2531
705	Slovenia	78.9557	80.7677	81.676	82.4349	83.1367	83.8141	84.4631	85.1122	85.7386	86.3459	86.9471	87.5405	88.1357	88.7437	89.3306	89.9021
724	Spain	80.7885	81.9502	82.6205	83.2666	83.8926	84.5159	85.1242	85.7077	86.2993	86.884	87.4614	88.0634	88.6639	89.248	89.8394	90.4043
926	Western Europe	79.7151	81.0894	81.8903	82.6097	83.2748	83.9072	84.5121	85.1169	85.7177	86.3176	86.91	87.4876	88.0567	88.6328	89.2109	89.7938
40	Austria	79.8751	81.1987	82.0696	82.829	83.5309	84.1799	84.8081	85.4137	86.0315	86.6386	87.2481	87.8224	88.3944	88.9686	89.5658	90.163
56	Belgium	79.8236	81.1492	82.0184	82.7701	83.4479	84.0944	84.7147	85.3094	85.9052	86.5025	87.0795	87.6619	88.232	88.814	89.3917	89.9627
250	France	80.0483	81.1315	81.8139	82.4488	83.0635	83.666	84.264	84.8704	85.4609	86.0542	86.6405	87.2284	87.8063	88.3889	88.972	89.5521
276	Germany	79.0544	80.6785	81.5551	82.3327	83.0226	83.6685	84.2645	84.8626	85.4701	86.078	86.6734	87.2396	87.8031	88.375	88.9458	89.5353
438	Liechtenstein	82.3154	83.7339	84.3901	85.112	85.6651	86.2411	86.8584	87.4707	88.0256	88.7088	89.3076	89.9363	90.4774	91.0234	91.7075	92.3416
442	Luxembourg	80.339	81.3788	82.172	82.8607	83.5141	84.1365	84.7312	85.3199	85.9061	86.4932	87.0764	87.6636	88.2293	88.8078	89.4038	89.9757
492	Monaco	84.9135	85.5841	86.0982	86.7324	87.2962	87.8298	88.3962	88.9535	89.5464	90.1075	90.6848	91.309	91.9062	92.4447	92.9861	93.5084
528	Netherlands	80.691	81.8079	82.6031	83.3302	84.0159	84.6358	85.2205	85.7957	86.3781	86.9474	87.5234	88.0793	88.6219	89.1588	89.7084	90.2594
756	Switzerland	82.229	83.2728	83.9239	84.5641	85.1807	85.7901	86.3752	86.9569	87.5488	88.1421	88.7245	89.3005	89.876	90.4631	91.0437	91.6174
904	Latin America and the Caribbean	70.9247	73.5906	74.5921	75.5888	76.5756	77.5467	78.5047	79.4199	80.2829	81.0812	81.8265	82.5321	83.2003	83.8412	84.462	85.0701
915	Caribbean	69.415	71.0719	71.9464	72.7491	73.5033	74.2135	74.8889	75.5331	76.1823	76.8464	77.4978	78.1286	78.7364	79.3495	79.9614	80.5751
660	Anguilla	73.976	75.1763	76.2362	77.2161	78.3829	79.3027	80.304	81.0081	81.8649	82.4643	83.2341	83.8008	84.4965	85.0752	85.5935	86.1278
28	Antigua and Barbuda	76.4603	77.549	78.568	79.573	80.5848	81.5062	82.2957	83.0479	83.7248	84.3942	85.0427	85.6457	86.2224	86.7985	87.4243	87.9952
533	Aruba	72.9409	74.6311	75.5134	76.4012	77.2679	78.2141	79.1484	80.0721	80.9038	81.6702	82.4697	83.1307	83.7762	84.3776	84.9824	85.5401
44	Bahamas	69.9961	71.5036	72.2262	72.9693	73.7479	74.556	75.3802	76.238	77.1517	78.065	78.9332	79.7806	80.5699	81.295	81.9794	82.6271
52	Barbados	75.6736	76.4123	77.2065	78.0314	78.9053	79.7881	80.6668	81.5242	82.3258	83.0959	83.7934	84.457	85.0598	85.6432	86.2425	86.7989
535	Bonaire, Sint Eustatius and Saba	73.9654	75.4977	76.323	77.1671	77.9974	78.8904	79.7284	80.6036	81.4484	82.1705	82.969	83.5644	84.1863	84.7439	85.333	85.9394
92	British Virgin Islands	73.3219	74.558	75.4464	76.3183	77.2384	78.1355	79.0923	80.0276	80.884	81.7439	82.5043	83.1824	83.8671	84.5106	85.1028	85.7442
136	Cayman Islands	73.2257	74.1019	74.9117	75.7749	76.6171	77.4874	78.3721	79.2706	80.146	81.0418	81.8445	82.6049	83.3668	84.0195	84.6468	85.2627
192	Cuba	74.6902	76.7554	77.688	78.6411	79.6013	80.548	81.4446	82.2549	83.0027	83.7026	84.3489	84.9758	85.5856	86.1695	86.7469	87.3234
531	Curaçao	72.4473	73.66	74.5795	75.541	76.5246	77.5141	78.4897	79.4472	80.2952	81.0941	81.7993	82.4494	83.0682	83.6652	84.2554	84.8533
212	Dominica	70.3885	71.5539	72.3631	73.2532	74.1167	75.0294	75.9518	76.8924	77.8688	78.804	79.7629	80.6292	81.4968	82.1956	82.8706	83.5402
214	Dominican Republic	70.5245	72.0695	73.0334	73.9959	74.9756	75.9731	76.9856	77.9943	78.9991	79.9694	80.871	81.6918	82.4391	83.1361	83.794	84.4206
308	Grenada	72.4865	73.3399	74.1588	74.9323	75.7927	76.6747	77.601	78.5914	79.5282	80.4269	81.2497	82.0092	82.706	83.3936	84.0286	84.6666
312	Guadeloupe	78.3974	80.274	80.9345	81.5699	82.181	82.7822	83.3635	83.934	84.5396	85.1211	85.7149	86.2968	86.8576	87.3918	87.9303	88.4835
332	Haiti	61.3561	62.9946	63.8844	64.6978	65.4617	66.1779	66.8653	67.5273	68.1832	68.867	69.5637	70.2774	71.0135	71.8034	72.6131	73.442
388	Jamaica	69.4608	70.6454	71.2498	71.8701	72.5118	73.192	73.9068	74.6365	75.4082	76.2079	77.0232	77.8702	78.7075	79.5545	80.397	81.2078
474	Martinique	79.7604	81.0359	81.7102	82.3798	82.9796	83.553	84.1269	84.6723	85.2731	85.8778	86.5304	87.1002	87.6657	88.2078	88.7553	89.2811
500	Montserrat	74.4042	75.145	75.7501	76.4555	77.2542	77.8696	78.6795	79.4252	80.2834	81.195	82.0882	82.7286	83.5821	84.1489	84.8116	85.5222
630	Puerto Rico	75.4068	76.8235	77.9723	78.9311	79.754	80.4979	81.1836	81.8395	82.4664	83.0886	83.7006	84.3006	84.8859	85.4512	86.0061	86.5649
652	Saint Barthélemy	77.74	78.9206	79.9754	80.8479	81.7593	82.5385	83.2115	83.7969	84.3689	85.0454	85.6848	86.122	86.8311	87.4045	87.9079	88.6657
659	Saint Kitts and Nevis	68.5102	69.2829	70.1255	70.8646	71.6294	72.4119	73.251	74.0988	75.0156	75.8912	76.7703	77.7667	78.6858	79.5436	80.4408	81.1967
662	Saint Lucia	69.4088	71.4443	72.2593	73.0948	74.0017	74.8871	75.791	76.7478	77.7502	78.6831	79.6295	80.4981	81.2823	82.011	82.7122	83.3717
663	Saint Martin (French part)	77.505	78.6601	79.6977	80.5236	81.3058	82.0769	82.6934	83.2863	83.9223	84.6092	85.1847	85.7679	86.35	86.9366	87.5507	88.1148
670	Saint Vincent and the Grenadines	68.2649	71.6793	72.506	73.3677	74.1995	75.1692	76.0186	76.8975	77.803	78.7406	79.6304	80.4906	81.3317	82.1294	82.7976	83.4372
534	Sint Maarten (Dutch part)	72.4445	73.8049	74.4272	75.2176	76.0254	76.8219	77.6012	78.5282	79.3576	80.3193	81.2169	81.9971	82.6441	83.2095	83.7133	84.334
780	Trinidad and Tobago	71.0541	72.1894	73.0253	73.8891	74.7916	75.706	76.6485	77.5991	78.5429	79.4681	80.3194	81.1146	81.8638	82.5582	83.2081	83.8324
796	Turks and Caicos Islands	72.6332	74.0771	74.9764	75.9448	76.8577	77.7647	78.7806	79.7094	80.634	81.5211	82.2916	83.0004	83.6713	84.3392	84.9398	85.5285
850	United States Virgin Islands	70.0468	71.657	72.8476	74.0134	75.2587	76.3472	77.3001	78.1905	78.9913	79.6887	80.4368	81.0686	81.7025	82.3358	82.9216	83.5594
916	Central America	69.5518	72.6962	73.6805	74.6675	75.6479	76.6196	77.59	78.5491	79.4939	80.3933	81.2286	81.9983	82.7201	83.4051	84.0497	84.6676
84	Belize	69.5908	72.4288	73.2882	74.1588	75.0589	75.97	76.914	77.8756	78.8549	79.7876	80.6868	81.5198	82.2942	83.0012	83.6702	84.3205
188	Costa Rica	76.3873	78.9109	80.0322	81.1088	82.0628	82.8991	83.6432	84.3432	85.0105	85.6542	86.275	86.8737	87.4702	88.0664	88.6565	89.2305
222	El Salvador	67.3904	69.7779	70.8202	71.8744	72.914	73.9635	75.01	76.0586	77.1037	78.1187	79.0746	79.9481	80.7287	81.4452	82.1117	82.7341
320	Guatemala	67.5928	71.8203	72.6472	73.4854	74.3237	75.1865	76.0622	76.9503	77.8465	78.7563	79.6514	80.5315	81.3649	82.1423	82.8525	83.5218
340	Honduras	69.5573	71.6255	72.2986	72.9888	73.7066	74.4562	75.243	76.0514	76.8765	77.7308	78.6163	79.4987	80.3709	81.2153	82.012	82.7417
484	Mexico	69.3598	72.6324	73.654	74.6834	75.7127	76.7378	77.7711	78.7903	79.7892	80.7218	81.5652	82.324	83.0275	83.6934	84.322	84.9314
558	Nicaragua	71.0181	72.6071	73.5298	74.4438	75.3718	76.3018	77.2397	78.1854	79.1313	80.0602	80.9497	81.7518	82.4785	83.1604	83.7962	84.4159
591	Panama	74.4007	76.5311	77.5876	78.6346	79.666	80.6365	81.4987	82.2776	82.9919	83.6613	84.3119	84.9402	85.5562	86.1472	86.7356	87.3071
931	South America	71.5881	74.2119	75.2397	76.2667	77.2843	78.2812	79.2582	80.1797	81.0318	81.8057	82.5239	83.2076	83.8565	84.4783	85.0867	85.6869
32	Argentina	73.4019	75.4437	76.4271	77.4235	78.4375	79.4169	80.3213	81.1494	81.8948	82.5902	83.2457	83.8785	84.4796	85.0807	85.669	86.248
68	Bolivia (Plurinational State of)	63.2825	67.0206	67.8831	68.6903	69.4559	70.2109	70.9689	71.7332	72.5264	73.3294	74.148	74.9755	75.8382	76.7283	77.6247	78.5321
76	Brazil	71.4046	73.9853	75.0567	76.1257	77.1983	78.2663	79.3393	80.3487	81.2741	82.0907	82.8312	83.5339	84.2011	84.8384	85.4623	86.0669
152	Chile	77.6992	79.8503	80.9878	81.9995	82.8594	83.625	84.333	85.0167	85.6725	86.3059	86.9314	87.5314	88.1286	88.7292	89.3126	89.9052
170	Colombia	72.1138	75.4903	76.5067	77.5215	78.547	79.569	80.549	81.4555	82.2628	83.0025	83.688	84.3322	84.9547	85.5657	86.1711	86.767
218	Ecuador	72.9241	76.3961	77.396	78.3942	79.3932	80.3692	81.2993	82.1351	82.8917	83.5862	84.2321	84.8427	85.4258	85.9966	86.5518	87.098
238	Falkland Islands (Malvinas)	76.6606	78.272	79.2832	80.5767	81.3051	82.3972	83.0973	83.7255	84.5763	85.0189	85.7464	86.0063	86.9416	87.2567	87.83	88.5656
254	French Guiana	74.3025	75.8067	76.7549	77.7164	78.6884	79.6694	80.6317	81.5111	82.3273	83.0655	83.7537	84.4046	85.0286	85.6227	86.2111	86.7895
328	Guyana	64.5462	66.934	67.581	68.2325	68.9102	69.6067	70.3402	71.1077	71.8924	72.7167	73.5609	74.4242	75.3148	76.2264	77.1439	78.071
600	Paraguay	69.5647	71.8785	72.4749	73.1124	73.7754	74.4771	75.2274	75.9952	76.8016	77.6381	78.4791	79.3388	80.1818	80.9831	81.7284	82.4279
604	Peru	72.3342	75.5166	76.473	77.4182	78.3604	79.317	80.2556	81.1728	82.0368	82.8103	83.5217	84.1773	84.7902	85.3864	85.9503	86.4913
740	Suriname	68.499	69.9836	70.6448	71.336	72.0783	72.8391	73.6433	74.469	75.3235	76.2044	77.0701	77.9735	78.8929	79.7541	80.5761	81.3566
858	Uruguay	73.8435	75.1389	76.1271	77.1277	78.1175	79.0617	79.9226	80.7024	81.4108	82.0892	82.7206	83.3343	83.9359	84.5309	85.1059	85.6882
862	Venezuela (Bolivarian Republic of)	67.578	69.5494	70.4821	71.4299	72.3986	73.3695	74.3648	75.3695	76.375	77.3918	78.3856	79.3225	80.1822	80.9492	81.6548	82.3165
905	Northern America	76.338	78.4061	79.2805	80.1566	81.0175	81.8257	82.5717	83.2618	83.9144	84.5422	85.1552	85.7483	86.3353	86.9109	87.4769	88.0559
60	Bermuda	77.8262	79.5569	80.4176	81.2105	81.9302	82.5921	83.2053	83.8107	84.4154	84.9941	85.6105	86.2037	86.8661	87.4409	88.0335	88.5977
124	Canada	80.8265	81.8912	82.6982	83.4015	84.0703	84.7064	85.3275	85.9337	86.5455	87.1481	87.7387	88.3186	88.8959	89.4643	90.0233	90.6038
304	Greenland	70.0399	70.6365	71.259	71.9127	72.6918	73.3837	74.1274	74.929	75.778	76.5845	77.4029	78.3176	79.1868	80.0481	80.924	81.7091
666	Saint Pierre and Miquelon	73.8478	74.962	75.8698	76.9966	77.8276	78.8412	79.6223	80.3465	81.1711	81.7259	82.2999	83.1663	83.6962	84.2681	84.7073	85.3591
840	United States of America	75.8445	78.0114	78.8902	79.7818	80.6598	81.4836	82.2401	82.9365	83.5912	84.2191	84.8309	85.4221	86.0084	86.5824	87.1445	87.7182
909	Oceania	77.1967	77.5646	78.1185	78.6147	79.0987	79.5871	80.0652	80.5448	81.0216	81.4882	81.9561	82.4487	82.9698	83.5263	84.1143	84.728
927	Australia/New Zealand	82.1967	82.5103	83.2154	83.8577	84.4704	85.0852	85.6827	86.2744	86.8652	87.4507	88.0266	88.6026	89.177	89.7584	90.3411	90.9135
36	Australia	82.3982	82.5783	83.2696	83.9026	84.5104	85.1219	85.7177	86.3067	86.8955	87.48	88.0596	88.6396	89.2101	89.7907	90.3705	90.9403
554	New Zealand	81.2211	82.1871	82.9521	83.6395	84.2727	84.8914	85.4785	86.0598	86.6461	87.242	87.816	88.3816	88.9555	89.52	90.1007	90.6742
928	Melanesia	64.4143	65.0961	65.713	66.2928	66.849	67.3939	67.9378	68.4866	69.0456	69.6213	70.233	70.8863	71.5787	72.3004	73.0524	73.8369
242	Fiji	66.3037	67.055	67.5711	68.055	68.5114	68.9852	69.4549	69.9394	70.455	70.9939	71.5713	72.1767	72.8143	73.5008	74.2126	74.9518
540	New Caledonia	77.2139	78.7102	79.6521	80.472	81.1768	81.8502	82.4735	83.1128	83.713	84.289	84.8635	85.4469	86.0178	86.6077	87.1574	87.7201
598	Papua New Guinea	63.4318	64.0899	64.7091	65.298	65.8681	66.4264	66.9845	67.5437	68.1067	68.6805	69.2857	69.9276	70.6061	71.3115	72.0502	72.8241
90	Solomon Islands	69.2348	69.7843	70.2046	70.6035	71.0234	71.4734	71.952	72.4698	73.0326	73.627	74.2442	74.9075	75.6037	76.3261	77.081	77.8566
548	Vanuatu	68.519	69.1533	69.8978	70.6325	71.3875	72.1394	72.9078	73.677	74.4803	75.3246	76.182	77.0547	77.959	78.8722	79.7679	80.6346
954	Micronesia	69.6012	70.8149	71.5672	72.2562	72.8896	73.4892	74.0962	74.7035	75.3455	76.0228	76.7044	77.3853	78.0211	78.6633	79.3165	80.0006
316	Guam	74.0429	75.9872	77.1293	78.2406	79.3063	80.2357	81.0415	81.7786	82.4782	83.1572	83.8096	84.4739	85.0891	85.6794	86.2794	86.8645
296	Kiribati	65.7817	66.5279	67.1721	67.7723	68.37	68.9252	69.5104	70.0924	70.6961	71.3169	71.973	72.6631	73.352	74.1004	74.8743	75.7266
584	Marshall Islands	63.5862	64.0606	64.5393	64.9917	65.4048	65.8589	66.2988	66.724	67.1396	67.6567	68.1087	68.6842	69.1649	69.6996	70.2905	70.8716
583	Micronesia (Fed. States of)	67.573	68.7778	69.5335	70.3227	71.1294	71.9828	72.88	73.7337	74.6512	75.5747	76.4907	77.4306	78.4238	79.3245	80.1989	80.9957
520	Nauru	60.4244	61.2169	61.9368	62.5946	63.4324	64.0211	64.6128	65.2767	65.8477	66.5563	67.1375	67.841	68.5446	69.255	69.9313	70.8392
580	Northern Mariana Islands	75.9082	76.6262	77.2983	78.0611	78.8012	79.5985	80.4066	81.2467	82.0507	82.8603	83.5825	84.2326	84.8268	85.4345	85.9844	86.5997
585	Palau	62.2592	62.9753	63.7469	64.4336	65.1465	65.8305	66.4628	67.1695	67.836	68.6523	69.3205	70.0694	70.8175	71.7699	72.6317	73.5123
957	Polynesia	74.4068	75.745	76.5333	77.275	77.9646	78.6469	79.2995	79.9587	80.5886	81.1984	81.7778	82.3609	82.9416	83.5453	84.1144	84.674
16	American Samoa	69.7224	70.609	71.1739	71.7378	72.3539	73.1014	73.7913	74.5829	75.3636	76.1442	77.0181	77.8291	78.7442	79.6299	80.3985	81.0601
184	Cook Islands	71.4081	72.3665	73.261	74.3351	75.3459	76.3626	77.2919	78.3716	79.3469	80.3032	81.1335	81.8371	82.6448	83.2515	83.8405	84.5376
258	French Polynesia	80.1866	82.1789	82.8385	83.4836	84.0827	84.668	85.2391	85.8106	86.3786	86.9659	87.5225	88.0844	88.6382	89.1982	89.7493	90.3216
570	Niue	69.3542	69.7947	70.4507	70.9482	71.4535	72.007	72.5898	73.0244	73.8373	74.5233	75.2364	75.9958	76.8301	77.7459	78.3502	78.9076
882	Samoa	70.3637	70.8982	71.5902	72.3072	73.032	73.8006	74.584	75.429	76.2667	77.1266	78.0193	78.9309	79.8303	80.7222	81.5258	82.2851
772	Tokelau	74.3487	74.7342	75.1721	75.6505	76.1746	76.8359	77.3575	77.9977	78.6919	79.4135	80.1524	80.6545	81.4644	82.565	83.3744	83.6257
776	Tonga	68.552	69.1014	69.6474	70.2699	70.8726	71.5282	72.1872	72.8769	73.582	74.3415	75.1167	75.9287	76.7554	77.6041	78.4718	79.3767
798	Tuvalu	61.0218	61.9614	62.7873	63.6014	64.2765	65.0055	65.7009	66.3773	67.057	67.745	68.435	69.1724	70.0814	70.8626	71.6493	72.478
876	Wallis and Futuna Islands	78.3202	79.7071	80.5047	81.3898	82.0274	82.7046	83.5592	84.1043	84.9683	85.3672	86.1722	86.6785	87.1802	87.6489	88.2629	88.6754
