country_code	name	2020-2025	2025-2030	2030-2035	2035-2040	2040-2045	2045-2050	2050-2055	2055-2060	2060-2065	2065-2070	2070-2075	2075-2080	2080-2085	2085-2090	2090-2095	2095-2100
900	World	70.1878	72.4379	73.4659	74.4291	75.3421	76.0962	76.824	77.4985	78.1092	78.7116	79.2978	79.8277	80.3626	80.8179	81.3928	81.9414
1834	Sub-Saharan Africa	59.3524	61.8342	63.0866	64.252	65.2853	66.244	67.2285	68.1223	69.0354	69.9289	70.7294	71.3863	72.2031	72.9592	73.655	74.5028
1833	Northern Africa and Western Asia	71.1433	73.4995	74.6608	75.7545	76.7967	77.7791	78.7004	79.5336	80.2568	81.036	81.7288	82.4725	83.179	83.8732	84.6322	85.2724
1831	Central and Southern Asia	69.1414	72.9773	74.5921	76.0369	77.3171	78.5633	79.8057	80.9644	81.8416	82.7653	83.6538	84.3391	85.1526	85.9053	86.7908	87.5272
1832	Eastern and South-Eastern Asia	75.1181	77.3616	78.6977	79.9309	80.9501	81.9332	82.8	83.7349	84.5396	85.2777	86.0363	86.6872	87.4542	88.167	88.985	89.8192
1830	Latin America and the Caribbean	71.491	74.8144	76.171	77.4373	78.5966	79.7269	80.7584	81.7144	82.6148	83.4143	84.2172	84.9989	85.7236	86.35	87.084	87.8311
1835	Oceania (excluding Australia and New Zealand)	66.3801	68.8086	70.3173	71.4594	72.567	73.5998	74.6574	75.7808	76.69	77.7848	78.6996	79.7451	80.6339	81.6462	82.4888	83.2092
1836	Australia/New Zealand	82.929	84.3269	85.62	86.7948	87.7278	88.7714	89.8038	90.7382	91.6164	92.5686	93.5533	94.3559	95.1086	95.8097	96.6432	97.4035
1829	Europe and Northern America	75.7513	78.6567	79.8631	80.9798	82.0084	82.9365	83.7899	84.6006	85.4328	86.281	87.1183	87.9095	88.6653	89.4274	90.1694	90.8822
901	More developed regions	76.4908	79.1594	80.2896	81.3386	82.2968	83.2205	84.0717	84.7951	85.6221	86.4459	87.2648	88.0432	88.776	89.5331	90.226	90.9526
902	Less developed regions	69.0135	71.3303	72.4619	73.501	74.4585	75.2372	75.9994	76.7236	77.3372	77.9675	78.5227	79.0482	79.6043	80.0636	80.6184	81.1338
941	Least developed countries	63.1586	65.2989	66.4368	67.3838	68.4164	69.3004	70.1523	71.0426	71.7703	72.4331	73.1387	73.8505	74.5251	75.1145	75.7895	76.5418
934	Less developed regions, excluding least developed countries	70.355	72.8781	74.1555	75.2843	76.3007	77.2248	78.0557	78.9386	79.6868	80.3714	81.0633	81.7301	82.4047	82.9259	83.5016	84.0925
948	Less developed regions, excluding China	67.1065	69.6851	70.7625	71.7814	72.7429	73.6233	74.4496	75.2411	76.0156	76.734	77.377	77.9482	78.494	79.0456	79.6191	80.1771
1636	Land-locked Developing Countries (LLDC)	62.6472	65.1828	66.3625	67.4307	68.3932	69.2941	70.2073	71.1098	72.0165	72.886	73.6208	74.3834	75.1827	75.9405	76.8294	77.6435
1637	Small Island Developing States (SIDS)	70.1474	72.4108	73.5904	74.5644	75.4806	76.305	77.1354	77.7962	78.5051	79.2495	79.9638	80.6251	81.3499	82.1075	82.7465	83.4646
1503	High-income countries	78.7275	80.7936	81.8304	82.7579	83.6392	84.4262	85.1929	85.8874	86.6165	87.3643	88.1523	88.8694	89.5824	90.3373	91.055	91.7025
1517	Middle-income countries	69.6161	72.1727	73.4438	74.5808	75.6664	76.6046	77.442	78.3114	79.0198	79.7127	80.4266	81.0982	81.6931	82.3121	82.9799	83.5566
1502	Upper-middle-income countries	73.9943	76.8143	78.293	79.6406	80.7876	81.822	82.7074	83.6493	84.5108	85.3235	86.0783	86.8149	87.4639	88.0543	88.6726	89.408
1501	Lower-middle-income countries	66.9577	69.8987	71.1415	72.2903	73.4063	74.5138	75.4689	76.5145	77.3534	78.2117	79.0573	79.7595	80.4035	80.939	81.6117	82.2695
1500	Low-income countries	61.4637	63.8399	65.0249	66.0703	67.0166	67.8568	68.6683	69.4837	70.3288	71.0005	71.7315	72.4469	73.266	74.0654	74.8489	75.6637
1518	No income group available	68.932	72.7039	74.4932	75.8579	77.4049	78.959	80.2878	81.4149	82.5838	83.4845	84.3866	85.4015	86.5288	87.3149	88.0645	88.721
903	Africa	61.1704	63.4584	64.642	65.7391	66.7128	67.6389	68.5263	69.3301	70.1887	70.9897	71.7045	72.3947	73.1777	73.9066	74.5875	75.3793
910	Eastern Africa	62.2531	65.0901	66.4383	67.6224	68.7699	69.8235	70.7495	71.7771	72.6381	73.4832	74.4242	75.3555	76.1427	76.966	77.8366	78.6245
108	Burundi	61.9502	65.6912	67.5594	69.155	70.5656	71.8327	73.0493	74.2223	75.3177	76.4516	77.5261	78.6167	79.7282	80.849	81.908	82.9142
174	Comoros	63.8404	67.6044	69.5342	71.1412	72.6055	73.9769	75.3042	76.6214	77.8931	79.1823	80.4068	81.6313	82.7722	83.7917	84.7068	85.5957
262	Djibouti	62.3618	66.5032	68.6013	70.3781	71.9731	73.4445	74.8907	76.2245	77.5782	78.8672	80.1702	81.3989	82.5303	83.5846	84.5068	85.383
232	Eritrea	66.7742	71.1897	73.3837	75.2387	76.9632	78.5548	80.0657	81.4771	82.7975	83.9559	85.014	85.9964	86.9048	87.7966	88.6722	89.4919
231	Ethiopia	64.8644	69.5456	71.9853	74.0261	75.816	77.4578	79.0004	80.447	81.7544	82.8997	83.9313	84.8529	85.7558	86.6111	87.4553	88.278
404	Kenya	62.0422	66.353	68.3653	70.0396	71.5012	72.8856	74.2189	75.5351	76.8387	78.0939	79.3637	80.5721	81.7794	82.8695	83.8702	84.7769
450	Madagascar	65.0963	69.3015	71.2713	72.9573	74.4931	75.9051	77.2555	78.5641	79.8571	81.0975	82.2383	83.3445	84.3008	85.2034	86.0245	86.8463
454	Malawi	61.9311	66.2863	68.4026	70.2548	71.9127	73.4496	74.9424	76.3685	77.756	79.0925	80.3452	81.4769	82.4973	83.4524	84.371	85.216
480	Mauritius	72.9154	76.4851	78.1799	79.7469	81.2045	82.531	83.6783	84.7254	85.7221	86.6598	87.6181	88.539	89.4102	90.2823	91.1041	91.9332
175	Mayotte	74.1753	78.4515	80.3387	81.8957	83.199	84.391	85.5023	86.5671	87.5623	88.5341	89.4999	90.4401	91.3266	92.1899	93.0959	93.9449
508	Mozambique	59.9427	65.0813	67.7452	69.9384	71.8755	73.544	75.1014	76.5997	78.0567	79.412	80.671	81.83	82.8858	83.8639	84.7505	85.5957
638	Réunion	80.3341	82.8132	84.1952	85.4122	86.524	87.5642	88.5716	89.5341	90.4875	91.4109	92.2832	93.199	94.0363	94.8637	95.6973	96.519
646	Rwanda	66.3762	69.8799	71.937	73.6775	75.2195	76.696	78.0841	79.4179	80.7285	81.9515	83.0644	84.0831	85.0158	85.8806	86.7323	87.5439
690	Seychelles	70.967	75.2188	77.1658	78.9249	80.4763	81.8081	82.9788	84.0838	85.153	86.1486	87.0889	88.0333	88.9631	89.8616	90.7473	91.5879
706	Somalia	56.4436	60.9805	63.1005	64.9525	66.569	68.0322	69.3752	70.6276	71.8482	72.9937	74.1559	75.2794	76.4652	77.6109	78.7432	79.8907
728	South Sudan	56.3733	60.944	63.4952	65.7572	67.7503	69.4895	71.0656	72.5305	73.9331	75.2572	76.5392	77.8063	79.0175	80.2401	81.4315	82.5425
800	Uganda	63.0486	66.6854	68.7941	70.5864	72.1237	73.5687	74.9037	76.2166	77.4563	78.7124	79.9356	81.1352	82.2326	83.2406	84.1716	85.0396
834	United Republic of Tanzania	66.6473	70.4279	72.4053	74.1248	75.7299	77.2548	78.6676	80.0617	81.372	82.6071	83.7338	84.734	85.6601	86.5508	87.3951	88.2249
894	Zambia	61.4424	65.511	67.431	69.07	70.5338	71.8966	73.2078	74.4808	75.704	76.8923	78.0936	79.3	80.4699	81.5549	82.5753	83.4863
716	Zimbabwe	59.6855	63.9267	65.8293	67.4465	68.9	70.173	71.3982	72.6068	73.7942	74.9319	76.094	77.2532	78.3875	79.5205	80.6235	81.6872
911	Middle Africa	59.0543	62.0392	63.4678	64.7803	65.7489	66.6878	67.6543	68.5785	69.4904	70.4337	71.1841	72.2009	73.2157	74.1378	74.9596	75.9159
24	Angola	61.6986	65.472	67.3863	68.9988	70.4382	71.749	72.9927	74.2159	75.3705	76.5509	77.7409	78.8734	80.018	81.12	82.1718	83.1495
120	Cameroon	61.5492	65.7109	67.6425	69.2954	70.7117	71.9683	73.1053	74.1888	75.2676	76.3424	77.3688	78.4373	79.5572	80.6156	81.6586	82.6879
140	Central African Republic	54.7194	59.0756	61.1867	62.997	64.5992	66.0904	67.4486	68.6735	69.8063	70.875	71.9119	72.9537	74.0149	75.0881	76.1335	77.1837
148	Chad	53.5735	57.4698	59.4298	61.1322	62.6085	63.9432	65.2067	66.3658	67.4748	68.4649	69.3871	70.3075	71.2026	72.0409	72.9534	73.8721
178	Congo	63.7612	66.5347	68.3052	69.7825	71.0747	72.2307	73.3526	74.4487	75.5027	76.6202	77.6523	78.7519	79.8367	80.9225	81.9485	82.9276
180	Democratic Republic of the Congo	59.8412	63.8185	65.744	67.382	68.8256	70.1027	71.2766	72.4191	73.5201	74.6402	75.7003	76.8263	77.9173	79.0166	80.0847	81.1827
226	Equatorial Guinea	61.3853	65.2622	67.0728	68.6061	69.9601	71.1826	72.3422	73.4249	74.4932	75.5626	76.6569	77.7479	78.8172	79.9291	80.9976	82.0364
266	Gabon	65.719	69.3904	70.9734	72.3282	73.5781	74.7525	75.9003	77.045	78.162	79.2984	80.3832	81.4859	82.5143	83.4647	84.3354	85.1405
678	Sao Tome and Principe	67.2954	70.037	71.4321	72.7181	73.9341	75.1124	76.2904	77.4261	78.6196	79.8155	80.9694	82.0688	83.0524	84.011	84.8808	85.7248
912	Northern Africa	70.2401	72.7473	73.9407	75.0612	76.0937	77.1636	78.3164	79.2545	80.0044	80.9496	81.8164	82.6984	83.5809	84.4683	85.161	85.9477
12	Algeria	76.5483	79.8839	81.6567	83.2539	84.6962	85.8977	86.9971	88.0032	88.9637	89.8878	90.7668	91.6271	92.4834	93.3443	94.1562	94.963
818	Egypt	70.0169	73.6551	75.3423	76.8665	78.2674	79.6207	80.9545	82.2635	83.4402	84.4956	85.4729	86.367	87.2357	88.0804	88.9376	89.7891
434	Libya	71.3525	74.2038	75.9899	77.5979	79.1116	80.5878	81.9336	83.1454	84.2321	85.247	86.2098	87.0862	87.961	88.836	89.6851	90.5239
504	Morocco	73.958	77.1795	79.0988	80.7906	82.3643	83.7845	85.0176	86.109	87.1395	88.1212	89.0521	89.9538	90.869	91.7606	92.6233	93.4785
729	Sudan	64.9215	67.9384	69.3781	70.5829	71.6899	72.7891	73.8588	74.998	76.0973	77.2057	78.3423	79.483	80.6423	81.7272	82.7552	83.6811
788	Tunisia	73.617	77.7218	79.6772	81.4017	82.844	84.0795	85.2367	86.316	87.3378	88.3266	89.2942	90.2235	91.1224	92.0316	92.8882	93.741
732	Western Sahara	70.8435	73.7561	75.5684	77.1324	78.5866	79.9623	81.2608	82.5167	83.6626	84.7145	85.6796	86.5784	87.4048	88.2253	89.0138	89.7788
913	Southern Africa	61.6898	66.6112	68.1822	69.5161	70.4102	71.6027	72.5807	73.6617	74.9273	76.2119	77.2497	78.2211	79.22	80.2859	81.1417	82.281
72	Botswana	64.1113	67.8247	69.4379	70.8259	72.0889	73.3051	74.4722	75.6336	76.7775	77.9166	79.1071	80.216	81.2605	82.3075	83.2526	84.1495
748	Eswatini	56.6955	62.8871	65.1164	67.0169	68.6998	70.2519	71.7285	73.1168	74.456	75.7831	77.1036	78.3918	79.6184	80.7571	81.8153	82.7415
426	Lesotho	53.3781	57.4294	59.681	61.6825	63.4644	65.0824	66.5792	67.9368	69.2068	70.4542	71.6434	72.8066	73.9318	75.0492	76.2157	77.3562
516	Namibia	58.9828	64.9571	66.958	68.6441	70.1901	71.6232	72.9856	74.3019	75.5843	76.8598	78.1765	79.4224	80.6065	81.6791	82.6712	83.5743
710	South Africa	62.426	67.6621	69.2928	70.6995	72.0002	73.2508	74.4944	75.72	76.9526	78.1777	79.391	80.5703	81.6626	82.6705	83.6009	84.4804
914	Western Africa	57.5897	60.6605	62.3651	64.0269	65.3844	66.6583	67.8218	69.1567	70.1255	71.0479	72.087	72.9955	73.8062	74.6993	75.4776	76.2188
204	Benin	60.5819	64.5236	66.399	68.0004	69.3958	70.6343	71.7881	72.8699	73.9363	74.97	76.0162	77.0989	78.1624	79.2149	80.2603	81.3073
854	Burkina Faso	60.0211	63.8602	65.8801	67.5704	69.0284	70.324	71.5326	72.7042	73.8342	74.9395	76.0008	77.1412	78.2342	79.362	80.4676	81.5615
132	Cabo Verde	72.3394	76.4545	78.4717	80.1495	81.5708	82.8327	83.9726	85.0523	86.0937	87.0775	88.0603	89.0094	89.9193	90.8342	91.7127	92.5748
384	Côte d'Ivoire	60.0094	63.7101	65.6094	67.2281	68.6809	69.9304	71.055	72.0969	73.0909	74.1015	75.0952	76.0838	77.0896	78.1201	79.1498	80.2256
270	Gambia	63.6238	68.0551	70.0923	71.7471	73.1947	74.5295	75.8012	76.9978	78.1446	79.3082	80.4663	81.5839	82.6664	83.6806	84.5866	85.4147
288	Ghana	63.9742	67.9901	69.8714	71.453	72.8852	74.2124	75.5277	76.7618	77.9963	79.2131	80.3954	81.5845	82.6471	83.6164	84.5248	85.3896
324	Guinea	60.0216	64.0908	65.9945	67.6068	69.0491	70.2987	71.4434	72.5373	73.5554	74.5663	75.595	76.6251	77.7307	78.7967	79.8152	80.8648
624	Guinea-Bissau	59.9597	64.407	66.4161	68.1097	69.5603	70.8701	72.1091	73.3019	74.4257	75.5823	76.7095	77.8456	78.9896	80.1101	81.1987	82.2339
430	Liberia	61.9463	65.9257	68.2292	70.144	71.8331	73.2936	74.6553	75.9894	77.2185	78.4182	79.6029	80.778	81.9139	82.9603	83.931	84.8097
466	Mali	60.1385	64.418	66.4685	68.1655	69.6586	70.9859	72.1593	73.2722	74.3504	75.3993	76.4169	77.4384	78.5033	79.5338	80.5578	81.5749
478	Mauritania	65.0991	69.2992	71.1794	72.7986	74.2538	75.6367	77.0057	78.2855	79.5487	80.8262	82.0518	83.1504	84.1643	85.1117	86.0036	86.814
562	Niger	63.0716	67.6344	69.6299	71.2719	72.6766	73.9799	75.2106	76.3745	77.51	78.6352	79.7658	80.8862	81.9579	83.0158	84.019	84.9003
566	Nigeria	55.1232	59.1808	61.62	63.7928	65.7862	67.5651	69.2017	70.6907	71.9795	73.191	74.3731	75.4269	76.5011	77.599	78.6552	79.7666
654	Saint Helena	75.5368	78.1297	79.825	81.3222	82.5727	83.7041	84.7792	85.785	86.745	87.6924	88.6013	89.5094	90.3927	91.2667	92.1279	92.9584
686	Senegal	67.6106	71.9253	74.1489	76.0768	77.8377	79.4819	81.0333	82.4379	83.6822	84.8193	85.8536	86.8327	87.767	88.6658	89.546	90.4213
694	Sierra Leone	60.917	64.4658	66.3415	67.9561	69.377	70.6368	71.7523	72.8537	73.8955	74.9532	75.9797	77.0425	78.0803	79.1394	80.2248	81.2937
768	Togo	62.7732	66.15	68.28	70.1059	71.6549	73.0147	74.2523	75.5004	76.6808	77.8982	79.0329	80.1615	81.3045	82.4544	83.5134	84.476
935	Asia	72.1338	74.7339	76.0653	77.2253	78.2917	79.306	80.0816	80.9589	81.7444	82.5651	83.3328	84.0364	84.7319	85.4015	86.1347	86.8193
5500	Central Asia	68.3857	70.8692	71.9712	73.0879	74.0758	75.0936	76.0595	77.0489	78.1706	79.2641	80.1997	81.1914	82.0891	82.9252	83.8536	84.7066
398	Kazakhstan	67.7856	71.8572	73.4695	74.9516	76.378	77.7515	79.0712	80.3176	81.4628	82.5084	83.484	84.411	85.3055	86.1523	87.0014	87.8463
417	Kyrgyzstan	67.9182	71.6653	73.3894	74.9501	76.4452	77.8917	79.2862	80.5749	81.7019	82.7608	83.7365	84.6887	85.5779	86.4749	87.345	88.1922
762	Tajikistan	70.2266	73.2942	74.8492	76.2295	77.5699	78.8576	80.1086	81.3475	82.5223	83.5995	84.5983	85.5201	86.3983	87.2601	88.1002	88.9469
795	Turkmenistan	67.3735	70.0347	71.6371	73.0677	74.418	75.7769	77.0696	78.3415	79.5887	80.8003	81.9115	82.9234	83.8644	84.7612	85.6278	86.4496
860	Uzbekistan	70.194	72.9724	74.4765	75.8311	77.1056	78.3567	79.5613	80.774	81.9382	83.0127	83.9855	84.8865	85.7472	86.5897	87.4378	88.2507
906	Eastern Asia	77.6024	80.0519	81.6545	83.1161	84.254	85.428	86.4173	87.5196	88.3686	89.4265	90.5474	91.3886	92.2298	92.9085	93.8625	94.81
156	China	77.0156	79.8775	81.7351	83.2643	84.5663	85.7552	86.8556	87.9119	88.9404	89.8894	90.8619	91.7766	92.7096	93.5829	94.4589	95.2914
344	China, Hong Kong SAR	83.5532	85.9224	87.2623	88.4584	89.5715	90.6138	91.6338	92.6254	93.58	94.5255	95.4643	96.3575	97.2598	98.159	99.0156	99.8613
446	China, Macao SAR	83.8116	85.8178	87.173	88.3855	89.4866	90.5418	91.5672	92.5597	93.5204	94.4542	95.3485	96.255	97.1392	97.9829	98.8398	99.6961
158	China, Taiwan Province of China	79.0962	81.5313	83.0509	84.3548	85.5414	86.6684	87.7354	88.7627	89.7548	90.7156	91.6361	92.5265	93.4292	94.3288	95.2127	96.1027
408	Dem. People's Republic of Korea	72.3723	74.9522	76.5613	78.0573	79.4771	80.8414	82.1273	83.2936	84.3753	85.3612	86.3028	87.1874	88.0658	88.9443	89.8244	90.6827
392	Japan	82.8106	84.8343	86.1797	87.3619	88.4888	89.5391	90.5407	91.5231	92.4697	93.4075	94.3099	95.2073	96.0945	96.9526	97.7974	98.6725
496	Mongolia	69.1677	72.5931	74.7664	76.7364	78.5143	80.0724	81.3911	82.6035	83.7067	84.7645	85.7695	86.7401	87.7098	88.6327	89.5486	90.4543
410	Republic of Korea	81.6092	83.7507	85.0791	86.2748	87.3789	88.4281	89.4199	90.3884	91.316	92.2264	93.1334	94.015	94.8817	95.7495	96.5781	97.4202
5501	Southern Asia	69.1807	73.1299	74.7896	76.2609	77.5406	78.82	80.0636	81.2205	82.0791	83.0474	83.9557	84.6159	85.4665	86.1709	87.0401	87.8305
4	Afghanistan	62.1195	66.7879	68.9376	70.7328	72.3209	73.7613	75.1439	76.4507	77.7469	79.0411	80.2949	81.4776	82.5472	83.5628	84.4658	85.2978
50	Bangladesh	72.6375	76.0907	78.1432	79.9693	81.6446	83.1508	84.4565	85.6065	86.6705	87.6817	88.6646	89.5862	90.5205	91.4245	92.3163	93.1702
64	Bhutan	71.9678	75.1452	77.1014	78.8497	80.4739	81.9801	83.4235	84.6831	85.7918	86.8033	87.755	88.6869	89.5622	90.4319	91.2701	92.1042
356	India	69.9109	74.8765	76.8494	78.5712	80.1359	81.6421	83.0375	84.3036	85.4312	86.4532	87.3797	88.2968	89.2072	90.0637	90.91	91.7105
364	Iran (Islamic Republic of)	74.0565	78.1368	80.0833	81.8012	83.2394	84.5183	85.6488	86.7144	87.7408	88.7406	89.6901	90.622	91.547	92.4421	93.2988	94.1623
462	Maldives	80.8794	83.9097	85.6226	86.9679	88.1378	89.2126	90.2051	91.1663	92.0642	92.9526	93.7922	94.6195	95.4122	96.2083	96.9842	97.7679
524	Nepal	69.6512	73.3739	75.4113	77.19	78.8135	80.3164	81.7543	83.1143	84.3076	85.372	86.3662	87.3074	88.2195	89.1249	89.9828	90.8162
586	Pakistan	66.0424	69.2194	70.7339	72.0435	73.2491	74.4337	75.6065	76.7482	77.9176	79.1015	80.2908	81.4673	82.5776	83.5871	84.5654	85.4759
144	Sri Lanka	74.181	76.8191	78.7169	80.3649	81.7518	82.9774	84.0977	85.1765	86.1782	87.1554	88.1036	89.0247	89.9314	90.8126	91.6814	92.5199
920	South-Eastern Asia	69.881	72.5885	73.7251	74.7902	75.9782	77.0043	78.1058	79.0653	80.0738	80.8725	81.7471	82.6423	83.5257	84.3494	85.2048	85.9566
96	Brunei Darussalam	73.9072	76.3588	78.637	80.0667	81.3631	82.6592	83.8289	84.8505	85.7846	86.6761	87.5441	88.3718	89.1995	90.0147	90.8003	91.6043
116	Cambodia	69.6079	73.4036	75.258	76.8589	78.3396	79.7607	81.098	82.3697	83.501	84.553	85.4878	86.3585	87.1872	88.0288	88.8349	89.6047
360	Indonesia	68.8022	72.9083	74.4582	75.8369	77.1474	78.4075	79.6601	80.9282	82.1149	83.2107	84.2226	85.1586	86.0464	86.9063	87.7522	88.5653
418	Lao People's Democratic Republic	68.4359	71.758	73.7694	75.4562	77.0013	78.4506	79.8298	81.1678	82.4333	83.5942	84.6143	85.5404	86.4178	87.2274	88.0287	88.8313
458	Malaysia	75.0109	77.8375	79.549	81.0999	82.5352	83.7858	84.9348	85.9623	86.9181	87.8525	88.7953	89.6753	90.5465	91.4173	92.2654	93.0801
104	Myanmar	65.5117	68.936	70.8463	72.5049	74.0722	75.5439	76.987	78.3727	79.7625	81.0493	82.1901	83.2657	84.2507	85.1743	86.0392	86.8739
608	Philippines	71.1439	74.1097	75.5473	76.8268	78.0728	79.2948	80.5036	81.6841	82.8198	83.8899	84.8736	85.7912	86.676	87.5286	88.3655	89.1839
702	Singapore	82.485	85.0302	86.3659	87.5647	88.6716	89.7269	90.7383	91.7222	92.6845	93.63	94.5491	95.4504	96.3237	97.1755	98.0406	98.8838
764	Thailand	76.3852	79.1934	80.8521	82.2301	83.4828	84.6491	85.7352	86.7915	87.7974	88.7691	89.7224	90.6572	91.5379	92.4642	93.339	94.2021
626	Timor-Leste	68.7952	72.1896	74.08	75.7107	77.2181	78.6149	79.9295	81.2451	82.5008	83.6604	84.7067	85.659	86.5293	87.3607	88.1673	88.9434
704	Viet Nam	71.2965	73.8945	75.7637	77.4902	79.0255	80.3728	81.5749	82.672	83.7111	84.7047	85.6779	86.6189	87.5329	88.4681	89.3663	90.2439
922	Western Asia	72.3423	75.0085	76.3022	77.5372	78.6378	79.6171	80.5363	81.3174	82.0867	82.8016	83.5901	84.2847	84.8871	85.4936	86.2059	86.9387
51	Armenia	70.0068	74.8832	76.7343	78.3802	79.8159	81.063	82.1949	83.2658	84.2635	85.2385	86.1855	87.0939	88.0232	88.9391	89.8353	90.6876
31	Azerbaijan	69.5203	74.4651	76.0632	77.5133	78.8893	80.222	81.4929	82.6497	83.6979	84.715	85.6514	86.56	87.4382	88.2729	89.1203	89.9387
48	Bahrain	79.8752	83.1338	84.7568	86.0735	87.1981	88.2318	89.2349	90.1655	91.0816	91.9765	92.8447	93.6865	94.5066	95.3199	96.1485	96.9365
196	Cyprus	80.9256	83.5257	84.9976	86.2459	87.393	88.4739	89.5151	90.5041	91.4666	92.3958	93.262	94.1631	95.0389	95.8432	96.6803	97.5116
268	Georgia	68.9171	73.0296	74.8672	76.5374	78.1214	79.5041	80.7012	81.8175	82.8862	83.8743	84.8197	85.7342	86.6293	87.5161	88.3859	89.2522
368	Iraq	70.3686	73.7481	75.1879	76.4774	77.727	78.9334	80.1344	81.3141	82.4628	83.5602	84.5493	85.4284	86.2828	87.1144	87.9302	88.7256
376	Israel	81.8654	84.5467	85.8867	87.0633	88.173	89.1945	90.2004	91.1719	92.1108	93.006	93.8883	94.7669	95.6399	96.5095	97.3344	98.1578
400	Jordan	74.2503	78.2097	79.916	81.4723	82.8716	84.1097	85.2056	86.2288	87.204	88.1469	89.0717	89.9634	90.8888	91.7333	92.5765	93.4092
414	Kuwait	79.0362	82.5823	84.2037	85.5503	86.7458	87.8636	88.9217	89.9317	90.9367	91.8895	92.777	93.6698	94.5513	95.3937	96.2556	97.094
422	Lebanon	75.6432	81.1951	82.7647	84.1209	85.2976	86.3428	87.3506	88.3053	89.2223	90.1559	91.0517	91.9015	92.7407	93.5748	94.4066	95.2295
512	Oman	75.5612	81.1679	83.0316	84.6069	85.92	87.0507	88.1095	89.1364	90.1064	91.0333	91.9519	92.8442	93.714	94.5688	95.3934	96.2127
634	Qatar	80.8633	84.1753	85.6781	86.9505	88.1054	89.2019	90.2142	91.1929	92.1251	93.0453	93.921	94.8147	95.6614	96.5027	97.3129	98.1414
682	Saudi Arabia	77.4703	80.6072	82.3952	83.9581	85.3068	86.4742	87.5469	88.5519	89.514	90.4446	91.3506	92.2395	93.1236	93.9702	94.8036	95.6133
275	State of Palestine	73.4063	77.6093	79.3325	80.8744	82.3368	83.6448	84.8027	85.8533	86.8252	87.7564	88.6995	89.5925	90.4798	91.3429	92.1748	93.0149
760	Syrian Arab Republic	70.31	72.7734	74.4949	76.0372	77.51	78.931	80.2913	81.5177	82.6364	83.6631	84.6313	85.5499	86.4273	87.2699	88.1234	88.9701
792	Türkiye	75.6838	79.3154	81.2107	82.7354	84.0365	85.2378	86.3533	87.4132	88.4188	89.4072	90.3608	91.2768	92.1965	93.0793	93.9434	94.821
784	United Arab Emirates	79.2461	82.5373	84.2215	85.6017	86.8088	87.9338	89.0111	90.0081	90.9652	91.9093	92.8395	93.7122	94.5882	95.4536	96.2602	97.0905
887	Yemen	63.0292	67.2645	69.1211	70.7144	72.1968	73.6126	74.9701	76.3113	77.5962	78.9103	80.1574	81.3716	82.4832	83.4961	84.4282	85.2931
908	Europe	75.4138	78.2856	79.4476	80.4533	81.4777	82.4271	83.2062	84.0717	84.8686	85.643	86.3877	87.1422	87.8931	88.6137	89.1866	89.8058
923	Eastern Europe	69.4713	73.616	75.1227	76.4217	77.7754	78.8783	79.8985	80.9266	81.8825	82.8447	83.7435	84.6739	85.3488	86.1444	86.8128	87.562
112	Belarus	69.713	73.6255	75.5732	77.3012	78.7955	80.1039	81.2893	82.3815	83.4213	84.4286	85.3872	86.3003	87.2261	88.1133	88.993	89.8549
100	Bulgaria	71.006	76.0623	77.8091	79.4048	80.8411	82.1126	83.2406	84.2893	85.2818	86.2484	87.173	88.0719	88.9611	89.8213	90.6972	91.5504
203	Czechia	77.0257	80.4417	82.06	83.3781	84.5535	85.6416	86.6597	87.6646	88.6117	89.5531	90.4924	91.3961	92.2739	93.1661	94.0391	94.8824
348	Hungary	73.7675	77.3957	79.1753	80.7342	82.0827	83.2818	84.366	85.3889	86.3986	87.3752	88.3142	89.2352	90.136	91.0423	91.9386	92.8094
616	Poland	74.9308	78.4526	80.1852	81.597	82.8291	83.9441	85.0029	86.0256	86.9959	87.9219	88.853	89.7429	90.6312	91.5119	92.361	93.2346
498	Republic of Moldova	66.7522	70.8187	72.5355	74.0887	75.578	77.0379	78.4269	79.6982	80.8304	81.8963	82.8832	83.8243	84.7379	85.6309	86.4988	87.3761
642	Romania	72.8718	77.2069	79.0059	80.5665	81.9055	83.1069	84.2094	85.2593	86.2662	87.2402	88.1616	89.072	90.0085	90.9014	91.7995	92.6956
643	Russian Federation	68.118	73.3083	75.1521	76.8288	78.3526	79.6841	80.8879	81.9807	83.0031	83.9755	84.915	85.8368	86.7395	87.6263	88.5129	89.3721
703	Slovakia	74.6579	78.6408	80.4057	81.8775	83.1361	84.2806	85.3349	86.3562	87.3097	88.2428	89.1605	90.078	90.949	91.844	92.6873	93.5281
804	Ukraine	68.2915	73.7573	75.6362	77.3425	78.8121	80.0807	81.2299	82.324	83.3641	84.3399	85.2884	86.2086	87.1395	88.0353	88.9169	89.7733
924	Northern Europe	80.2177	82.5691	83.8301	84.9557	85.9606	86.9492	87.7619	88.535	89.3212	90.1862	91.0652	91.8732	92.5203	93.3193	94.0558	94.882
208	Denmark	80.956	83.3586	84.7844	86.027	87.1425	88.2041	89.2003	90.1833	91.1384	92.0615	92.9723	93.8458	94.7018	95.5501	96.4115	97.2379
233	Estonia	75.5763	78.7108	80.3409	81.6974	82.8919	84.0128	85.0868	86.0888	87.0996	88.0268	88.9592	89.9034	90.8213	91.7072	92.5639	93.4268
234	Faroe Islands	78.8145	81.0823	82.7811	84.2447	85.4839	86.587	87.6386	88.6484	89.6456	90.5764	91.4784	92.3916	93.2721	94.118	94.9814	95.783
246	Finland	80.6498	82.9998	84.4118	85.6436	86.7876	87.8669	88.9119	89.8848	90.8677	91.8265	92.7617	93.6483	94.5246	95.4084	96.2713	97.1299
831	Guernsey	82.0042	84.4012	85.7668	86.9655	88.0569	89.096	90.0981	91.039	91.9705	92.8825	93.7662	94.6366	95.4759	96.3174	97.1439	97.9777
352	Iceland	82.4335	84.6583	86.0175	87.2122	88.3171	89.3532	90.3531	91.3238	92.2486	93.1459	94.0327	94.9055	95.7578	96.6052	97.4387	98.2685
372	Ireland	81.9708	84.3294	85.7227	86.9565	88.0809	89.1416	90.1352	91.1137	92.0588	92.9716	93.863	94.7372	95.6084	96.4819	97.3141	98.1292
833	Isle of Man	80.1426	82.8642	84.3815	85.6383	86.7699	87.8301	88.8344	89.8188	90.7544	91.6689	92.564	93.4265	94.3007	95.1325	95.9555	96.7684
832	Jersey	79.8853	82.587	84.0746	85.3639	86.5425	87.6593	88.6977	89.7043	90.684	91.6399	92.5991	93.5181	94.4071	95.295	96.1554	96.978
428	Latvia	72.2228	75.2946	77.0716	78.6655	80.0459	81.2541	82.3704	83.4123	84.3801	85.3433	86.2706	87.1883	88.0843	88.9322	89.7973	90.6301
440	Lithuania	71.7823	75.9892	77.8404	79.3995	80.7306	81.8992	83.0031	84.0611	85.0594	86.0218	86.9506	87.8899	88.7725	89.6599	90.5479	91.4175
578	Norway	82.7353	84.863	86.2324	87.4342	88.5319	89.5763	90.5694	91.5335	92.4702	93.384	94.292	95.1695	96.0364	96.8765	97.7114	98.5467
752	Sweden	82.5667	85.0239	86.3767	87.5736	88.6885	89.7414	90.7344	91.7226	92.644	93.5538	94.4542	95.3365	96.196	97.0236	97.8709	98.6811
826	United Kingdom	80.8625	83.822	85.2253	86.4365	87.5779	88.6285	89.6498	90.6275	91.5579	92.4737	93.3549	94.2487	95.1065	95.9422	96.7594	97.5594
925	Southern Europe	80.0589	82.3815	83.5115	84.5306	85.4988	86.4372	87.3323	88.148	88.7954	89.5787	90.3937	91.2209	92.0004	92.7354	93.5242	94.215
8	Albania	76.5636	81.5747	83.2844	84.6762	85.903	87.0284	88.0891	89.1158	90.0921	91.0315	91.9453	92.8516	93.7194	94.6114	95.4667	96.3232
20	Andorra	80.5136	84.4529	85.8131	87.0264	88.1339	89.1763	90.1988	91.16	92.1031	93.0246	93.8944	94.784	95.6522	96.5053	97.3222	98.1198
70	Bosnia and Herzegovina	75.2732	79.4818	81.1417	82.6421	83.9856	85.1583	86.2042	87.2145	88.1409	89.0606	89.975	90.8642	91.7273	92.5614	93.3879	94.2116
191	Croatia	76.9291	80.1426	81.8481	83.2475	84.4549	85.567	86.5928	87.609	88.6051	89.5391	90.4645	91.3553	92.2418	93.1337	93.9722	94.811
292	Gibraltar	81.1822	84.2837	85.7248	87.002	88.1616	89.2685	90.3069	91.3251	92.2894	93.2374	94.1584	95.0865	95.9848	96.8524	97.6882	98.52
300	Greece	79.6362	82.7874	84.2632	85.5395	86.7048	87.8027	88.8381	89.8468	90.8008	91.7424	92.6712	93.5587	94.4515	95.2867	96.1576	96.992
380	Italy	82.3426	85.0438	86.4081	87.6233	88.7532	89.8278	90.8294	91.8061	92.7632	93.6814	94.6016	95.4965	96.3706	97.2625	98.0958	98.9261
412	Kosovo (under UNSC res. 1244)	77.1897	80.8736	82.5404	83.9212	85.1178	86.2072	87.2413	88.2694	89.2295	90.1515	91.0592	91.9702	92.8599	93.7201	94.5797	95.4061
470	Malta	82.4525	84.6698	86.0305	87.2437	88.3596	89.4091	90.4457	91.4112	92.3688	93.2953	94.195	95.0849	95.9679	96.8402	97.6909	98.5137
499	Montenegro	74.9722	78.228	80.0105	81.5534	82.8639	84.0103	85.0889	86.1098	87.1004	88.0758	88.9851	89.8651	90.7469	91.6275	92.4809	93.3234
807	North Macedonia	74.2885	79.4012	81.1077	82.634	83.9648	85.1241	86.1797	87.1941	88.1561	89.0743	89.9934	90.8688	91.7433	92.58	93.4178	94.2389
620	Portugal	79.835	82.554	83.9842	85.2561	86.428	87.5131	88.5738	89.5878	90.5859	91.5417	92.4643	93.3373	94.2378	95.1268	95.9996	96.8464
674	San Marino	81.3807	85.2248	86.5598	87.7711	88.861	89.9016	90.8753	91.8261	92.7725	93.651	94.5266	95.3713	96.2303	97.079	97.8795	98.6844
688	Serbia	73.4952	77.9495	79.7084	81.3022	82.6662	83.8621	84.9533	85.9734	86.9709	87.9426	88.8989	89.8211	90.7282	91.621	92.5213	93.3875
705	Slovenia	79.9665	82.9847	84.4533	85.7278	86.9155	87.9952	89.0278	90.0227	90.9987	91.9522	92.8853	93.7927	94.7065	95.5758	96.4296	97.2876
724	Spain	81.7432	84.2499	85.5922	86.7947	87.906	88.9685	89.976	90.9903	91.9478	92.8636	93.7496	94.6513	95.5424	96.4077	97.2516	98.0957
926	Western Europe	80.2373	82.425	83.5564	84.4635	85.3551	86.1846	87.0312	87.8736	88.7201	89.4979	90.2266	90.9021	91.5845	92.4041	93.164	94.0214
40	Austria	80.8368	83.4641	84.8957	86.1401	87.2934	88.3851	89.417	90.4107	91.378	92.3184	93.2369	94.1389	95.0357	95.9144	96.778	97.6342
56	Belgium	80.8358	83.4862	84.9013	86.154	87.2764	88.3395	89.3475	90.3307	91.2882	92.2087	93.1015	93.9958	94.8619	95.7105	96.5764	97.3976
250	France	80.9646	83.3451	84.6627	85.875	86.9966	88.0642	89.08	90.0417	90.9829	91.8974	92.8287	93.7162	94.5958	95.4909	96.3455	97.2129
276	Germany	80.0626	83.03	84.4452	85.6786	86.8153	87.8717	88.9181	89.9003	90.838	91.7711	92.6986	93.5915	94.4751	95.3176	96.1714	97.0069
438	Liechtenstein	83.26	86.1139	87.4381	88.6334	89.7452	90.7987	91.8118	92.7899	93.7306	94.6618	95.5681	96.4636	97.3412	98.2007	99.0334	99.8812
442	Luxembourg	81.3181	83.6606	85.0438	86.25	87.3479	88.3992	89.4036	90.3797	91.3263	92.2511	93.1549	94.046	94.9286	95.7811	96.6466	97.4934
492	Monaco	85.912	88.0314	89.3036	90.4474	91.5182	92.5277	93.4899	94.4668	95.3962	96.3145	97.1706	98.0132	98.849	99.6958	100.5317	101.319
528	Netherlands	81.6995	84.2612	85.6338	86.8286	87.9229	88.9427	89.9315	90.8911	91.8246	92.7399	93.6309	94.4816	95.3198	96.1438	96.9767	97.7932
756	Switzerland	83.1374	85.5011	86.8405	88.0537	89.1531	90.203	91.2019	92.1733	93.1307	94.0518	94.9641	95.8422	96.7038	97.5622	98.4014	99.2416
904	Latin America and the Caribbean	71.491	74.8144	76.171	77.4373	78.5966	79.7269	80.7584	81.7144	82.6148	83.4143	84.2172	84.9989	85.7236	86.35	87.084	87.8311
915	Caribbean	70.2453	73.0545	74.4633	75.631	76.8523	77.8906	78.8706	79.7971	80.7271	81.669	82.6186	83.3369	84.1541	84.8728	85.7047	86.3956
660	Anguilla	75.1253	78.01	79.8691	81.4204	82.7053	83.8824	84.9569	86.0096	87.0018	87.9549	88.9056	89.8177	90.7393	91.6289	92.4911	93.3521
28	Antigua and Barbuda	77.5317	80.2674	82.0197	83.469	84.7103	85.8337	86.8944	87.8921	88.8626	89.8236	90.7564	91.6886	92.5656	93.4298	94.2916	95.1382
533	Aruba	74.1966	77.6113	79.339	80.8995	82.299	83.4857	84.5704	85.6031	86.5727	87.5113	88.4354	89.3442	90.2432	91.1113	91.9646	92.8044
44	Bahamas	71.4345	74.8055	76.4545	77.9537	79.3981	80.7298	81.9078	82.9943	84.0063	84.9687	85.8831	86.7827	87.6495	88.5167	89.375	90.232
52	Barbados	76.9379	79.4215	81.0819	82.576	83.895	85.0557	86.1194	87.1107	88.071	88.9861	89.8951	90.7758	91.6257	92.4671	93.3031	94.1216
535	Bonaire, Sint Eustatius and Saba	75.1847	78.471	80.1148	81.5967	82.945	84.1124	85.1817	86.1534	87.1008	88.024	88.9216	89.8011	90.6688	91.5177	92.3472	93.1793
92	British Virgin Islands	74.4994	77.49	79.2312	80.8083	82.2281	83.498	84.6142	85.6561	86.6209	87.5588	88.4719	89.3641	90.2656	91.1135	91.9507	92.7934
136	Cayman Islands	74.4522	77.1584	78.8555	80.3939	81.8213	83.1278	84.3037	85.3688	86.3577	87.3093	88.2489	89.1441	90.0267	90.884	91.7178	92.5394
192	Cuba	76.0102	79.5811	81.3186	82.8238	84.1194	85.2693	86.3281	87.3231	88.3059	89.2549	90.1804	91.0655	91.9332	92.7767	93.5989	94.4399
531	Curaçao	73.6643	76.5665	78.3448	79.9198	81.301	82.5046	83.6041	84.6525	85.6419	86.5943	87.5285	88.4542	89.3701	90.242	91.1276	91.9989
212	Dominica	71.7385	74.7526	76.4766	78.0588	79.5702	80.9618	82.209	83.3259	84.3927	85.3749	86.3386	87.2515	88.1766	89.0644	89.9564	90.8292
214	Dominican Republic	71.8222	75.2159	77.0821	78.7792	80.3546	81.79	83.044	84.1969	85.2163	86.2213	87.1789	88.092	89.0107	89.8803	90.7423	91.6178
308	Grenada	73.8134	76.4685	78.1789	79.7098	81.1638	82.4397	83.6268	84.6818	85.679	86.6109	87.5082	88.4272	89.2843	90.1719	91.0272	91.8906
312	Guadeloupe	79.4416	82.5324	83.8406	85.0278	86.1168	87.147	88.1385	89.0927	90.0438	90.9458	91.83	92.7158	93.5735	94.4131	95.2492	96.077
332	Haiti	63.0378	67.0767	69.1832	70.9627	72.5827	74.0548	75.4869	76.863	78.2183	79.5305	80.7592	81.8826	82.949	83.9204	84.7928	85.6138
388	Jamaica	70.8881	74.0712	75.6298	77.0631	78.4115	79.7027	80.9802	82.2009	83.3057	84.3264	85.2522	86.1574	87.0667	87.9249	88.748	89.5641
474	Martinique	80.6907	83.2515	84.5946	85.7866	86.8714	87.9151	88.9196	89.8736	90.798	91.7243	92.5969	93.4556	94.3134	95.1616	96.0036	96.8088
500	Montserrat	75.7475	78.3317	79.9118	81.3306	82.6649	83.9184	85.0375	86.0357	86.9387	87.8091	88.6817	89.554	90.4052	91.2156	92.0114	92.8136
630	Puerto Rico	76.4351	79.2006	80.7802	82.1019	83.3195	84.4415	85.4937	86.504	87.4899	88.4316	89.3461	90.2489	91.1272	91.9967	92.8971	93.7565
652	Saint Barthélemy	78.6173	81.2312	82.8084	84.1688	85.392	86.5052	87.5836	88.6165	89.6076	90.5589	91.4995	92.3873	93.2744	94.1663	95.0128	95.8994
659	Saint Kitts and Nevis	70.0161	72.7618	74.4581	76.0028	77.4563	78.8622	80.2013	81.4545	82.5865	83.6262	84.5866	85.5005	86.3986	87.2728	88.1225	88.9527
662	Saint Lucia	70.8379	74.5704	76.2995	77.886	79.3984	80.8006	82.0611	83.1678	84.2093	85.188	86.1215	87.0315	87.9203	88.8101	89.6951	90.5498
663	Saint Martin (French part)	78.5366	81.0699	82.5951	83.8906	85.0497	86.1498	87.2009	88.2015	89.1552	90.0937	91.0079	91.9248	92.8217	93.6957	94.5424	95.4055
670	Saint Vincent and the Grenadines	70.042	75.0957	76.7749	78.281	79.7125	81.0861	82.3606	83.5032	84.5498	85.5193	86.4506	87.331	88.183	89.0382	89.8711	90.6822
534	Sint Maarten (Dutch part)	73.5823	76.7439	78.409	79.9236	81.3042	82.5431	83.6218	84.6289	85.5858	86.5179	87.4335	88.3488	89.2269	90.09	90.9204	91.7545
780	Trinidad and Tobago	72.3123	75.2816	77.0377	78.6496	80.1534	81.5066	82.7113	83.8002	84.8266	85.7762	86.7161	87.6279	88.5179	89.403	90.235	91.0926
796	Turks and Caicos Islands	73.8746	77.0763	78.8629	80.4617	81.9252	83.2312	84.3757	85.4171	86.4076	87.3636	88.2945	89.2171	90.1255	90.9788	91.8191	92.6631
850	United States Virgin Islands	71.2536	74.4488	76.4048	78.0098	79.3892	80.5955	81.7048	82.7798	83.8073	84.7913	85.7629	86.7255	87.6603	88.5807	89.4745	90.374
916	Central America	70.6085	74.933	76.3664	77.7936	79.1223	80.3703	81.5239	82.6009	83.6103	84.6496	85.5624	86.4443	87.2481	87.9512	88.7174	89.4774
84	Belize	70.9688	75.5347	77.2772	78.8716	80.3624	81.7508	82.9895	84.1001	85.1293	86.1209	87.0904	87.9896	88.8903	89.7961	90.6835	91.5558
188	Costa Rica	77.5175	81.4882	83.1954	84.5825	85.8092	86.9545	88.0378	89.0494	90.0177	90.9575	91.9026	92.8112	93.7062	94.5946	95.4434	96.3193
222	El Salvador	68.8047	72.909	74.8313	76.5674	78.1918	79.6666	80.9723	82.137	83.2019	84.2047	85.1492	86.053	86.947	87.7855	88.6297	89.4749
320	Guatemala	69.1657	75.0608	76.7914	78.3585	79.8356	81.2292	82.5157	83.6674	84.7153	85.6714	86.5888	87.4682	88.3088	89.1396	89.967	90.7849
340	Honduras	70.9988	74.9802	76.6564	78.1829	79.6033	80.9873	82.2731	83.4343	84.4827	85.473	86.3715	87.2581	88.153	89.0094	89.8393	90.6901
484	Mexico	70.8501	75.6693	77.5303	79.2217	80.7908	82.1579	83.3668	84.4609	85.5009	86.4944	87.4482	88.3817	89.2789	90.1606	91.0342	91.8696
558	Nicaragua	72.3465	75.7285	77.55	79.1766	80.7019	82.0811	83.3173	84.4146	85.395	86.3489	87.247	88.1454	89.0274	89.8652	90.6849	91.5006
591	Panama	75.5294	79.2675	81.0794	82.5513	83.8472	85.0142	86.1043	87.1302	88.1341	89.0763	90.0152	90.9577	91.8448	92.7449	93.626	94.4942
931	South America	72.3106	75.8009	77.2602	78.5518	79.7253	80.9483	81.9478	82.9019	83.7924	84.7462	85.5285	86.2923	87.0477	87.7213	88.4139	89.1879
32	Argentina	74.5762	78.2478	80.038	81.5475	82.8237	84.0114	85.0901	86.0961	87.0926	88.0371	88.9755	89.8852	90.7534	91.6401	92.5049	93.3595
68	Bolivia (Plurinational State of)	65.0898	70.5658	72.3945	74.0124	75.5108	76.887	78.2429	79.5541	80.8344	82.0112	83.1146	84.1147	85.0237	85.8964	86.7358	87.5217
76	Brazil	72.6436	76.92	78.8283	80.5484	82.0465	83.3453	84.4939	85.5711	86.6196	87.6116	88.5407	89.4753	90.3739	91.2693	92.1261	92.9748
152	Chile	78.734	82.3131	83.9324	85.2904	86.5266	87.6491	88.7288	89.7418	90.7298	91.6763	92.617	93.534	94.4105	95.2863	96.1276	96.9815
170	Colombia	73.3674	78.3212	80.1719	81.7859	83.1559	84.366	85.4754	86.5215	87.5124	88.4769	89.4055	90.3328	91.235	92.1214	92.9806	93.8366
218	Ecuador	74.3551	79.1863	80.9914	82.5326	83.8414	84.9892	86.0582	87.0612	88.0254	88.9531	89.8565	90.7155	91.5654	92.4028	93.2149	94.0181
238	Falkland Islands (Malvinas)	78.2593	81.2334	82.9871	84.4241	85.639	86.7306	87.7533	88.7121	89.6626	90.5619	91.4566	92.332	93.1699	93.9837	94.7867	95.5807
254	French Guiana	75.4803	78.6075	80.3996	81.9732	83.3184	84.5037	85.5886	86.6435	87.6046	88.584	89.5016	90.4202	91.2825	92.1789	93.0514	93.883
328	Guyana	66.1642	70.4229	72.0991	73.5939	75.0161	76.3787	77.7465	79.0566	80.3331	81.5409	82.6075	83.5763	84.503	85.4123	86.2513	87.0867
600	Paraguay	71.0754	75.1203	76.6812	78.113	79.4512	80.7751	82.0058	83.1285	84.1375	85.0984	86.0028	86.8848	87.7593	88.5946	89.4323	90.259
604	Peru	73.6725	78.4507	80.231	81.8214	83.2248	84.4562	85.569	86.5502	87.4999	88.4372	89.3137	90.151	91.0021	91.8318	92.642	93.4508
740	Suriname	69.9369	73.3048	74.9658	76.4843	77.9159	79.31	80.6251	81.8417	82.9387	83.9324	84.8634	85.7674	86.6555	87.5323	88.3774	89.2132
858	Uruguay	75.003	77.9159	79.6563	81.094	82.3456	83.4846	84.5439	85.5685	86.5432	87.4871	88.413	89.341	90.2377	91.103	91.9689	92.8173
862	Venezuela (Bolivarian Republic of)	68.8781	72.7021	74.5506	76.208	77.7967	79.2705	80.6148	81.7819	82.851	83.8459	84.8162	85.7524	86.6721	87.5648	88.4478	89.2999
905	Northern America	77.1008	80.8608	82.4064	83.6148	84.7071	85.774	86.8378	87.7772	88.7429	89.4764	90.4856	91.3521	92.0638	92.8725	93.6962	94.5341
60	Bermuda	78.9296	81.7765	83.2253	84.4868	85.6228	86.7022	87.7292	88.7439	89.7169	90.6382	91.5452	92.4517	93.3343	94.2153	95.0706	95.9424
124	Canada	81.7535	84.107	85.5237	86.7386	87.8736	88.9517	89.9653	90.9431	91.8956	92.8148	93.7119	94.5996	95.4681	96.3431	97.1873	98.0204
304	Greenland	71.4712	74.0318	75.6381	77.1014	78.4712	79.7842	81.0665	82.2535	83.3686	84.3862	85.325	86.2239	87.0832	87.9106	88.7415	89.5649
666	Saint Pierre and Miquelon	75.0468	77.7584	79.5234	80.957	82.2067	83.3399	84.405	85.4302	86.4049	87.3803	88.3034	89.2006	90.0954	90.9759	91.8353	92.6918
840	United States of America	76.8966	80.7257	82.3361	83.6731	84.8245	85.9093	86.9337	87.9397	88.8799	89.8203	90.7416	91.6443	92.5002	93.3747	94.2481	95.067
909	Oceania	77.9685	79.4388	80.5036	81.4161	82.2455	82.9597	83.7336	84.5764	85.295	86.0704	86.8754	87.5074	88.2339	89.0706	89.8054	90.4033
927	Australia/New Zealand	82.929	84.3269	85.62	86.7948	87.7278	88.7714	89.8038	90.7382	91.6164	92.5686	93.5533	94.3559	95.1086	95.8097	96.6432	97.4035
36	Australia	83.2861	84.7577	86.1101	87.3024	88.4288	89.4712	90.473	91.4396	92.3768	93.3329	94.2219	95.1166	95.9594	96.8074	97.6484	98.4837
554	New Zealand	82.1606	84.4513	85.815	87.0124	88.1072	89.1584	90.1545	91.1394	92.079	92.9991	93.9068	94.787	95.6516	96.5147	97.3485	98.1542
928	Melanesia	65.6922	68.1702	69.7854	70.9825	72.129	73.1942	74.3965	75.4944	76.4892	77.6364	78.6226	79.7104	80.5701	81.5714	82.5054	83.2779
242	Fiji	67.8182	70.5993	72.0083	73.2223	74.3495	75.4369	76.5303	77.6081	78.6931	79.8233	80.9066	81.9727	82.9855	83.9389	84.8181	85.6315
540	New Caledonia	78.1749	80.8629	82.3491	83.6261	84.7683	85.8209	86.8561	87.849	88.7704	89.7048	90.6457	91.5213	92.4113	93.283	94.1015	94.9245
598	Papua New Guinea	65.0193	67.8441	69.5065	70.9619	72.2415	73.5115	74.751	75.9408	77.1596	78.3814	79.6122	80.8082	81.9288	82.9271	83.8492	84.7257
90	Solomon Islands	70.7089	73.2431	74.6159	75.8486	77.004	78.1137	79.2298	80.3472	81.462	82.5374	83.5816	84.5365	85.456	86.2976	87.0762	87.8428
548	Vanuatu	69.9623	72.5542	74.22	75.6848	77.0705	78.4068	79.72	81.0009	82.2299	83.3447	84.3817	85.3136	86.1982	87.0806	87.908	88.76
954	Micronesia	70.2591	72.4325	73.6328	74.6785	75.5732	76.3641	77.2169	78.0574	78.9448	79.806	80.8324	81.6275	82.4467	83.2354	83.9949	84.8188
316	Guam	75.2084	78.7031	80.5116	81.9527	83.2347	84.4094	85.475	86.4977	87.5255	88.5133	89.4603	90.3945	91.2923	92.1986	93.0711	93.946
296	Kiribati	67.3147	70.1583	71.7428	73.0998	74.3563	75.5735	76.7699	77.9428	79.1198	80.2928	81.4491	82.5632	83.6175	84.568	85.4716	86.3019
584	Marshall Islands	65.2173	67.8632	69.3549	70.6008	71.7144	72.7274	73.7671	74.7938	75.8379	76.8575	77.9395	78.9969	80.0478	81.1211	82.151	83.1628
583	Micronesia (Fed. States of)	68.9392	72.1372	73.8582	75.4025	76.8841	78.3398	79.7353	81.0329	82.187	83.2225	84.1921	85.1498	86.0251	86.901	87.7816	88.6263
520	Nauru	62.0758	65.0316	66.7301	68.1378	69.4752	70.7225	71.9492	73.1788	74.3922	75.6035	76.8338	78.0527	79.2633	80.4447	81.4742	82.4578
580	Northern Mariana Islands	77.0521	79.5601	81.1327	82.5699	83.8688	85.0088	86.0847	87.0563	87.9918	88.915	89.8122	90.6559	91.5316	92.3513	93.1747	93.9715
585	Palau	63.87	66.6866	68.3764	69.7996	71.1764	72.471	73.7674	75.0426	76.3152	77.6042	78.8796	80.1071	81.2578	82.2785	83.2457	84.1466
957	Polynesia	75.0375	77.2188	78.4646	79.5619	80.674	81.6532	82.6796	83.7168	84.6651	85.5667	86.3783	87.165	87.7912	88.3414	88.8477	89.6704
16	American Samoa	71.2342	73.926	75.4856	76.8856	78.2508	79.5519	80.7985	82.0003	83.0859	84.0874	85.0269	85.9308	86.7988	87.6402	88.4843	89.3218
184	Cook Islands	72.6131	75.4435	77.3007	78.9738	80.4994	81.8126	82.9924	84.083	85.101	86.0639	86.9863	87.9071	88.8112	89.7151	90.5786	91.4312
258	French Polynesia	81.1101	84.3294	85.6501	86.8186	87.8977	88.9393	89.9459	90.9038	91.8402	92.7356	93.645	94.5208	95.3858	96.225	97.0641	97.9171
570	Niue	70.82	73.435	74.8818	76.1933	77.4374	78.6238	79.7775	80.9289	82.0623	83.1389	84.1449	85.0637	85.9551	86.7892	87.6295	88.4235
882	Samoa	71.7291	74.1889	75.8302	77.3237	78.717	80.0808	81.3745	82.5838	83.669	84.6925	85.6583	86.5466	87.4523	88.3099	89.1738	89.9926
772	Tokelau	75.8306	78.1552	79.5363	80.8075	82.0127	83.19	84.3163	85.3356	86.2364	87.0984	87.9297	88.7277	89.5556	90.3795	91.1941	91.9761
776	Tonga	70.0112	72.5541	74.0672	75.4288	76.7358	77.9841	79.2505	80.4685	81.6679	82.7862	83.7806	84.7057	85.5814	86.4421	87.2705	88.1185
798	Tuvalu	62.6758	65.6569	67.3713	68.8725	70.227	71.5536	72.8416	74.1309	75.4221	76.6693	77.9676	79.2085	80.3428	81.4503	82.4368	83.3634
876	Wallis and Futuna Islands	79.643	82.6251	84.1828	85.5009	86.5885	87.5807	88.5224	89.4189	90.2824	91.131	91.9486	92.7204	93.5212	94.3042	95.0618	95.8256
