country_code	name	2020-2025	2025-2030	2030-2035	2035-2040	2040-2045	2045-2050	2050-2055	2055-2060	2060-2065	2065-2070	2070-2075	2075-2080	2080-2085	2085-2090	2090-2095	2095-2100
900	World	70.0548	72.1323	73.0945	73.9836	74.8232	75.5698	76.2457	76.8873	77.5176	78.1225	78.62	79.1709	79.6868	80.1682	80.6803	81.1835
1834	Sub-Saharan Africa	59.1508	61.379	62.5457	63.5791	64.4814	65.3776	66.2481	67.0804	67.8991	68.7394	69.4647	70.1634	70.8537	71.5985	72.3273	73.0975
1833	Northern Africa and Western Asia	70.9791	73.0995	74.1866	75.2008	76.147	77.0498	77.8642	78.6237	79.3357	80.0865	80.813	81.4869	82.1741	82.9088	83.5785	84.2638
1831	Central and Southern Asia	68.7441	72.2172	73.5892	74.8758	76.0195	77.1474	78.2844	79.3618	80.3312	81.2366	82.0535	82.834	83.6157	84.2556	84.981	85.7142
1832	Eastern and South-Eastern Asia	74.8742	76.7581	77.9698	79.073	80.0489	80.9236	81.7625	82.5578	83.2403	83.9646	84.7125	85.3819	86.0919	86.7853	87.5367	88.1806
1830	Latin America and the Caribbean	71.3042	74.3776	75.642	76.8023	77.9155	78.9924	80.0141	80.9385	81.8192	82.611	83.4285	84.0994	84.819	85.4919	86.169	86.857
1835	Oceania (excluding Australia and New Zealand)	65.979	67.8596	69.0046	69.8912	70.7791	71.6478	72.6907	73.5798	74.2498	75.2099	75.9699	77.0226	77.9825	79.0836	80.1103	80.8913
1836	Australia/New Zealand	82.6398	83.647	84.713	85.7724	86.5637	87.5395	88.4315	89.1807	89.9536	90.7766	91.6192	92.3099	93.0865	93.8198	94.5241	95.2144
1829	Europe and Northern America	75.6175	78.3138	79.4435	80.465	81.4167	82.3169	83.1071	83.8945	84.7052	85.5007	86.2594	87.0492	87.7132	88.4318	89.1277	89.7995
901	More developed regions	76.3737	78.8288	79.8788	80.8654	81.7827	82.6402	83.3997	84.1633	84.9351	85.7144	86.4887	87.2761	87.9528	88.6115	89.323	89.9505
902	Less developed regions	68.861	70.9737	72.0059	72.9701	73.8722	74.6567	75.3719	76.0362	76.6744	77.2688	77.7939	78.3183	78.8232	79.322	79.8349	80.3622
941	Least developed countries	63.0076	64.9458	66.0271	66.9317	67.8133	68.6473	69.4176	70.2058	70.9031	71.6124	72.2883	72.9671	73.6304	74.2638	74.9279	75.6448
934	Less developed regions, excluding least developed countries	70.1712	72.4673	73.5696	74.5891	75.5599	76.4804	77.3134	78.0473	78.7575	79.4384	80.0342	80.6192	81.3014	81.8512	82.4465	82.9554
948	Less developed regions, excluding China	66.9384	69.3354	70.3244	71.2571	72.1361	72.9354	73.757	74.4935	75.2232	75.9057	76.6049	77.1516	77.7234	78.2477	78.819	79.3662
1636	Land-locked Developing Countries (LLDC)	62.4637	64.7276	65.761	66.7209	67.6277	68.5081	69.3509	70.1905	71.0301	71.8069	72.6182	73.3421	74.0952	74.8193	75.5788	76.391
1637	Small Island Developing States (SIDS)	69.9349	71.9423	72.9804	73.8885	74.649	75.4423	76.1315	76.8071	77.4387	78.0537	78.6788	79.297	79.9581	80.7113	81.29	81.9125
1503	High-income countries	78.6221	80.5034	81.4666	82.3567	83.1777	83.9753	84.6852	85.3626	86.049	86.7711	87.4721	88.151	88.823	89.499	90.1648	90.7782
1517	Middle-income countries	69.4413	71.8035	72.9298	73.9859	74.9538	75.8903	76.7177	77.4769	78.1837	78.9083	79.4714	80.0859	80.7264	81.2681	81.8516	82.4086
1502	Upper-middle-income countries	73.765	76.2396	77.6277	78.8735	79.9683	80.95	81.8244	82.7055	83.4209	84.2512	84.9467	85.5951	86.2116	86.8429	87.4217	88.0612
1501	Lower-middle-income countries	66.7076	69.4237	70.531	71.5488	72.5095	73.454	74.4299	75.2779	76.1655	76.9208	77.7063	78.4411	79.1312	79.7048	80.261	80.826
1500	Low-income countries	61.2907	63.4296	64.5027	65.4466	66.2919	67.0907	67.8764	68.6646	69.4008	70.0714	70.7855	71.4675	72.2212	72.8966	73.6133	74.4086
1518	No income group available	68.4954	71.5843	73.1211	74.4032	75.7886	77.0865	78.3351	79.5102	80.6335	81.6734	82.6012	83.5494	84.4092	85.1012	85.9522	86.7026
903	Africa	60.976	63.057	64.1362	65.1352	65.9832	66.8393	67.652	68.4915	69.2477	70.008	70.6723	71.3365	72.0271	72.7159	73.4097	74.13
910	Eastern Africa	62.0035	64.5315	65.756	66.853	67.8434	68.784	69.7085	70.6001	71.4775	72.305	73.1844	74.0229	74.8582	75.6265	76.4387	77.3167
108	Burundi	61.3539	64.2922	65.7861	67.0779	68.2372	69.2795	70.2482	71.1824	72.0792	72.9745	73.8881	74.8368	75.7923	76.7674	77.7592	78.7477
174	Comoros	63.2617	66.27	67.8792	69.2637	70.4696	71.608	72.7263	73.809	74.8831	75.9772	77.0573	78.1594	79.2886	80.401	81.4534	82.446
262	Djibouti	61.7671	65.0919	66.8205	68.3069	69.633	70.8638	72.0257	73.1671	74.297	75.4299	76.5621	77.6971	78.838	79.9523	81.0229	82.0251
232	Eritrea	66.1934	69.846	71.646	73.2165	74.6812	76.0454	77.3741	78.6923	79.9458	81.1763	82.32	83.3551	84.2914	85.1546	85.9507	86.7126
231	Ethiopia	64.2417	68.0113	69.9715	71.6503	73.1518	74.5549	75.922	77.2526	78.5282	79.7625	80.9143	81.9789	82.9076	83.7834	84.5957	85.3679
404	Kenya	61.4565	64.9506	66.584	67.957	69.1767	70.2725	71.3535	72.4267	73.4976	74.5651	75.6356	76.7303	77.8228	78.9225	80.0224	81.0769
450	Madagascar	64.521	68.0147	69.6539	71.0625	72.353	73.5665	74.7406	75.891	77.0172	78.1427	79.2654	80.3655	81.434	82.3975	83.3	84.122
454	Malawi	61.3351	64.8902	66.625	68.1384	69.4953	70.7821	72.0188	73.2271	74.429	75.6189	76.8132	77.9756	79.1392	80.2025	81.1932	82.1099
480	Mauritius	72.4805	75.4203	76.8297	78.1511	79.4449	80.6687	81.7989	82.8335	83.7689	84.6492	85.4778	86.2842	87.0677	87.831	88.5916	89.3353
175	Mayotte	73.7625	77.487	79.1448	80.6116	81.851	82.9276	83.9339	84.882	85.7882	86.6508	87.4922	88.3288	89.1484	89.9479	90.7434	91.5183
508	Mozambique	59.2837	63.4614	65.5947	67.3983	68.9487	70.3686	71.6684	72.9127	74.1225	75.3314	76.4889	77.6696	78.8071	79.9131	80.9896	81.9774
638	Réunion	80.0051	82.0403	83.1965	84.2281	85.1737	86.082	86.9434	87.7773	88.5957	89.3934	90.1665	90.939	91.6991	92.4413	93.1809	93.9129
646	Rwanda	65.7752	68.442	70.0584	71.4469	72.7412	73.9399	75.1121	76.2638	77.426	78.5609	79.6906	80.7528	81.7886	82.7491	83.633	84.4454
690	Seychelles	70.5299	74.1856	75.8719	77.4321	78.8934	80.2101	81.3604	82.3934	83.3428	84.2576	85.1245	85.9702	86.7978	87.6111	88.3979	89.1658
706	Somalia	55.8113	59.5291	61.2502	62.7664	64.1602	65.4487	66.6218	67.7165	68.7512	69.7601	70.7283	71.6979	72.6537	73.6332	74.6147	75.6377
728	South Sudan	55.6858	59.3135	61.3369	63.1408	64.8114	66.3181	67.6694	68.9144	70.0854	71.1717	72.2103	73.2455	74.276	75.3242	76.3991	77.4263
800	Uganda	62.4231	65.1898	66.8572	68.2865	69.536	70.6581	71.7265	72.7741	73.8013	74.816	75.8715	76.9162	77.9686	79.0496	80.0897	81.0962
834	United Republic of Tanzania	66.0703	69.0971	70.6899	72.1045	73.4424	74.6913	75.9198	77.1188	78.2997	79.4942	80.6628	81.7816	82.8002	83.7194	84.5784	85.3829
894	Zambia	60.831	64.0655	65.5857	66.8861	68.0496	69.1275	70.1691	71.1487	72.149	73.153	74.1721	75.1849	76.2207	77.2491	78.3166	79.3849
716	Zimbabwe	59.0693	62.4629	63.9225	65.2098	66.371	67.4424	68.4237	69.3487	70.2758	71.1873	72.1099	73.0467	73.9837	74.984	75.9889	76.9863
911	Middle Africa	58.7024	61.218	62.4383	63.4752	64.4502	65.304	66.066	66.911	67.8027	68.5855	69.2293	69.9831	70.7966	71.4793	72.3115	73.1507
24	Angola	61.0899	64.0671	65.6193	66.9587	68.1574	69.2395	70.2453	71.2239	72.1929	73.1541	74.1207	75.1063	76.0906	77.0914	78.0993	79.1193
120	Cameroon	60.9219	64.2411	65.7624	67.0485	68.1871	69.1945	70.1258	70.9883	71.7982	72.626	73.461	74.3397	75.1952	76.0726	76.9893	77.9245
140	Central African Republic	54.0673	57.5803	59.3146	60.8213	62.1787	63.4237	64.5715	65.6303	66.635	67.5672	68.448	69.2733	70.1248	70.9465	71.7804	72.6374
148	Chad	52.8923	55.9351	57.5128	58.8806	60.1267	61.2696	62.3288	63.3355	64.2677	65.1507	66.0215	66.8112	67.5633	68.315	69.0377	69.7662
178	Congo	63.1491	65.1147	66.4661	67.6301	68.6708	69.5958	70.4451	71.271	72.1025	72.9466	73.8027	74.6785	75.5709	76.4903	77.436	78.4035
180	Democratic Republic of the Congo	59.2122	62.4021	63.933	65.2639	66.4516	67.5543	68.5402	69.4646	70.3754	71.2581	72.1333	73.0312	73.9137	74.8359	75.7708	76.7423
226	Equatorial Guinea	60.779	63.8633	65.2958	66.5517	67.6847	68.7083	69.6441	70.5453	71.4201	72.2767	73.1487	74.0412	74.9624	75.8862	76.8548	77.8302
266	Gabon	65.1441	68.052	69.265	70.299	71.267	72.2018	73.1131	74.0075	74.918	75.8693	76.8272	77.7985	78.8049	79.803	80.8027	81.7345
678	Sao Tome and Principe	66.7604	68.7967	69.8537	70.8303	71.7672	72.7106	73.663	74.6439	75.6358	76.6485	77.6955	78.7302	79.7697	80.7805	81.7545	82.6517
912	Northern Africa	69.9572	72.0572	73.1504	74.1633	75.1572	76.0882	77.0482	77.9642	78.7951	79.6175	80.4722	81.2588	82.0221	82.7883	83.4418	84.2042
12	Algeria	76.0977	78.8503	80.3728	81.7712	83.081	84.2874	85.3514	86.2905	87.1468	87.979	88.7698	89.5506	90.3218	91.0683	91.8042	92.5434
818	Egypt	69.5113	72.4662	73.8387	75.0963	76.3003	77.4772	78.6379	79.829	80.9723	82.0751	83.0839	84.0106	84.869	85.6785	86.4506	87.195
434	Libya	70.8805	73.0912	74.5848	75.9602	77.2906	78.5893	79.8656	81.0773	82.1795	83.1816	84.0961	84.9542	85.753	86.525	87.3075	88.081
504	Morocco	73.4923	76.0875	77.7149	79.2131	80.6249	81.9814	83.2073	84.2889	85.2765	86.1831	87.0343	87.8635	88.6747	89.4606	90.2351	91.0077
729	Sudan	64.3561	66.6354	67.753	68.717	69.6085	70.4602	71.3288	72.2319	73.1468	74.0751	75.0196	75.9952	77.0277	78.0392	79.0807	80.1254
788	Tunisia	73.1962	76.7175	78.4181	79.9852	81.3799	82.5829	83.6465	84.6474	85.5716	86.454	87.3229	88.151	88.9602	89.7512	90.5355	91.3185
732	Western Sahara	70.3179	72.5289	73.9894	75.3032	76.5372	77.7107	78.8542	79.9915	81.1054	82.1918	83.2118	84.1196	84.9468	85.7363	86.4538	87.1624
913	Southern Africa	61.1757	65.4636	66.7389	67.8903	68.7687	69.763	70.7193	71.6041	72.5626	73.5571	74.6553	75.5223	76.4834	77.4639	78.4592	79.4111
72	Botswana	63.5365	66.4876	67.7641	68.8601	69.8714	70.8192	71.7624	72.6993	73.6327	74.5739	75.5591	76.5364	77.5277	78.5434	79.5626	80.5377
748	Eswatini	56.0741	61.4011	63.1894	64.7398	66.1319	67.3875	68.5717	69.7049	70.8312	71.9652	73.0935	74.2192	75.3346	76.4555	77.575	78.6975
426	Lesotho	52.7062	55.8515	57.6056	59.1848	60.6471	61.9772	63.2074	64.3745	65.4802	66.5011	67.4691	68.3714	69.3	70.2166	71.133	72.0775
516	Namibia	58.3877	63.5418	65.1321	66.5234	67.7396	68.8819	69.9901	71.0944	72.1986	73.3007	74.4127	75.5194	76.656	77.8094	78.9143	79.9801
710	South Africa	61.8684	66.3573	67.6371	68.7595	69.7745	70.7696	71.754	72.7652	73.7898	74.8239	75.8917	76.9773	78.0816	79.1383	80.1882	81.1828
914	Western Africa	57.1546	59.6999	61.2158	62.4847	63.769	64.8343	65.9108	67.031	67.8417	68.7979	69.4841	70.1739	70.8847	71.5841	72.2595	73.0023
204	Benin	59.9669	63.1125	64.6035	65.9116	67.0463	68.0889	69.0469	69.9239	70.793	71.622	72.4419	73.2522	74.1122	74.9785	75.8506	76.763
854	Burkina Faso	59.4028	62.4382	64.0691	65.4736	66.7221	67.8362	68.8298	69.7763	70.68	71.5561	72.4399	73.34	74.2615	75.1722	76.1394	77.0992
132	Cabo Verde	71.9231	75.4611	77.2345	78.841	80.2069	81.3834	82.4299	83.4223	84.3543	85.2452	86.1107	86.9445	87.7596	88.5552	89.3621	90.1345
384	Côte d'Ivoire	59.3854	62.2809	63.8046	65.1149	66.2824	67.3246	68.2732	69.171	69.9952	70.7708	71.5409	72.3583	73.1697	73.9926	74.8431	75.6954
270	Gambia	63.0157	66.6154	68.2391	69.5892	70.7419	71.7846	72.7744	73.7281	74.6771	75.6426	76.5989	77.5683	78.5716	79.5665	80.5652	81.5299
288	Ghana	63.3765	66.5705	68.0337	69.2899	70.4206	71.4907	72.5074	73.5087	74.5321	75.5596	76.6034	77.6388	78.6731	79.7178	80.7472	81.7166
324	Guinea	59.3983	62.6685	64.1887	65.5118	66.7125	67.7911	68.7707	69.6829	70.5391	71.3723	72.2253	73.0487	73.9006	74.7396	75.6347	76.5456
624	Guinea-Bissau	59.3525	62.9839	64.6012	65.993	67.2436	68.345	69.3601	70.3484	71.2908	72.2034	73.1237	74.0512	75.0074	75.9655	76.9407	77.9436
430	Liberia	61.3006	64.3994	66.1906	67.7435	69.1027	70.2935	71.3955	72.4465	73.4429	74.4151	75.4129	76.3956	77.4061	78.4352	79.4307	80.4412
466	Mali	59.5111	62.972	64.6288	66.0435	67.2649	68.374	69.3847	70.2801	71.1213	71.9457	72.7733	73.61	74.4501	75.3032	76.1852	77.0779
478	Mauritania	64.5092	67.9274	69.4664	70.7694	71.9661	73.1254	74.2298	75.3285	76.4046	77.506	78.6011	79.7023	80.8142	81.8615	82.8202	83.7137
562	Niger	62.4731	66.2981	67.9623	69.3723	70.6126	71.7004	72.7071	73.6811	74.6402	75.5803	76.5487	77.5402	78.49	79.4702	80.4572	81.4251
566	Nigeria	54.4182	57.5213	59.4525	61.1896	62.7948	64.2833	65.6138	66.8366	67.9786	69.0036	69.9367	70.8341	71.6943	72.5469	73.42	74.3095
654	Saint Helena	75.1389	77.1456	78.5632	79.886	81.0872	82.1513	83.1077	84.0073	84.8794	85.7202	86.5234	87.3294	88.0979	88.8586	89.6231	90.3625
686	Senegal	67.0675	70.6923	72.5862	74.2822	75.8398	77.3121	78.733	80.0973	81.3926	82.5709	83.6128	84.5708	85.4518	86.3018	87.1151	87.8969
694	Sierra Leone	60.2967	63.0616	64.5884	65.9006	67.0796	68.1548	69.128	70.0167	70.8693	71.6993	72.5096	73.357	74.209	75.0773	75.9612	76.8951
768	Togo	62.1436	64.682	66.3799	67.8519	69.1482	70.3077	71.3873	72.377	73.3387	74.2824	75.2271	76.1991	77.2035	78.1924	79.1988	80.228
935	Asia	71.9135	74.239	75.4462	76.5222	77.5196	78.4058	79.244	80.1229	80.9063	81.6458	82.3081	82.97	83.6834	84.3673	85.0506	85.7746
5500	Central Asia	68.0925	70.2404	71.1492	72.0637	72.9486	73.9454	74.8326	75.7404	76.6908	77.605	78.458	79.4136	80.35	81.2607	82.1441	83.0403
398	Kazakhstan	67.2972	70.7034	71.9904	73.1952	74.3742	75.5314	76.7229	77.9043	79.061	80.1198	81.1184	82.0356	82.8926	83.6913	84.479	85.25
417	Kyrgyzstan	67.4296	70.5088	71.9056	73.2148	74.494	75.7511	77.0291	78.2508	79.4113	80.4938	81.4759	82.3957	83.2522	84.0767	84.866	85.6318
762	Tajikistan	69.7028	72.0564	73.2824	74.4212	75.5142	76.5903	77.6647	78.7562	79.8404	80.9182	81.9342	82.8867	83.7641	84.5953	85.3849	86.1518
795	Turkmenistan	66.8529	68.8152	70.0674	71.2254	72.3485	73.4692	74.5776	75.7052	76.8348	77.9606	79.0741	80.1625	81.1645	82.0852	82.9455	83.759
860	Uzbekistan	69.6785	71.7624	72.8978	73.9663	75.0208	76.0549	77.1145	78.1799	79.248	80.3099	81.3308	82.2977	83.1809	84.0158	84.7922	85.55
906	Eastern Asia	77.2724	79.2859	80.7096	82.0526	83.176	84.2082	85.0921	86.0738	86.9162	87.832	88.5861	89.4092	90.1228	90.9145	91.6454	92.5124
156	China	76.6162	78.9059	80.5495	81.9802	83.1986	84.2824	85.2894	86.2389	87.1424	88.01	88.8575	89.6852	90.5047	91.3025	92.081	92.8439
344	China, Hong Kong SAR	83.2097	85.0811	86.1774	87.1748	88.126	89.0306	89.9068	90.7669	91.6142	92.4194	93.2252	94.0223	94.803	95.605	96.3692	97.136
446	China, Macao SAR	83.4638	84.9853	86.0954	87.1116	88.0492	88.9477	89.8305	90.696	91.518	92.3414	93.152	93.9494	94.7178	95.4849	96.2636	97.0216
158	China, Taiwan Province of China	78.7664	80.7619	82.0568	83.1894	84.2272	85.1996	86.1375	87.0391	87.9103	88.7647	89.585	90.3926	91.1893	91.9776	92.7587	93.5302
408	Dem. People's Republic of Korea	71.8942	73.8065	75.1181	76.3402	77.5467	78.7438	79.9116	81.063	82.1511	83.1583	84.0786	84.9262	85.7397	86.5052	87.2729	88.0323
392	Japan	82.4698	83.999	85.1009	86.0921	87.0391	87.9444	88.8155	89.6436	90.4623	91.274	92.0658	92.8521	93.6311	94.3925	95.14	95.9166
496	Mongolia	68.7104	71.5211	73.4219	75.1599	76.8138	78.3572	79.7318	80.9052	81.9605	82.9384	83.8651	84.7638	85.6297	86.483	87.2936	88.1116
410	Republic of Korea	81.2684	82.9174	84.0089	84.9925	85.9256	86.8228	87.6843	88.5299	89.3454	90.1349	90.9312	91.6992	92.4662	93.2334	93.9935	94.7308
5501	Southern Asia	68.7767	72.3366	73.7342	75.0405	76.2037	77.3598	78.4856	79.5947	80.5525	81.4762	82.3057	83.0569	83.8913	84.5481	85.2314	85.9516
4	Afghanistan	61.5213	65.4221	67.2284	68.7141	70.0303	71.2302	72.3834	73.5268	74.6539	75.7442	76.85	77.9659	79.0644	80.1364	81.1738	82.1363
50	Bangladesh	72.1538	74.9701	76.7517	78.3519	79.8735	81.3119	82.6321	83.7879	84.8305	85.7722	86.6627	87.5086	88.3288	89.1404	89.9352	90.7227
64	Bhutan	71.4607	73.9594	75.6486	77.1428	78.5559	79.9215	81.2371	82.4929	83.6494	84.6759	85.6083	86.4695	87.2797	88.0837	88.8677	89.6064
356	India	69.393	73.6961	75.3695	76.8696	78.2637	79.6004	80.8735	82.1326	83.2959	84.3473	85.2956	86.1521	86.971	87.7745	88.5553	89.3121
364	Iran (Islamic Republic of)	73.635	77.1233	78.7835	80.3281	81.7257	82.9396	84.0256	85.0192	85.9438	86.8251	87.6875	88.5206	89.329	90.1354	90.9167	91.6997
462	Maldives	80.4955	82.9963	84.5565	85.8253	86.8689	87.8151	88.7008	89.5453	90.339	91.1137	91.878	92.6133	93.3285	94.0415	94.7274	95.3989
524	Nepal	69.1267	72.16	73.8798	75.3947	76.804	78.1538	79.4648	80.7365	81.9522	83.0927	84.1136	85.0559	85.9006	86.7096	87.4904	88.2481
586	Pakistan	65.4905	67.9667	69.1553	70.2004	71.1653	72.1279	73.0778	74.0509	75.0351	76.0507	77.0765	78.1385	79.2179	80.3076	81.3631	82.3434
144	Sri Lanka	73.7646	75.813	77.4233	78.9154	80.2659	81.4456	82.4881	83.4445	84.3591	85.222	86.0658	86.878	87.6774	88.4742	89.2713	90.037
920	South-Eastern Asia	69.6265	71.9937	73.0009	73.8989	74.855	75.7898	76.7281	77.61	78.4804	79.4329	80.2528	81.1064	81.9907	82.815	83.7077	84.4734
96	Brunei Darussalam	73.4542	75.2774	77.2715	78.4659	79.5835	80.7252	81.8333	82.8554	83.8039	84.663	85.4803	86.2452	86.9758	87.6994	88.4117	89.1116
116	Cambodia	69.074	72.1319	73.6078	74.9368	76.1966	77.4122	78.5886	79.7441	80.8713	81.9557	82.9521	83.865	84.668	85.4331	86.1787	86.8986
360	Indonesia	68.2878	71.6875	72.9088	74.026	75.0951	76.1469	77.2028	78.2721	79.3633	80.4415	81.5094	82.5204	83.4612	84.3194	85.1208	85.8837
418	Lao People's Democratic Republic	67.8854	70.4973	72.1629	73.6061	74.9404	76.1962	77.4158	78.608	79.7834	80.9241	82.0189	83.0075	83.9173	84.7367	85.5101	86.2251
458	Malaysia	74.5697	76.7949	78.226	79.5538	80.8297	82.0563	83.1543	84.1401	85.0503	85.9102	86.7215	87.516	88.2976	89.0775	89.8397	90.5891
104	Myanmar	64.9458	67.5996	69.1267	70.4893	71.7864	73.0238	74.2302	75.4304	76.627	77.8296	79.0274	80.1883	81.2463	82.2422	83.1417	83.9966
608	Philippines	70.6304	72.9028	74.0102	75.0508	76.0527	77.0666	78.099	79.1392	80.2097	81.2572	82.2676	83.206	84.1027	84.9332	85.7219	86.4889
702	Singapore	82.1365	84.2038	85.3092	86.3127	87.2522	88.1651	89.0406	89.8995	90.7252	91.5424	92.3611	93.1459	93.9352	94.7006	95.4637	96.2126
764	Thailand	76.0219	78.4075	79.8688	81.0865	82.1818	83.2111	84.1803	85.0941	85.9803	86.8507	87.6992	88.5218	89.3245	90.1319	90.9328	91.7253
626	Timor-Leste	68.2404	70.9258	72.484	73.8366	75.078	76.2686	77.4172	78.5701	79.7097	80.8254	81.931	82.9456	83.8744	84.7327	85.5088	86.2498
704	Viet Nam	70.864	72.8752	74.4477	75.9316	77.3536	78.6962	79.8707	80.9333	81.8954	82.8152	83.7015	84.5605	85.3846	86.2072	87.0146	87.8064
922	Western Asia	72.1404	74.5522	75.7075	76.84	77.881	78.8007	79.5952	80.3755	81.1075	81.7557	82.4274	83.1048	83.7829	84.4566	85.1817	85.8654
51	Armenia	69.5852	73.8606	75.4344	76.9106	78.2853	79.5033	80.5774	81.5535	82.4727	83.354	84.2033	85.0201	85.8392	86.6379	87.4175	88.1917
31	Azerbaijan	69.0444	73.3267	74.604	75.7985	76.9657	78.1127	79.2554	80.3931	81.459	82.4513	83.3578	84.2027	85.0116	85.7816	86.5484	87.2946
48	Bahrain	79.4819	82.1878	83.6017	84.833	85.8711	86.7877	87.6492	88.4741	89.2689	90.052	90.8194	91.5866	92.3273	93.0382	93.7437	94.4573
196	Cyprus	80.5568	82.6843	83.966	85.0539	86.0387	86.9671	87.8594	88.7142	89.5574	90.3801	91.1738	91.957	92.727	93.4715	94.2126	94.971
268	Georgia	68.4822	71.9696	73.5194	74.9681	76.3754	77.7165	78.9248	80.0111	81.0013	81.9151	82.7805	83.623	84.4511	85.2334	86.0287	86.8137
368	Iraq	69.8579	72.5485	73.6748	74.717	75.7166	76.7113	77.7246	78.7476	79.7878	80.8092	81.8301	82.8029	83.693	84.5251	85.3012	86.03
376	Israel	81.5308	83.7468	84.8617	85.8457	86.7784	87.6702	88.5222	89.3631	90.1596	90.9498	91.7207	92.4935	93.253	94.009	94.75	95.4848
400	Jordan	73.8096	77.1631	78.5739	79.9078	81.2004	82.3878	83.4724	84.4507	85.3524	86.2003	87.0072	87.7986	88.5788	89.3377	90.0934	90.84
414	Kuwait	78.657	81.6742	83.1333	84.3341	85.4096	86.4027	87.3339	88.2234	89.0751	89.9206	90.7231	91.5304	92.3201	93.0727	93.8249	94.5634
422	Lebanon	75.2512	80.2289	81.5477	82.7553	83.8366	84.7963	85.6805	86.5228	87.3305	88.1262	88.9048	89.6704	90.4303	91.1756	91.9124	92.6356
512	Oman	75.1519	80.1995	81.8068	83.2578	84.5124	85.5881	86.559	87.4704	88.3387	89.1938	89.9958	90.7876	91.5569	92.3306	93.0769	93.8064
634	Qatar	80.4847	83.2816	84.6352	85.7628	86.776	87.7131	88.6008	89.453	90.285	91.1019	91.8968	92.6694	93.4252	94.1749	94.9191	95.6502
682	Saudi Arabia	77.0471	79.5963	81.1219	82.5206	83.8092	84.9578	85.9596	86.8631	87.7263	88.5597	89.3775	90.1621	90.938	91.6846	92.4202	93.1542
275	State of Palestine	72.9428	76.525	77.9503	79.2844	80.5621	81.8023	82.9464	83.9712	84.9065	85.7749	86.6046	87.3989	88.19	88.9704	89.7095	90.4523
760	Syrian Arab Republic	69.8225	71.6405	73.0316	74.3373	75.6205	76.863	78.1031	79.2942	80.4349	81.4789	82.4364	83.3077	84.1321	84.9337	85.6925	86.4372
792	Türkiye	75.2871	78.3571	80.0385	81.4743	82.6973	83.7872	84.7896	85.7372	86.6413	87.5123	88.3543	89.1914	89.9995	90.7911	91.5797	92.3469
784	United Arab Emirates	78.8588	81.6146	83.1198	84.3676	85.4717	86.4678	87.4065	88.3027	89.17	89.9925	90.789	91.575	92.3482	93.1186	93.862	94.6107
887	Yemen	62.4835	66.0184	67.5716	68.9189	70.1585	71.3541	72.5054	73.6537	74.8058	75.9482	77.0975	78.271	79.4311	80.5446	81.5597	82.5169
908	Europe	75.2804	77.9902	79.0583	80.0534	80.9913	81.8776	82.6722	83.494	84.3245	85.0507	85.7504	86.4462	87.1289	87.7872	88.3971	89.0318
923	Eastern Europe	69.2346	73.0203	74.3294	75.553	76.7419	77.8876	78.9271	79.8942	80.8439	81.7412	82.5192	83.321	84.1307	84.8248	85.3674	86.0949
112	Belarus	69.2957	72.6114	74.2715	75.8314	77.2727	78.5587	79.6971	80.7036	81.6544	82.5535	83.4116	84.2476	85.0673	85.8537	86.6451	87.4173
100	Bulgaria	70.58	75.0134	76.4794	77.8591	79.1865	80.4172	81.514	82.5029	83.4206	84.2922	85.1236	85.9118	86.7046	87.4755	88.2467	89.0025
203	Czechia	76.6468	79.5106	80.9317	82.137	83.184	84.1325	85.0248	85.9064	86.7504	87.5715	88.3825	89.1829	89.9625	90.7522	91.5222	92.2843
348	Hungary	73.3493	76.3955	77.8842	79.2764	80.5622	81.7081	82.7557	83.6977	84.6027	85.4594	86.2989	87.1174	87.9194	88.717	89.5226	90.2978
616	Poland	74.5353	77.4941	79.0501	80.3675	81.4879	82.4907	83.4392	84.3387	85.1855	86.0218	86.8319	87.6264	88.4114	89.191	89.9499	90.6903
498	Republic of Moldova	66.2593	69.6692	71.051	72.3447	73.6032	74.8595	76.1065	77.333	78.5112	79.6292	80.6258	81.5428	82.3968	83.21	84.0181	84.7852
642	Romania	72.4593	76.2169	77.7234	79.1395	80.4274	81.5659	82.5897	83.531	84.4336	85.2942	86.142	86.9669	87.7674	88.5893	89.3932	90.1998
643	Russian Federation	67.6822	72.2604	73.8149	75.2819	76.6696	77.9865	79.1602	80.2007	81.1667	82.0716	82.9185	83.73	84.5172	85.323	86.0951	86.8642
703	Slovakia	74.255	77.6579	79.1988	80.5717	81.7382	82.7837	83.7499	84.6493	85.5116	86.333	87.1534	87.9621	88.7486	89.5241	90.2822	91.0466
804	Ukraine	67.8952	72.7378	74.3359	75.8339	77.2481	78.5131	79.6093	80.6041	81.5398	82.4331	83.2889	84.1205	84.9363	85.7241	86.5125	87.2836
924	Northern Europe	80.0086	82.061	83.1495	84.0923	84.9671	85.8766	86.7012	87.493	88.2864	88.9995	89.7638	90.5261	91.2475	91.9771	92.6144	93.2799
208	Denmark	80.5885	82.5167	83.7528	84.802	85.7559	86.6681	87.5459	88.3889	89.2224	90.0403	90.8356	91.6108	92.3918	93.1507	93.9018	94.6407
233	Estonia	75.1971	77.8133	79.3007	80.511	81.5845	82.5667	83.4964	84.4035	85.2603	86.0998	86.9275	87.7278	88.5227	89.3169	90.1038	90.8831
234	Faroe Islands	78.4105	80.1023	81.5253	82.8496	84.0229	85.06	86.0156	86.9056	87.7723	88.609	89.424	90.2145	91.0039	91.7711	92.5377	93.2859
246	Finland	80.3265	82.2227	83.4035	84.4521	85.4322	86.3429	87.2395	88.1125	88.9603	89.7873	90.6014	91.3947	92.176	92.9434	93.716	94.4761
831	Guernsey	81.6548	83.6005	84.7603	85.7553	86.6873	87.58	88.4316	89.2629	90.0603	90.841	91.6244	92.3772	93.1333	93.8728	94.616	95.3478
352	Iceland	82.0756	83.8315	84.9812	86.0009	86.92	87.8147	88.6831	89.5074	90.3186	91.1125	91.8943	92.663	93.4139	94.1646	94.9129	95.6647
372	Ireland	81.6212	83.5183	84.7087	85.7493	86.7065	87.6128	88.4921	89.3293	90.1564	90.9575	91.7604	92.529	93.3075	94.0596	94.7965	95.5466
833	Isle of Man	79.7672	81.9623	83.286	84.3909	85.3832	86.3035	87.1844	88.0252	88.8471	89.6541	90.4513	91.2351	91.9836	92.7504	93.4817	94.2157
832	Jersey	79.508	81.7169	83.0378	84.1551	85.182	86.1432	87.0489	87.9393	88.8085	89.6554	90.4915	91.2909	92.0835	92.8798	93.6566	94.4067
428	Latvia	71.8118	74.2941	75.7705	77.1503	78.4571	79.6386	80.6809	81.6336	82.5289	83.3731	84.2037	85.0155	85.8149	86.5909	87.3554	88.0987
440	Lithuania	71.3852	75.0092	76.5818	78.0376	79.3141	80.4243	81.4227	82.3638	83.2465	84.1057	84.9484	85.7546	86.5591	87.3446	88.1199	88.8726
578	Norway	82.3988	84.064	85.1937	86.2043	87.1442	88.0373	88.8875	89.7277	90.5297	91.3333	92.1178	92.9053	93.6769	94.4266	95.1897	95.9278
752	Sweden	82.2281	84.2301	85.3604	86.3739	87.3074	88.2057	89.0796	89.9168	90.7188	91.5206	92.3083	93.0806	93.8454	94.6011	95.3316	96.0713
826	United Kingdom	80.4875	82.9726	84.1875	85.2317	86.1952	87.1039	87.9777	88.8259	89.6437	90.4442	91.232	91.9957	92.7558	93.5154	94.2599	94.9992
925	Southern Europe	79.9102	81.9738	82.9724	83.9036	84.8162	85.6718	86.4626	87.1827	87.9294	88.5631	89.3027	90.053	90.7644	91.4061	92.1237	92.7946
8	Albania	76.1759	80.633	82.1723	83.458	84.5622	85.5608	86.5129	87.4169	88.2816	89.1195	89.9284	90.7326	91.5269	92.283	93.0506	93.8098
20	Andorra	80.1753	83.6531	84.7927	85.8131	86.7644	87.6605	88.5228	89.3724	90.1927	90.9924	91.7765	92.5318	93.2847	94.0453	94.7761	95.5044
70	Bosnia and Herzegovina	74.8582	78.4526	79.8501	81.1617	82.396	83.5193	84.5234	85.4348	86.3015	87.1187	87.9176	88.7061	89.4692	90.2418	90.9826	91.7313
191	Croatia	76.5416	79.1859	80.6905	81.9792	83.0841	84.0744	85.0128	85.9047	86.7589	87.6015	88.421	89.2194	90.0113	90.7855	91.5395	92.2932
292	Gibraltar	80.8528	83.4916	84.7214	85.8011	86.8011	87.7585	88.6776	89.5638	90.4197	91.2635	92.0899	92.9034	93.6841	94.473	95.2419	96.0092
300	Greece	79.292	81.9891	83.2663	84.3663	85.373	86.323	87.2299	88.1011	88.9358	89.7528	90.5532	91.3257	92.1185	92.901	93.6713	94.4325
380	Italy	82.0026	84.2194	85.3536	86.3749	87.3374	88.2504	89.1405	89.995	90.8363	91.6397	92.4488	93.238	94.0102	94.7743	95.5348	96.2886
412	Kosovo (under UNSC res. 1244)	76.7952	79.9229	81.3567	82.6375	83.7378	84.7263	85.6398	86.5125	87.3708	88.1995	89.0053	89.7968	90.5831	91.3525	92.1037	92.8569
470	Malta	82.1091	83.8629	84.9913	86.0055	86.9534	87.8634	88.7509	89.6098	90.4333	91.2318	92.0248	92.8261	93.5888	94.3672	95.1292	95.8794
499	Montenegro	74.5682	77.2383	78.7445	80.1379	81.3992	82.4904	83.4775	84.3825	85.2685	86.1193	86.9339	87.7203	88.5049	89.274	90.0237	90.7768
807	North Macedonia	73.8718	78.386	79.8094	81.1425	82.3903	83.5133	84.5165	85.4448	86.3007	87.1213	87.9147	88.6972	89.4671	90.2164	90.9717	91.7155
620	Portugal	79.5125	81.7798	83.0053	84.0762	85.0709	86.0148	86.9245	87.8002	88.6625	89.5119	90.3252	91.1343	91.9332	92.7057	93.4742	94.2315
674	San Marino	81.045	84.4236	85.5461	86.5502	87.4703	88.3468	89.1926	90.0206	90.8232	91.6062	92.3771	93.1447	93.8958	94.6283	95.3611	96.0797
688	Serbia	73.0781	76.9396	78.4193	79.802	81.0872	82.2288	83.2592	84.2104	85.1048	85.9979	86.8393	87.6714	88.495	89.2931	90.0844	90.8703
705	Slovenia	79.6332	82.1965	83.4403	84.5385	85.5436	86.4978	87.4094	88.2945	89.1491	89.9751	90.807	91.6148	92.3995	93.1579	93.937	94.7143
724	Spain	81.4041	83.4277	84.5364	85.5418	86.4947	87.3998	88.2706	89.1297	89.9492	90.7597	91.561	92.3437	93.129	93.911	94.6507	95.4051
926	Western Europe	80.0442	81.941	82.9681	83.8171	84.5984	85.3287	86.1334	86.8875	87.637	88.3867	89.0212	89.7231	90.3971	91.0184	91.6966	92.4447
40	Austria	80.5024	82.6658	83.8799	84.9517	85.9463	86.8873	87.7714	88.6435	89.4831	90.3021	91.1081	91.9146	92.6962	93.4664	94.2167	94.9711
56	Belgium	80.4856	82.6759	83.8708	84.9198	85.8847	86.8059	87.6805	88.5341	89.3593	90.1838	91.0004	91.7724	92.5437	93.2995	94.0553	94.806
250	France	80.6252	82.5337	83.6372	84.644	85.5974	86.4985	87.359	88.2084	89.0584	89.8555	90.647	91.4385	92.2296	93.0046	93.7686	94.519
276	Germany	79.7182	82.229	83.4354	84.489	85.4499	86.3728	87.2496	88.1037	88.9346	89.7574	90.5685	91.3658	92.1453	92.9166	93.6659	94.4166
438	Liechtenstein	82.9128	85.2793	86.368	87.3676	88.3161	89.2304	90.1024	90.9569	91.7932	92.6089	93.4054	94.1972	94.9945	95.7769	96.5498	97.3028
442	Luxembourg	80.9865	82.874	84.0228	85.0432	85.984	86.8786	87.7553	88.5996	89.4196	90.2281	91.0234	91.8111	92.5839	93.3608	94.1193	94.859
492	Monaco	85.5647	87.1968	88.2361	89.1892	90.0781	90.9359	91.7654	92.5682	93.3737	94.1578	94.941	95.6778	96.4324	97.1645	97.9124	98.6438
528	Netherlands	81.3307	83.4208	84.589	85.608	86.5382	87.4188	88.2619	89.0921	89.8998	90.6798	91.4567	92.216	92.9739	93.71	94.4504	95.1811
756	Switzerland	82.7959	84.6856	85.7932	86.8033	87.7486	88.6383	89.4927	90.3332	91.1648	91.991	92.7809	93.548	94.3069	95.0748	95.8379	96.5791
904	Latin America and the Caribbean	71.3042	74.3776	75.642	76.8023	77.9155	78.9924	80.0141	80.9385	81.8192	82.611	83.4285	84.0994	84.819	85.4919	86.169	86.857
915	Caribbean	69.9806	72.3157	73.5888	74.6687	75.6326	76.658	77.5731	78.4084	79.2611	80.0568	80.8247	81.6872	82.4209	83.1978	83.9993	84.7008
660	Anguilla	74.7181	77.0318	78.6251	80.0735	81.3125	82.3965	83.3822	84.3196	85.2098	86.0734	86.9079	87.7227	88.5211	89.3241	90.107	90.8663
28	Antigua and Barbuda	77.1352	79.3131	80.8498	82.1839	83.3307	84.3601	85.3017	86.1931	87.0608	87.905	88.7244	89.5329	90.3166	91.1102	91.8784	92.6358
533	Aruba	73.7729	76.5893	78.0218	79.3713	80.6599	81.829	82.8765	83.837	84.725	85.5653	86.384	87.1876	87.9699	88.7442	89.5029	90.2578
44	Bahamas	70.9366	73.6635	75.0078	76.291	77.5205	78.7376	79.9003	80.9987	81.9815	82.8733	83.7125	84.5378	85.3137	86.0871	86.8547	87.6097
52	Barbados	76.5098	78.4158	79.7803	81.0619	82.2862	83.4063	84.4011	85.3144	86.1662	86.9899	87.7908	88.5716	89.3359	90.0953	90.8331	91.5798
535	Bonaire, Sint Eustatius and Saba	74.7628	77.4481	78.8299	80.1037	81.3408	82.4621	83.4807	84.393	85.244	86.0736	86.8582	87.6291	88.4012	89.1461	89.8872	90.64
92	British Virgin Islands	74.067	76.4609	77.913	79.2713	80.5698	81.7858	82.8694	83.8603	84.7695	85.6196	86.4384	87.2364	88.0178	88.7819	89.5423	90.2948
136	Cayman Islands	73.9958	76.092	77.5024	78.8044	80.0709	81.3056	82.4409	83.4752	84.4206	85.2904	86.1189	86.9125	87.6994	88.4633	89.2293	89.9707
192	Cuba	75.6016	78.5937	80.0724	81.4432	82.6714	83.7408	84.7061	85.612	86.4733	87.3067	88.1161	88.9238	89.6889	90.4476	91.2016	91.96
531	Curaçao	73.2471	75.5481	77.0642	78.4798	79.7833	80.9397	81.9719	82.9197	83.8203	84.6744	85.5094	86.3228	87.1217	87.9265	88.7059	89.4842
212	Dominica	71.2863	73.6683	75.0877	76.4329	77.7399	79.0146	80.25	81.3847	82.4129	83.3574	84.2342	85.0916	85.9212	86.713	87.4955	88.2845
214	Dominican Republic	71.3576	74.1062	75.6789	77.1462	78.5673	79.9212	81.1754	82.2886	83.2837	84.2189	85.0949	85.9263	86.7393	87.5289	88.3181	89.0962
308	Grenada	73.3704	75.4118	76.8153	78.1248	79.3999	80.6213	81.7737	82.8018	83.7397	84.6322	85.4676	86.2696	87.0504	87.8199	88.5994	89.3633
312	Guadeloupe	79.0994	81.7127	82.8008	83.7847	84.7107	85.5939	86.4516	87.2848	88.0931	88.8823	89.6599	90.417	91.1861	91.9495	92.6974	93.4211
332	Haiti	62.4401	65.6258	67.3143	68.7245	70.0054	71.2103	72.3821	73.5364	74.6824	75.8279	76.9772	78.1117	79.251	80.3283	81.3397	82.2724
388	Jamaica	70.3893	72.8673	74.1275	75.2895	76.4138	77.5319	78.6379	79.7331	80.8356	81.8818	82.848	83.7516	84.5954	85.3773	86.1349	86.8767
474	Martinique	80.3526	82.4567	83.5633	84.5619	85.498	86.3861	87.2428	88.0727	88.8753	89.6767	90.449	91.2143	91.9762	92.7199	93.4587	94.2006
500	Montserrat	75.2996	77.2662	78.5521	79.7469	80.8859	82.0028	83.0874	84.084	84.9982	85.8306	86.6044	87.3577	88.0957	88.8096	89.528	90.243
630	Puerto Rico	76.0758	78.4162	79.805	80.9757	82.0282	83.0119	83.942	84.8454	85.702	86.5374	87.3464	88.1576	88.9501	89.7292	90.4916	91.2579
652	Saint Barthélemy	78.2451	80.4148	81.8163	82.9974	84.0623	85.0618	86.0081	86.9054	87.7784	88.6118	89.442	90.2589	91.0411	91.8476	92.6268	93.3741
659	Saint Kitts and Nevis	69.5339	71.5924	72.9691	74.255	75.5089	76.7306	77.9487	79.142	80.2732	81.3371	82.3014	83.1994	84.0287	84.8252	85.596	86.3544
662	Saint Lucia	70.3807	73.4741	74.9207	76.2694	77.5773	78.8698	80.107	81.2434	82.265	83.2009	84.0817	84.9217	85.7313	86.5037	87.2724	88.0434
663	Saint Martin (French part)	78.1681	80.2285	81.5681	82.7014	83.7223	84.681	85.5942	86.4658	87.3098	88.1314	88.9475	89.7512	90.5446	91.3131	92.0757	92.8355
670	Saint Vincent and the Grenadines	69.5739	73.9775	75.3774	76.6613	77.9012	79.1136	80.3027	81.4488	82.4916	83.4426	84.331	85.1666	85.9566	86.6997	87.461	88.1885
534	Sint Maarten (Dutch part)	73.1534	75.7094	77.084	78.3633	79.5922	80.7632	81.8352	82.8046	83.6999	84.5484	85.3605	86.1455	86.9126	87.6666	88.4206	89.1551
780	Trinidad and Tobago	71.8618	74.1992	75.6611	77.038	78.3592	79.6372	80.8247	81.8927	82.856	83.7634	84.6082	85.4397	86.2502	87.0223	87.8019	88.556
796	Turks and Caicos Islands	73.4391	76.0363	77.5402	78.9303	80.2632	81.5017	82.6105	83.6198	84.5446	85.4202	86.2503	87.0741	87.8752	88.6297	89.3839	90.142
850	United States Virgin Islands	70.8604	73.4885	75.2209	76.7556	78.0493	79.181	80.2008	81.1633	82.0868	82.969	83.8313	84.6897	85.5214	86.3396	87.1533	87.926
916	Central America	70.2899	74.131	75.5319	76.7948	77.9567	79.1647	80.3428	81.4568	82.3663	83.2635	84.0325	84.799	85.6242	86.3247	87.0151	87.643
84	Belize	70.5096	74.4509	75.8911	77.27	78.5914	79.8786	81.0913	82.1961	83.1909	84.1196	84.9962	85.8373	86.6533	87.4494	88.2348	89.0202
188	Costa Rica	77.1349	80.5694	82.1266	83.3937	84.4989	85.5162	86.4561	87.364	88.2394	89.0932	89.9182	90.726	91.5053	92.2802	93.0506	93.8034
222	El Salvador	68.3502	71.8155	73.4534	74.9614	76.4113	77.7964	79.1065	80.2785	81.3217	82.2734	83.1647	84.0069	84.8086	85.591	86.356	87.1024
320	Guatemala	68.685	73.9228	75.3636	76.6802	77.943	79.1982	80.4249	81.5741	82.6408	83.5934	84.4642	85.2841	86.0585	86.807	87.5374	88.2486
340	Honduras	70.5042	73.8082	75.138	76.3825	77.6042	78.7986	79.9799	81.1269	82.2168	83.2113	84.1349	84.9758	85.7783	86.5412	87.2944	88.0347
484	Mexico	70.4003	74.6086	76.2008	77.676	79.0788	80.4163	81.6221	82.7041	83.6654	84.5773	85.4465	86.2686	87.0804	87.8742	88.6619	89.4222
558	Nicaragua	71.8805	74.637	76.1559	77.5592	78.8897	80.1928	81.4082	82.5002	83.4799	84.3877	85.2204	86.0293	86.7953	87.5425	88.279	89.0029
591	Panama	75.125	78.3087	79.8872	81.2844	82.4631	83.5232	84.5028	85.4253	86.3015	87.1638	87.9977	88.8049	89.6154	90.4044	91.1637	91.9292
931	South America	72.0573	75.2491	76.5315	77.8218	78.9865	80.1318	81.1968	82.1059	82.9283	83.7336	84.4884	85.1536	85.8793	86.5386	87.2769	87.9871
32	Argentina	74.1732	77.2528	78.7982	80.1995	81.4126	82.4774	83.456	84.3772	85.2603	86.0904	86.9075	87.7261	88.5161	89.2994	90.0672	90.8292
68	Bolivia (Plurinational State of)	64.5529	69.3253	70.8272	72.1664	73.4267	74.625	75.7921	76.9279	78.0672	79.2239	80.3373	81.4015	82.3823	83.2834	84.1196	84.9001
76	Brazil	72.2138	75.8948	77.5258	79.0224	80.4385	81.7224	82.8426	83.8551	84.7775	85.6689	86.5359	87.3633	88.1724	88.972	89.7598	90.541
152	Chile	78.3612	81.4577	82.9193	84.1297	85.2048	86.2103	87.1608	88.0614	88.9415	89.7826	90.6011	91.4015	92.1996	92.9723	93.7408	94.5039
170	Colombia	72.9555	77.3149	78.8858	80.3367	81.6471	82.7968	83.8307	84.7845	85.6822	86.5468	87.3834	88.2017	89.0071	89.8046	90.5784	91.3573
218	Ecuador	73.94	78.196	79.7402	81.1475	82.3976	83.4952	84.4749	85.377	86.2333	87.0572	87.856	88.6312	89.3849	90.1373	90.8737	91.5879
238	Falkland Islands (Malvinas)	77.8585	80.2761	81.8032	83.1404	84.2896	85.29	86.2015	87.0535	87.872	88.6882	89.4721	90.2186	90.9672	91.7016	92.4217	93.1294
254	French Guiana	75.0596	77.6123	79.1333	80.5426	81.8215	82.947	83.9639	84.8893	85.7637	86.6293	87.4532	88.2488	89.0466	89.8382	90.6179	91.39
328	Guyana	65.6434	69.2096	70.5297	71.7615	72.9426	74.1118	75.2574	76.4228	77.5949	78.7665	79.8845	80.9217	81.8778	82.7704	83.6092	84.393
600	Paraguay	70.5998	73.9938	75.2484	76.4122	77.5383	78.6745	79.8027	80.9061	81.9267	82.8754	83.7447	84.5714	85.3666	86.138	86.8947	87.6407
604	Peru	73.2329	77.4303	78.9246	80.3164	81.6297	82.8139	83.8663	84.8107	85.6755	86.5061	87.2971	88.0728	88.83	89.5576	90.2783	90.9937
740	Suriname	69.4551	72.1469	73.4878	74.7453	75.9565	77.1659	78.358	79.5257	80.6393	81.6742	82.6149	83.492	84.3076	85.0923	85.8657	86.6171
858	Uruguay	74.6098	76.9446	78.4722	79.8124	80.9849	82.0285	82.9763	83.874	84.7384	85.5739	86.4042	87.2148	88.0132	88.7969	89.552	90.3227
862	Venezuela (Bolivarian Republic of)	68.4175	71.6056	73.1457	74.5765	75.951	77.3075	78.6158	79.8268	80.9117	81.8956	82.8009	83.6598	84.4816	85.2902	86.081	86.8588
905	Northern America	76.8132	79.9827	81.3314	82.4742	83.4969	84.4248	85.3458	86.218	86.9299	87.798	88.6467	89.3486	90.023	90.8211	91.6	92.2589
60	Bermuda	78.5985	80.9941	82.2251	83.3007	84.2871	85.2162	86.1212	86.9884	87.8369	88.656	89.4651	90.2763	91.0746	91.842	92.6056	93.3678
124	Canada	81.4268	83.312	84.5044	85.5442	86.5117	87.4319	88.3123	89.1669	89.9997	90.8046	91.6049	92.4062	93.1693	93.9371	94.6834	95.4208
304	Greenland	70.9969	72.9041	74.1878	75.3752	76.5358	77.6589	78.7964	79.9418	81.0376	82.077	83.0152	83.8872	84.718	85.513	86.2726	86.9956
666	Saint Pierre and Miquelon	74.6525	76.7997	78.3277	79.6726	80.836	81.8795	82.8185	83.7197	84.5917	85.4282	86.247	87.0377	87.8269	88.6059	89.3667	90.1272
840	United States of America	76.5067	79.7655	81.1702	82.3866	83.4407	84.3982	85.3123	86.188	87.0343	87.8508	88.6576	89.4456	90.2208	90.995	91.7402	92.4866
909	Oceania	77.683	78.7769	79.6701	80.519	81.1295	81.8396	82.5266	83.1153	83.7622	84.416	85.1671	85.9295	86.4952	87.2155	87.9357	88.5583
927	Australia/New Zealand	82.6398	83.647	84.713	85.7724	86.5637	87.5395	88.4315	89.1807	89.9536	90.7766	91.6192	92.3099	93.0865	93.8198	94.5241	95.2144
36	Australia	82.9484	83.9562	85.0733	86.0774	87.0134	87.9134	88.7847	89.6338	90.4626	91.2788	92.0647	92.8551	93.6338	94.4001	95.1553	95.899
554	New Zealand	81.8214	83.6426	84.7889	85.7938	86.7485	87.6539	88.5254	89.3607	90.189	91.0001	91.7754	92.5485	93.3156	94.0691	94.805	95.5421
928	Melanesia	65.2638	67.1773	68.3471	69.2903	70.1702	71.1372	72.2417	73.1615	73.8392	74.8146	75.6752	76.7601	77.7477	78.8963	79.9523	80.8174
242	Fiji	67.279	69.372	70.4702	71.4177	72.3101	73.1954	74.0833	74.9826	75.8946	76.8275	77.7772	78.7546	79.7439	80.7235	81.6667	82.5589
540	New Caledonia	77.8477	80.1123	81.3679	82.4561	83.4501	84.3834	85.27	86.1378	86.979	87.778	88.5719	89.3555	90.1339	90.888	91.6505	92.3924
598	Papua New Guinea	64.4452	66.5295	67.8281	68.9438	69.9984	70.997	71.9762	72.9855	73.9944	75.0361	76.0669	77.1384	78.2036	79.2838	80.3298	81.3098
90	Solomon Islands	70.1792	72.0382	73.086	74.0288	74.9397	75.8333	76.7425	77.6729	78.6292	79.6029	80.583	81.5677	82.53	83.4278	84.2623	85.0464
548	Vanuatu	69.4494	71.3515	72.7021	73.9398	75.1011	76.2447	77.4037	78.5288	79.6556	80.7775	81.842	82.8369	83.7512	84.5868	85.3931	86.1432
954	Micronesia	70.0099	71.8576	72.9096	73.794	74.698	75.4617	76.2072	76.9483	77.7804	78.6182	79.3776	80.1546	80.9407	81.6817	82.4971	83.2412
316	Guam	74.8166	77.7477	79.3726	80.7345	81.8916	82.932	83.903	84.8277	85.7194	86.5893	87.4341	88.2585	89.0547	89.8508	90.6258	91.4094
296	Kiribati	66.7575	68.8797	70.1552	71.2575	72.2758	73.2826	74.265	75.2638	76.2642	77.2796	78.327	79.3554	80.4209	81.4491	82.4235	83.3186
584	Marshall Islands	64.6626	66.5524	67.7078	68.6822	69.5749	70.4011	71.2028	72.0033	72.8224	73.6673	74.5476	75.4545	76.3652	77.2945	78.2495	79.2347
583	Micronesia (Fed. States of)	68.447	70.9756	72.3895	73.6947	74.9615	76.2085	77.4433	78.6645	79.85	80.941	81.9345	82.8431	83.6965	84.5189	85.2947	86.0609
520	Nauru	61.5151	63.7396	65.1014	66.2684	67.3405	68.3575	69.368	70.373	71.3919	72.4501	73.5015	74.5831	75.6813	76.7941	77.9076	79.0103
580	Northern Mariana Islands	76.6243	78.5329	79.8271	81.0493	82.2294	83.3222	84.3136	85.2316	86.0851	86.8864	87.6667	88.4493	89.2177	89.972	90.7127	91.4276
585	Palau	63.3282	65.4166	66.791	67.9817	69.0907	70.2022	71.2848	72.3681	73.4461	74.5624	75.6832	76.8285	77.9841	79.1004	80.1727	81.1439
957	Polynesia	74.803	76.7023	77.7883	78.789	79.7507	80.6735	81.5317	82.3862	83.2241	84.0208	84.8321	85.4321	86.0563	86.713	87.2544	87.9066
16	American Samoa	70.7595	72.7763	74.0179	75.1734	76.2853	77.3963	78.5045	79.6053	80.6913	81.7135	82.6588	83.5269	84.3525	85.1321	85.8881	86.6292
184	Cook Islands	72.181	74.4028	75.9644	77.4206	78.8151	80.113	81.2938	82.3349	83.286	84.1652	85.0195	85.8375	86.6509	87.4274	88.1942	88.9616
258	French Polynesia	80.77	83.5225	84.6171	85.603	86.5192	87.4139	88.2683	89.0862	89.898	90.693	91.4586	92.2353	93.0094	93.7505	94.4932	95.2324
570	Niue	70.3079	72.2505	73.3923	74.4344	75.4348	76.4047	77.3962	78.3903	79.3874	80.4134	81.438	82.3986	83.3065	84.1547	84.9398	85.7031
882	Samoa	71.2348	73.0424	74.3682	75.5942	76.7761	77.9357	79.0909	80.2491	81.3726	82.4161	83.3677	84.2347	85.0762	85.8637	86.6449	87.3918
772	Tokelau	75.3546	77.0222	78.1154	79.1368	80.1352	81.1174	82.1062	83.0802	84.0194	84.8861	85.6836	86.4318	87.1495	87.8643	88.5615	89.253
776	Tonga	69.5101	71.3692	72.565	73.661	74.7485	75.8154	76.8855	77.9553	79.0445	80.1256	81.1574	82.1286	83.0258	83.8504	84.638	85.39
798	Tuvalu	62.1219	64.3962	65.8079	67.0286	68.1573	69.2641	70.3455	71.4238	72.5075	73.6107	74.7272	75.8544	77.0067	78.1301	79.2185	80.271
876	Wallis and Futuna Islands	79.2402	81.6661	82.9634	84.1547	85.2076	86.1167	86.9383	87.7047	88.4627	89.2025	89.9238	90.6297	91.3197	92.0039	92.6964	93.3608
