country_code	name	2020-2025	2025-2030	2030-2035	2035-2040	2040-2045	2045-2050	2050-2055	2055-2060	2060-2065	2065-2070	2070-2075	2075-2080	2080-2085	2085-2090	2090-2095	2095-2100
900	World	69.3468	70.4521	70.8957	71.4355	72.061	72.4836	72.9704	73.378	73.8281	74.2807	74.657	75.1591	75.538	75.8515	76.3512	76.706
1834	Sub-Saharan Africa	58.0553	58.8227	59.2081	59.6578	60.1485	60.6391	61.3058	61.9228	62.4694	63.0616	63.5875	64.0931	64.7202	65.3033	65.9238	66.478
1833	Northern Africa and Western Asia	70.1072	71.0586	71.5311	72.1842	72.7929	73.3855	73.8786	74.3079	74.717	75.197	75.5929	75.9519	76.2666	76.8715	77.3457	77.6306
1831	Central and Southern Asia	66.8802	67.8542	68.0459	68.3525	68.7964	69.3226	69.7935	70.2382	70.9705	71.397	72.1628	72.7166	73.203	73.8727	74.3928	74.9247
1832	Eastern and South-Eastern Asia	73.5549	73.5589	73.8664	74.2242	74.733	75.3018	75.8665	76.3881	76.842	77.4173	78.0114	78.5399	78.9847	79.3981	79.9623	80.4493
1830	Latin America and the Caribbean	70.3554	72.1379	72.7177	73.3958	74.1572	74.8603	75.6827	76.4209	77.2488	77.966	78.6578	79.403	80.1538	80.8016	81.4802	82.1343
1835	Oceania (excluding Australia and New Zealand)	63.6179	62.2861	62.0424	61.9875	62.1638	62.112	62.1542	62.3268	62.442	62.6531	62.8592	63.2622	63.6034	63.6781	64.2812	64.4525
1836	Australia/New Zealand	81.5364	80.9285	81.105	81.2929	81.4107	81.648	81.911	82.1809	82.4055	82.7498	83.0862	83.3345	83.5599	83.7503	84.1981	84.3868
1829	Europe and Northern America	75.034	76.7525	77.3413	77.9869	78.6273	79.1746	79.7435	80.2527	80.758	81.3866	82.0056	82.6022	83.1469	83.6201	84.1507	84.6107
901	More developed regions	75.8348	77.3992	77.977	78.5881	79.2006	79.7187	80.3286	80.8314	81.3142	81.9262	82.5327	83.1774	83.7002	84.1831	84.6962	85.1641
902	Less developed regions	68.0235	69.0025	69.4821	70.0266	70.6777	71.1512	71.6609	72.0661	72.5647	72.9984	73.3793	73.8545	74.286	74.6304	75.0921	75.4705
941	Least developed countries	62.2259	63.1874	63.6611	64.1862	64.6989	65.28	65.7145	66.1724	66.6582	67.0529	67.5056	67.9056	68.3965	68.7752	69.2644	69.7013
934	Less developed regions, excluding least developed countries	69.1794	70.1195	70.5266	71.0771	71.7348	72.2049	72.6937	73.1268	73.6174	73.9881	74.4966	74.9124	75.288	75.6987	76.2255	76.5925
948	Less developed regions, excluding China	66.0893	67.4015	67.8441	68.3212	68.9019	69.3722	69.9053	70.4064	70.9376	71.4638	71.9968	72.4856	72.9638	73.4272	73.92	74.317
1636	Land-locked Developing Countries (LLDC)	61.5011	62.5115	63.0068	63.4264	63.8494	64.2767	64.7634	65.2139	65.7762	66.2319	66.7206	67.1317	67.714	68.194	68.7274	69.2673
1637	Small Island Developing States (SIDS)	68.9317	69.5202	69.9085	70.2252	70.5784	70.9048	71.2092	71.5087	71.8213	72.142	72.4633	72.7601	73.1041	73.366	73.6933	73.9992
1503	High-income countries	78.1845	79.251	79.7815	80.283	80.8134	81.3263	81.7702	82.2248	82.6969	83.2831	83.8674	84.3407	84.8809	85.4041	85.8008	86.2791
1517	Middle-income countries	68.5325	69.6215	70.0875	70.6827	71.3593	71.8625	72.3751	72.9187	73.4559	73.9013	74.4056	74.8188	75.2373	75.6653	76.2526	76.6247
1502	Upper-middle-income countries	72.5676	73.2658	73.7113	74.3329	75.0661	75.7819	76.5435	77.3179	77.9282	78.529	79.2228	79.8997	80.4417	80.9813	81.5975	82.2295
1501	Lower-middle-income countries	65.5035	66.5907	66.8892	67.2269	67.7799	68.1893	68.7216	69.2929	69.8095	70.2148	70.9759	71.5199	72.1122	72.6164	73.1567	73.5072
1500	Low-income countries	60.3581	61.3221	61.804	62.2927	62.7142	63.1826	63.5566	64.0496	64.4531	64.7885	65.1447	65.5125	65.9419	66.3661	67.0327	67.3985
1518	No income group available	65.9513	65.7844	65.7267	65.887	66.1367	66.3082	67.0331	67.4488	67.964	68.7291	69.1875	69.8986	70.4379	71.2136	72.0256	72.736
903	Africa	60.0252	60.8018	61.1986	61.676	62.1131	62.5164	63.0658	63.76	64.227	64.7518	65.2622	65.801	66.3975	66.9311	67.5142	67.9905
910	Eastern Africa	60.7766	61.8346	62.2422	62.8261	63.3315	63.9555	64.4108	64.8644	65.3912	65.8895	66.4151	66.9083	67.5549	68.1923	68.8704	69.4341
108	Burundi	58.4464	57.4405	56.9841	56.7356	56.6118	56.5321	56.4859	56.483	56.5719	56.6665	56.744	56.8939	57.0069	57.159	57.3296	57.4895
174	Comoros	60.4965	59.8	59.7332	59.7834	59.9466	60.137	60.3968	60.6369	60.8537	61.0709	61.3551	61.6111	61.8405	62.12	62.4138	62.6935
262	Djibouti	58.919	58.2801	58.0447	57.988	58.0399	58.146	58.2937	58.4873	58.705	58.9144	59.1468	59.41	59.6384	59.8755	60.1402	60.4145
232	Eritrea	63.4058	63.226	63.1566	63.2093	63.36	63.5475	63.791	64.0658	64.321	64.5743	64.8758	65.1938	65.4637	65.7911	66.1354	66.5052
231	Ethiopia	61.318	61.0058	60.9079	60.9407	61.0094	61.1791	61.3595	61.5997	61.8538	62.0973	62.3209	62.5912	62.8401	63.1342	63.4601	63.7308
404	Kenya	58.6235	58.318	58.1326	58.1639	58.2765	58.4521	58.6553	58.833	59.074	59.2764	59.5074	59.7508	60.0338	60.3411	60.6403	60.9228
450	Madagascar	61.7918	61.6368	61.5708	61.6542	61.8132	62.0082	62.1997	62.4163	62.6383	62.8942	63.1481	63.3983	63.6241	63.8492	64.0894	64.3881
454	Malawi	58.4954	58.1521	57.9711	57.9587	58.0343	58.15	58.3206	58.5368	58.7683	59.0206	59.2596	59.52	59.784	60.0063	60.2683	60.5372
480	Mauritius	70.3052	70.0338	69.7228	69.6138	69.629	69.747	69.9176	70.1496	70.4622	70.7515	71.1425	71.5334	71.9781	72.4338	72.9882	73.5069
175	Mayotte	71.7382	72.6239	72.7967	73.17	73.6416	74.1887	74.7766	75.3854	76.0481	76.7219	77.4215	78.1082	78.7661	79.3326	79.864	80.3457
508	Mozambique	56.2312	56.1284	56.0043	56.0533	56.1701	56.3642	56.5785	56.7886	57.008	57.2674	57.5707	57.8281	58.0794	58.3208	58.6429	58.9299
638	Réunion	78.3754	78.2269	78.4824	78.8531	79.1793	79.5146	79.8008	80.1095	80.3637	80.6335	80.9031	81.1749	81.4387	81.7181	81.9679	82.2476
646	Rwanda	62.9457	61.6718	61.3474	61.1885	61.1345	61.141	61.2097	61.2779	61.3653	61.5335	61.6836	61.8628	62.0296	62.2176	62.4445	62.6714
690	Seychelles	68.4057	69.01	69.1736	69.5112	69.9844	70.5233	71.0702	71.6921	72.3542	73.0624	73.7637	74.5038	75.26	75.9995	76.7038	77.3842
706	Somalia	52.665	52.2135	51.8432	51.7037	51.6947	51.7383	51.8719	52.035	52.2637	52.5278	52.7528	53.014	53.2615	53.6252	53.9118	54.2122
728	South Sudan	52.4089	51.3902	50.8879	50.5584	50.3979	50.2927	50.2474	50.2256	50.2185	50.3007	50.3846	50.4891	50.6015	50.7276	50.8518	50.9789
800	Uganda	59.4591	58.1565	57.7686	57.555	57.4597	57.4341	57.4402	57.5273	57.6311	57.7436	57.8712	58.0466	58.1834	58.341	58.4608	58.676
834	United Republic of Tanzania	63.2813	62.5332	62.2696	62.1744	62.177	62.2208	62.3305	62.5233	62.6625	62.8687	63.0716	63.2493	63.4936	63.7669	64.0165	64.299
894	Zambia	57.9441	57.2375	56.7815	56.547	56.4236	56.3906	56.4024	56.4066	56.4458	56.5529	56.6669	56.8151	56.9394	57.1267	57.3247	57.5116
716	Zimbabwe	56.1225	55.4476	54.8511	54.4079	54.0921	53.8923	53.7278	53.6251	53.5016	53.4532	53.4114	53.4628	53.4935	53.5958	53.6431	53.7489
911	Middle Africa	56.7324	56.7285	56.6585	56.7158	56.8765	57.0986	57.4008	57.8721	58.0304	58.2319	58.3443	58.6494	58.9389	59.1652	59.2909	59.5638
24	Angola	58.1764	57.2347	56.8521	56.6566	56.5738	56.5801	56.617	56.7194	56.8439	56.9923	57.1093	57.2736	57.4539	57.6183	57.7925	57.949
120	Cameroon	57.9478	57.2289	56.7546	56.488	56.3455	56.2931	56.2808	56.232	56.2521	56.3235	56.4054	56.5212	56.6318	56.7671	56.9346	57.0978
140	Central African Republic	50.8369	50.0045	49.6285	49.4586	49.4279	49.4803	49.5448	49.6668	49.8104	49.9905	50.1631	50.377	50.5209	50.7409	50.9723	51.2006
148	Chad	49.563	48.1789	47.564	47.1935	46.9517	46.8148	46.7294	46.684	46.7231	46.7388	46.7761	46.8409	46.926	47.0317	47.1378	47.2578
178	Congo	60.2688	58.3034	57.7512	57.4179	57.2103	57.1143	57.0376	56.9872	57.012	57.0799	57.1384	57.1938	57.2831	57.3861	57.5071	57.6297
180	Democratic Republic of the Congo	56.2118	55.4052	54.9427	54.6728	54.5245	54.4743	54.4747	54.4817	54.5582	54.6518	54.7595	54.9201	55.0778	55.2062	55.3805	55.5513
226	Equatorial Guinea	57.8619	56.9789	56.478	56.1675	55.9848	55.8701	55.8466	55.8588	55.8652	55.898	55.9704	56.0882	56.1782	56.3275	56.4699	56.606
266	Gabon	62.4177	61.6392	61.0926	60.7696	60.5599	60.429	60.3607	60.294	60.2846	60.3122	60.3923	60.4781	60.5832	60.7194	60.8578	61.0045
678	Sao Tome and Principe	64.1589	62.6432	61.9393	61.4613	61.1285	60.8568	60.6588	60.4886	60.3792	60.341	60.308	60.3127	60.3591	60.4014	60.4756	60.6004
912	Northern Africa	68.5185	68.8295	68.9321	69.1917	69.5745	69.9825	70.4424	70.7161	70.9245	71.2427	71.4504	71.796	72.2793	72.8327	73.1935	73.6364
12	Algeria	73.8916	73.5862	73.6192	73.8293	74.1336	74.5154	74.9802	75.4444	75.9908	76.5508	77.1262	77.7098	78.2886	78.9011	79.5523	80.1637
818	Egypt	67.076	66.7027	66.4538	66.3822	66.3925	66.4745	66.6479	66.851	67.0787	67.3278	67.6542	67.9684	68.3181	68.711	69.0992	69.5261
434	Libya	68.5703	67.5685	67.5129	67.6589	67.9141	68.2394	68.6061	69.0163	69.4488	69.9611	70.4676	71.0171	71.5808	72.1789	72.7792	73.399
504	Morocco	71.1892	70.5193	70.5426	70.7251	71.0263	71.4244	71.8677	72.3482	72.8777	73.4279	74.0136	74.6197	75.2762	75.9245	76.635	77.3258
729	Sudan	61.6428	60.3078	59.7101	59.3215	59.0941	58.9644	58.9187	58.8993	58.9513	59.0256	59.1616	59.248	59.3685	59.5524	59.7175	59.94
788	Tunisia	71.1424	71.7167	71.9649	72.3982	72.9219	73.5085	74.1489	74.8114	75.5217	76.2307	76.9488	77.6858	78.3949	79.0755	79.6981	80.2135
732	Western Sahara	67.7617	66.5639	66.3873	66.3632	66.4369	66.5392	66.6712	66.8233	67.0035	67.2294	67.4617	67.7375	68.0059	68.2897	68.6511	69.0173
913	Southern Africa	58.5417	59.6047	59.199	58.8925	58.8418	58.9694	58.8788	59.2856	59.6592	59.888	59.9966	60.3166	60.4036	60.7416	61.0331	61.4169
72	Botswana	60.7916	59.9897	59.4383	59.1067	58.8875	58.7535	58.6965	58.6506	58.622	58.6873	58.7689	58.8237	58.9301	59.0449	59.222	59.405
748	Eswatini	53.1711	54.39	54.0879	53.9684	53.9521	54.0233	54.1469	54.26	54.43	54.6262	54.8981	55.087	55.2939	55.5092	55.7432	55.9729
426	Lesotho	49.4608	48.0057	47.3607	46.9757	46.6907	46.4738	46.274	46.1347	46.0593	46.0231	46.0284	46.0112	46.0486	46.072	46.1443	46.1698
516	Namibia	55.5894	56.8783	56.5842	56.4467	56.4283	56.463	56.5583	56.708	56.8545	57.0073	57.193	57.421	57.6788	57.8997	58.1714	58.4631
710	South Africa	59.186	60.0087	59.5557	59.2991	59.1547	59.1034	59.1141	59.1855	59.307	59.4508	59.5762	59.6689	59.8568	60.0823	60.2603	60.4637
914	Western Africa	54.8575	54.2199	54.2514	54.2876	54.5211	54.7545	55.5339	56.1139	56.4855	57.0953	57.6405	58.1718	58.9954	59.6468	60.1704	60.6368
204	Benin	56.9797	56.1198	55.6826	55.4703	55.3452	55.2798	55.262	55.335	55.4182	55.5322	55.6557	55.7672	55.9164	56.0921	56.2258	56.3776
854	Burkina Faso	56.4064	55.4021	55.0611	54.9059	54.8548	54.8885	54.9682	55.0494	55.1774	55.3133	55.4611	55.638	55.8276	55.9944	56.1888	56.3869
132	Cabo Verde	69.8897	70.4485	70.7019	71.1259	71.6364	72.2316	72.8577	73.5136	74.1828	74.9063	75.6152	76.3382	77.0705	77.7229	78.341	78.9108
384	Côte d'Ivoire	56.3385	55.172	54.7444	54.4757	54.3359	54.2767	54.2639	54.3124	54.4131	54.5583	54.6468	54.7464	54.9134	55.058	55.1787	55.3377
270	Gambia	60.0967	59.7153	59.385	59.2302	59.1546	59.0894	59.1393	59.2407	59.2988	59.3924	59.5109	59.6191	59.7303	59.8645	60.1008	60.2788
288	Ghana	60.5463	59.8288	59.3614	59.0954	58.9314	58.8308	58.798	58.8111	58.816	58.884	58.9426	59.075	59.1791	59.3373	59.4852	59.682
324	Guinea	56.3693	55.5641	55.1344	54.8814	54.7446	54.7074	54.7455	54.7946	54.8698	54.9933	55.1059	55.2393	55.3635	55.5114	55.7209	55.8911
624	Guinea-Bissau	56.3793	56.0023	55.6611	55.4775	55.4207	55.4411	55.5137	55.5953	55.7294	55.9015	56.076	56.217	56.3707	56.5273	56.7283	56.9181
430	Liberia	58.2628	57.1344	56.7297	56.5426	56.4495	56.4717	56.4796	56.5367	56.6229	56.732	56.8587	56.9907	57.1654	57.3403	57.5136	57.7355
466	Mali	56.4532	55.8247	55.5416	55.4122	55.3561	55.384	55.4627	55.5678	55.6732	55.8122	55.971	56.1255	56.3	56.4776	56.678	56.8532
478	Mauritania	61.715	61.3761	61.1307	61.087	61.1506	61.2304	61.3611	61.5222	61.6719	61.8724	62.0787	62.3195	62.5149	62.748	62.9594	63.2229
562	Niger	59.5792	59.6977	59.6566	59.8023	59.9794	60.1826	60.4064	60.6179	60.8114	61.0142	61.2123	61.4141	61.6166	61.8001	61.9874	62.1697
566	Nigeria	50.9593	49.2651	48.7296	48.4254	48.1918	48.0236	48.0039	47.9871	47.983	47.9882	48.0686	48.1398	48.3165	48.4555	48.6036	48.7052
654	Saint Helena	73.1948	72.1802	72.0064	72.0375	72.181	72.4244	72.7138	73.0525	73.4155	73.8475	74.3009	74.7721	75.2973	75.8256	76.397	76.9477
686	Senegal	64.4124	64.548	64.8015	65.1683	65.5357	65.9698	66.3845	66.8241	67.2731	67.769	68.2708	68.7764	69.2984	69.8673	70.4507	71.0324
694	Sierra Leone	57.3212	56.0667	55.6839	55.4952	55.4182	55.4087	55.4335	55.5049	55.5966	55.7238	55.8392	56.0023	56.1837	56.3612	56.5189	56.6548
768	Togo	59.1045	57.4256	56.9722	56.7333	56.6112	56.4875	56.4617	56.4692	56.5559	56.6087	56.7199	56.8326	56.9661	57.0904	57.269	57.4369
935	Asia	70.7788	71.5755	72.0453	72.5547	73.2742	73.7881	74.2916	74.8304	75.4795	75.9967	76.5179	76.9885	77.4792	78.0463	78.602	79.2577
5500	Central Asia	66.6307	66.786	66.7068	66.8598	66.953	67.2094	67.616	68.0179	68.3331	68.8059	69.3286	69.92	70.5544	71.2606	71.9983	72.6568
398	Kazakhstan	64.904	64.8989	64.4208	64.1419	64.0145	63.9853	64.0132	64.1085	64.2501	64.4495	64.7211	64.9499	65.208	65.4733	65.7923	66.1287
417	Kyrgyzstan	65.0363	64.707	64.3347	64.168	64.1722	64.2622	64.3424	64.5347	64.7639	65.031	65.3535	65.6338	65.9611	66.3154	66.7185	67.2141
762	Tajikistan	67.1657	66.0635	65.5744	65.3078	65.0994	65.0224	65.0112	65.0379	65.0956	65.2088	65.3583	65.511	65.7313	65.9485	66.2028	66.4689
795	Turkmenistan	64.3384	62.8171	62.3919	62.1761	62.0716	62.0676	62.1134	62.1776	62.2798	62.4617	62.6589	62.8257	63.0402	63.2832	63.5746	63.8394
860	Uzbekistan	67.2106	65.8678	65.2977	64.9185	64.6745	64.5391	64.4988	64.5134	64.545	64.6171	64.7311	64.8957	65.0852	65.2713	65.5099	65.7921
906	Eastern Asia	75.5513	74.9943	75.1128	75.5419	76.125	76.7051	77.2866	77.9139	78.4712	79.1124	79.7983	80.5871	81.0754	81.4442	81.9414	82.5577
156	China	74.6717	74.0719	74.2545	74.6111	75.0796	75.648	76.2306	76.8574	77.5117	78.1721	78.8191	79.447	80.0595	80.598	81.0835	81.5158
344	China, Hong Kong SAR	81.5763	81.1098	81.065	81.1464	81.3097	81.5215	81.7406	81.9639	82.2084	82.4959	82.7516	83.047	83.3504	83.6734	83.97	84.3066
446	China, Macao SAR	81.8128	81.0327	81.0241	81.1207	81.2795	81.4967	81.7278	81.9631	82.2565	82.5242	82.7948	83.0772	83.382	83.6878	83.9962	84.3371
158	China, Taiwan Province of China	77.0424	76.6609	77.0015	77.4936	78.0262	78.5227	78.9679	79.3619	79.7307	80.062	80.3833	80.7267	81.0173	81.3388	81.6406	81.9542
408	Dem. People's Republic of Korea	69.5492	68.0997	67.6796	67.4652	67.3913	67.4158	67.5387	67.6772	67.8695	68.137	68.4403	68.7965	69.1373	69.534	69.987	70.4283
392	Japan	80.859	80.1009	80.1032	80.2166	80.3899	80.6013	80.8398	81.0667	81.3337	81.6012	81.8742	82.1498	82.4379	82.6837	82.9876	83.2874
496	Mongolia	66.4189	66	66.2992	66.7826	67.3429	67.9501	68.6114	69.2905	70.0328	70.7677	71.5765	72.3609	73.1854	74.0071	74.8469	75.6737
410	Republic of Korea	79.7092	79.1854	79.2215	79.3591	79.536	79.7331	79.9342	80.1807	80.419	80.6786	80.9791	81.2254	81.5315	81.8339	82.1302	82.4513
5501	Southern Asia	66.8311	67.8156	67.9832	68.2327	68.7045	69.2433	69.6874	70.1283	70.8822	71.2306	72.0489	72.5281	73.0058	73.6833	74.1512	74.7347
4	Afghanistan	58.7015	58.9058	59.0328	59.2448	59.5011	59.7793	60.0521	60.3459	60.6192	60.8968	61.1633	61.452	61.7224	62.0107	62.3125	62.5999
50	Bangladesh	69.7805	69.2837	69.4568	69.7974	70.212	70.6882	71.2388	71.815	72.4169	73.0759	73.747	74.4083	75.088	75.7916	76.5269	77.2846
64	Bhutan	69.0105	68.1513	68.2205	68.417	68.6796	69.0341	69.383	69.7726	70.1666	70.6227	71.1303	71.6786	72.2393	72.7841	73.435	74.0682
356	India	66.8796	67.7643	67.8218	68.0064	68.2416	68.5605	68.9054	69.2306	69.617	70.0627	70.5539	71.0556	71.5706	72.1165	72.7143	73.2851
364	Iran (Islamic Republic of)	71.5434	72.0066	72.1619	72.4987	72.9491	73.451	74.0375	74.622	75.2674	75.917	76.6554	77.3518	78.0734	78.7542	79.404	79.9987
462	Maldives	78.5896	78.3321	78.6009	79.0247	79.5321	80.0663	80.6203	81.1944	81.7615	82.295	82.766	83.2265	83.6202	83.9579	84.2724	84.5918
524	Nepal	66.5493	66.1923	66.3476	66.6034	66.8861	67.2392	67.5794	67.9388	68.3195	68.7156	69.1708	69.6299	70.1205	70.6411	71.2073	71.7877
586	Pakistan	62.8394	61.7944	61.392	61.2155	61.1275	61.1377	61.2071	61.3124	61.4658	61.6197	61.8189	62.0347	62.2451	62.5381	62.8025	63.0861
144	Sri Lanka	71.7242	70.7818	70.9027	71.1919	71.5767	72.0026	72.5299	73.1217	73.7145	74.2831	74.9522	75.6422	76.2955	76.9973	77.6615	78.3012
920	South-Eastern Asia	68.2456	68.829	69.0548	69.3138	69.7	69.9833	70.4547	70.8205	71.2478	71.6866	71.9696	72.4441	72.8967	73.3734	73.9289	74.4772
96	Brunei Darussalam	71.2138	69.8279	70.2057	70.0999	70.0771	70.1712	70.3298	70.5436	70.8051	71.1085	71.4416	71.7975	72.1748	72.5943	73.0421	73.5102
116	Cambodia	66.5121	65.9306	65.5739	65.4063	65.319	65.3268	65.3443	65.4647	65.6083	65.7678	65.9669	66.1979	66.4377	66.6822	66.9546	67.2604
360	Indonesia	65.8038	65.7765	65.3567	65.1513	65.051	65.0568	65.0791	65.152	65.2824	65.4125	65.5537	65.7352	65.9479	66.1691	66.4519	66.77
418	Lao People's Democratic Republic	65.24	64.3191	64.2968	64.4528	64.6318	64.8095	65.0395	65.2638	65.516	65.7543	66.0004	66.2497	66.479	66.7559	67.1147	67.4454
458	Malaysia	72.4126	71.5315	71.389	71.4393	71.6465	71.9092	72.2393	72.6153	73.0448	73.5226	74.0124	74.5291	75.1109	75.7314	76.341	76.9855
104	Myanmar	62.277	61.2349	61.0278	61.0134	61.0595	61.169	61.3417	61.5534	61.779	62.0154	62.2742	62.5397	62.8148	63.1068	63.3849	63.6842
608	Philippines	68.1702	67.0515	66.462	66.1221	65.8948	65.7797	65.7162	65.6994	65.7612	65.8651	66.0439	66.2545	66.4709	66.7255	67.0216	67.351
702	Singapore	80.5592	80.5293	80.6442	80.8288	81.05	81.2746	81.5177	81.7802	82.0174	82.2968	82.5669	82.8531	83.1238	83.4202	83.7044	84.0037
764	Thailand	74.2598	74.1118	74.6256	75.2512	75.9464	76.6227	77.1952	77.6967	78.1579	78.5448	78.9061	79.2409	79.5706	79.8696	80.1945	80.5328
626	Timor-Leste	65.5862	64.6834	64.5783	64.6343	64.7385	64.888	65.0681	65.2031	65.3656	65.5674	65.7783	65.982	66.2411	66.5174	66.82	67.1037
704	Viet Nam	68.7372	67.6313	67.5722	67.722	67.9775	68.2903	68.6915	69.1633	69.6665	70.2396	70.8664	71.4711	72.1076	72.7762	73.4833	74.2052
922	Western Asia	71.1709	72.2148	72.7245	73.4276	74.0879	74.6813	75.2052	75.6092	76.0493	76.5116	76.9205	77.3281	77.7259	78.2133	78.7163	79.1622
51	Armenia	67.5453	68.7611	68.721	68.8444	69.1062	69.4292	69.8531	70.2706	70.7328	71.241	71.7794	72.3818	72.9707	73.57	74.2013	74.8504
31	Azerbaijan	66.7003	67.595	67.1131	66.8278	66.6717	66.6191	66.6532	66.7411	66.8628	67.0217	67.2362	67.4998	67.7604	68.0657	68.4569	68.8615
48	Bahrain	77.5607	77.4381	77.4208	77.6091	77.8941	78.2458	78.658	79.1162	79.6154	80.1253	80.6486	81.1707	81.653	82.1477	82.5987	83.0181
196	Cyprus	78.777	78.2599	78.3479	78.6071	78.9586	79.364	79.8154	80.2782	80.715	81.1478	81.5584	81.9154	82.263	82.6268	82.9407	83.2889
268	Georgia	66.3502	66.6042	66.4637	66.5077	66.6834	66.9545	67.3085	67.7053	68.0903	68.509	69.0284	69.528	70.0744	70.6383	71.2498	71.8556
368	Iraq	67.3701	66.7296	66.2313	65.947	65.7881	65.7491	65.7413	65.8172	65.9025	65.9953	66.1438	66.3452	66.5394	66.7438	67.0369	67.3033
376	Israel	79.8018	79.6314	79.6704	79.8769	80.1184	80.4081	80.7218	81.0118	81.3137	81.6119	81.91	82.1666	82.4496	82.725	82.9923	83.2876
400	Jordan	71.6537	71.883	71.6783	71.6571	71.7873	72.0367	72.3239	72.6608	73.0558	73.5219	73.9753	74.4752	75.0038	75.5931	76.2169	76.8318
414	Kuwait	76.8189	77.0696	77.249	77.5878	78.0371	78.5454	79.1123	79.6854	80.2414	80.7853	81.2658	81.6852	82.105	82.5035	82.8685	83.2231
422	Lebanon	73.3382	75.3422	75.0843	75.0238	75.0717	75.2508	75.478	75.7358	76.0043	76.3469	76.7539	77.1894	77.6925	78.1741	78.6573	79.1475
512	Oman	73.1499	75.3188	75.5258	75.9036	76.3844	76.9237	77.5215	78.1356	78.8045	79.4587	80.1244	80.7624	81.3403	81.8846	82.3615	82.7826
634	Qatar	78.6716	78.77	78.8359	79.0913	79.4642	79.8767	80.3297	80.8398	81.3432	81.8075	82.2405	82.6567	83.0542	83.4279	83.777	84.1162
682	Saudi Arabia	74.9538	74.5152	74.5594	74.7838	75.1284	75.5378	76.0296	76.5328	77.0969	77.6813	78.2747	78.905	79.5669	80.1816	80.7887	81.3631
275	State of Palestine	70.6657	71.0557	70.855	70.8663	70.9577	71.1326	71.4428	71.7605	72.1088	72.521	72.9534	73.4241	73.9169	74.4547	75.0057	75.5584
760	Syrian Arab Republic	67.4078	65.9601	65.7231	65.6662	65.7241	65.8524	66.0799	66.3088	66.6033	66.9157	67.2753	67.6036	68.019	68.4526	68.9109	69.4066
792	Türkiye	73.3465	73.5851	73.8689	74.3034	74.8414	75.4455	76.0929	76.7703	77.4294	78.1342	78.7731	79.3945	79.9508	80.4663	80.9239	81.3166
784	United Arab Emirates	76.9826	76.9924	77.1511	77.5076	77.9703	78.4768	79.0416	79.6312	80.2087	80.7675	81.3129	81.7965	82.2384	82.6455	83.0158	83.3686
887	Yemen	59.8322	59.971	60.0343	60.2721	60.5633	60.8487	61.1515	61.4725	61.7855	62.1231	62.4714	62.8048	63.1522	63.521	63.8775	64.2185
908	Europe	74.6232	76.4276	77.017	77.6798	78.3572	79.0176	79.7006	80.3887	81.0309	81.6611	82.3552	82.9537	83.5817	84.2046	84.7973	85.2262
923	Eastern Europe	68.0421	70.0399	70.3208	70.7935	71.3748	71.9564	72.6994	73.2867	74.0209	74.5349	75.1035	75.5877	76.1604	76.9264	77.581	78.0188
112	Belarus	67.2408	67.5159	67.6377	67.9239	68.3182	68.7828	69.3158	69.8716	70.4848	71.1121	71.7728	72.4666	73.1702	73.8725	74.6006	75.2909
100	Bulgaria	68.4992	69.8217	69.7511	69.8635	70.0946	70.3929	70.7424	71.1501	71.6443	72.1375	72.6396	73.1922	73.7801	74.3791	74.9759	75.5912
203	Czechia	74.777	74.8177	74.7634	74.8867	75.1143	75.4156	75.7854	76.1939	76.6617	77.1599	77.6626	78.1553	78.6704	79.1808	79.6538	80.1204
348	Hungary	71.2787	71.347	71.3083	71.4537	71.7525	72.1357	72.5963	73.0727	73.5862	74.1564	74.7814	75.4131	76.0505	76.7613	77.4162	78.0926
616	Poland	72.5971	72.7462	72.8335	73.0985	73.4728	73.9255	74.4138	74.9365	75.5099	76.0849	76.6573	77.1954	77.7292	78.2736	78.7564	79.1984
498	Republic of Moldova	63.8383	63.9284	63.5382	63.3974	63.382	63.4046	63.4764	63.638	63.8779	64.1407	64.4112	64.7462	65.0814	65.425	65.815	66.2577
642	Romania	70.4323	71.2367	71.1879	71.3318	71.6108	71.9726	72.3759	72.8818	73.4217	74.0257	74.6114	75.2512	75.9135	76.5937	77.2624	77.8903
643	Russian Federation	65.5629	67.0001	66.8783	66.9497	67.1156	67.3509	67.6759	68.0587	68.4397	68.8898	69.3649	69.8545	70.3212	70.8946	71.4377	72.0249
703	Slovakia	72.2798	72.8492	72.9189	73.1783	73.5147	73.9545	74.4402	74.982	75.5748	76.1724	76.76	77.3703	77.9747	78.5519	79.0908	79.5892
804	Ukraine	65.9622	67.5854	67.5861	67.7416	68.026	68.3476	68.7228	69.1471	69.6471	70.1748	70.7266	71.256	71.8519	72.4342	73.0157	73.6822
924	Northern Europe	79.0157	79.5922	79.9239	80.259	80.5866	80.9539	81.4286	81.9462	82.3815	82.831	83.147	83.6331	84.1473	84.6244	85.1192	85.4969
208	Denmark	78.7982	78.0811	78.1029	78.2825	78.5609	78.904	79.2823	79.7044	80.1245	80.5772	80.9704	81.35	81.7201	82.0436	82.403	82.7322
233	Estonia	73.3623	73.2351	73.4233	73.7837	74.2295	74.7299	75.2902	75.8624	76.4685	77.0075	77.5487	78.0181	78.4654	78.8812	79.2535	79.6228
234	Faroe Islands	76.4111	75.1666	75.0994	75.2247	75.4881	75.8145	76.2227	76.7009	77.1875	77.7378	78.3146	78.9112	79.52	80.1277	80.7389	81.2805
246	Finland	78.6355	78.1609	78.3541	78.6775	79.061	79.436	79.8278	80.1835	80.518	80.8305	81.139	81.4376	81.727	82.0392	82.3385	82.6331
831	Guernsey	79.9155	79.3647	79.3976	79.5747	79.8729	80.201	80.5565	80.9196	81.2742	81.6206	81.9299	82.2118	82.4824	82.7738	83.0738	83.3735
352	Iceland	80.314	79.4976	79.4825	79.612	79.8547	80.1594	80.4876	80.8533	81.2056	81.5485	81.8841	82.2432	82.5893	82.8853	83.1995	83.4663
372	Ireland	79.866	79.2396	79.3204	79.5639	79.8812	80.2625	80.6456	81.0234	81.3808	81.7329	82.0806	82.4102	82.7432	83.051	83.3195	83.6407
833	Isle of Man	77.9348	77.3613	77.3435	77.4877	77.738	78.0718	78.408	78.8354	79.2744	79.7193	80.1794	80.636	81.0666	81.4721	81.872	82.254
832	Jersey	77.7066	77.2582	77.3761	77.6599	78.0507	78.5092	79.0082	79.5009	80.0154	80.4726	80.9333	81.3481	81.7258	82.1116	82.4719	82.817
428	Latvia	69.7914	69.1552	68.9951	69.0009	69.1083	69.3001	69.5817	69.8956	70.2531	70.6544	71.061	71.5278	72.0091	72.527	73.019	73.5718
440	Lithuania	69.4333	70.0871	70.1155	70.3378	70.6735	71.0797	71.5169	72.0063	72.5349	73.096	73.6549	74.262	74.8548	75.5027	76.1138	76.6699
578	Norway	80.6948	79.9851	80.0756	80.2931	80.5957	80.894	81.2154	81.5221	81.814	82.0989	82.3831	82.6882	82.9743	83.2472	83.5557	83.8384
752	Sweden	80.5325	80.1535	80.2437	80.4732	80.7782	81.0936	81.4177	81.7033	82.0051	82.3059	82.6088	82.8944	83.2091	83.4899	83.7522	84.0542
826	United Kingdom	78.7071	78.5527	78.566	78.748	79.0017	79.345	79.7187	80.1386	80.544	80.9273	81.3305	81.7041	82.073	82.4203	82.7364	83.0487
925	Southern Europe	79.1803	80.2251	80.6754	81.1689	81.6215	82.1098	82.6208	83.0284	83.412	83.8478	84.2758	84.7722	85.1932	85.6019	86.0615	86.4854
8	Albania	74.2974	75.9389	76.1188	76.4714	76.9194	77.41	77.9666	78.5593	79.1833	79.8089	80.3643	80.8959	81.3634	81.7983	82.2151	82.5977
20	Andorra	78.5694	79.9434	80.1425	80.4135	80.676	80.9225	81.1809	81.4498	81.6989	81.9467	82.2024	82.4756	82.7344	83.0374	83.3172	83.5903
70	Bosnia and Herzegovina	72.8163	73.3562	73.2304	73.3038	73.4622	73.7346	74.081	74.4782	74.9087	75.3836	75.8974	76.4454	77.0076	77.5893	78.2009	78.8047
191	Croatia	74.6543	74.4618	74.5354	74.784	75.1295	75.5468	76.0097	76.531	77.0947	77.6977	78.2688	78.835	79.3876	79.8946	80.3475	80.7798
292	Gibraltar	79.1377	79.3925	79.5933	79.958	80.3687	80.7828	81.1844	81.5787	81.9619	82.3165	82.6657	82.9931	83.3433	83.6717	84.0151	84.3425
300	Greece	77.5698	77.7757	78.0261	78.4159	78.8865	79.3955	79.8784	80.2971	80.6879	81.0228	81.3565	81.6732	81.9699	82.2695	82.5893	82.9175
380	Italy	80.4057	80.4621	80.6425	80.8831	81.1298	81.3692	81.6143	81.8636	82.1308	82.39	82.662	82.9467	83.2444	83.5385	83.8213	84.1343
412	Kosovo (under UNSC res. 1244)	74.8696	75.114	75.079	75.1988	75.4364	75.7657	76.1683	76.5844	77.0435	77.5415	78.0566	78.6359	79.2166	79.7623	80.3074	80.812
470	Malta	80.4661	80.0324	80.1992	80.4502	80.7177	80.9819	81.2704	81.5413	81.7929	82.054	82.3426	82.6088	82.9057	83.1843	83.4765	83.7591
499	Montenegro	72.5744	72.2824	72.2992	72.4824	72.796	73.1608	73.583	74.0703	74.5643	75.1131	75.6729	76.1881	76.7853	77.3729	77.9248	78.4977
807	North Macedonia	71.8203	73.281	73.1376	73.2002	73.3578	73.6024	73.9266	74.2995	74.7221	75.1776	75.6358	76.1709	76.7221	77.2634	77.8018	78.4422
620	Portugal	77.8268	77.7828	78.0731	78.4686	78.8889	79.2888	79.6673	79.9985	80.3436	80.6602	80.9705	81.2743	81.5894	81.9155	82.2263	82.5204
674	San Marino	79.3242	80.2271	80.263	80.4629	80.7089	81.0137	81.3313	81.6567	81.9843	82.3117	82.6004	82.8825	83.1762	83.4669	83.7431	84.001
688	Serbia	71.0565	71.8706	71.804	71.9342	72.1751	72.4858	72.8951	73.3794	73.8959	74.4678	75.0679	75.7218	76.3951	77.0723	77.7629	78.423
705	Slovenia	77.9134	78.0752	78.333	78.7446	79.2182	79.6655	80.0953	80.4905	80.8419	81.189	81.4872	81.8379	82.1438	82.4454	82.7623	83.0653
724	Spain	79.8439	79.7641	79.8494	80.0164	80.205	80.4189	80.6462	80.874	81.1164	81.3541	81.6341	81.8984	82.1743	82.459	82.7543	83.0554
926	Western Europe	79.2534	79.8133	80.2861	80.6992	81.0991	81.517	81.9099	82.3745	82.8775	83.3421	83.7699	84.1924	84.5536	85.0355	85.5847	85.9809
40	Austria	78.7863	78.5236	78.7312	79.0698	79.4777	79.9118	80.3237	80.699	81.0463	81.379	81.7019	82.0264	82.3369	82.683	82.9953	83.3084
56	Belgium	78.7406	78.4234	78.5252	78.7882	79.1265	79.4981	79.9111	80.3199	80.7034	81.059	81.4216	81.7642	82.0909	82.4003	82.6853	82.9911
250	France	79.0399	78.8316	78.9971	79.2154	79.4531	79.6965	79.9316	80.1964	80.4437	80.6833	80.9281	81.2	81.4927	81.7776	82.0566	82.3353
276	Germany	77.9732	77.9584	78.0539	78.3018	78.6457	79.0326	79.4357	79.8297	80.2414	80.6135	80.9715	81.3077	81.6335	81.9494	82.2549	82.5615
438	Liechtenstein	81.2971	81.5307	81.6299	81.7892	81.9839	82.2088	82.4393	82.7096	82.9658	83.2683	83.5374	83.8329	84.1361	84.4582	84.7952	85.0972
442	Luxembourg	79.2512	78.7298	78.8083	79.049	79.3767	79.7162	80.0572	80.4197	80.7666	81.0739	81.3864	81.6898	81.9888	82.3075	82.5931	82.8883
492	Monaco	83.9366	83.2046	83.0589	83.0556	83.1464	83.2951	83.4577	83.6307	83.8505	84.0672	84.3076	84.5497	84.8069	85.0809	85.3954	85.6757
528	Netherlands	79.5599	78.9969	78.9252	79.0388	79.2421	79.5149	79.8231	80.1827	80.5388	80.9171	81.2833	81.6269	81.9827	82.2827	82.5953	82.9367
756	Switzerland	81.1754	80.86	80.9814	81.1757	81.3958	81.6207	81.8667	82.1234	82.3587	82.6184	82.888	83.1608	83.4388	83.7232	84.0189	84.2979
904	Latin America and the Caribbean	70.3554	72.1379	72.7177	73.3958	74.1572	74.8603	75.6827	76.4209	77.2488	77.966	78.6578	79.403	80.1538	80.8016	81.4802	82.1343
915	Caribbean	68.5356	68.8825	69.0645	69.2864	69.6745	70.0324	70.3659	70.6575	71.1243	71.5549	71.8385	72.1886	72.2831	72.4988	72.7425	72.8662
660	Anguilla	72.7467	72.1401	72.2307	72.4865	72.8552	73.3017	73.8017	74.3635	74.9334	75.5585	76.1942	76.8769	77.5021	78.1001	78.6681	79.2369
28	Antigua and Barbuda	75.1903	74.5208	74.6302	74.9075	75.2751	75.7313	76.2717	76.8262	77.4014	78.0051	78.6262	79.2412	79.8224	80.3076	80.7656	81.2175
533	Aruba	71.6918	71.4256	71.2872	71.3848	71.5595	71.8348	72.1708	72.5328	72.9728	73.4754	73.9647	74.4864	75.0663	75.6655	76.2462	76.8468
44	Bahamas	68.4595	67.8344	67.4722	67.2759	67.222	67.2666	67.3585	67.5271	67.7234	68.0082	68.2999	68.6248	68.9916	69.3623	69.7774	70.2479
52	Barbados	74.4266	73.2479	73.0651	73.0617	73.1582	73.3715	73.6605	73.985	74.3388	74.7205	75.1615	75.6437	76.1748	76.6783	77.2347	77.8116
535	Bonaire, Sint Eustatius and Saba	72.6714	72.3487	72.2008	72.2302	72.4073	72.6554	72.9631	73.2809	73.6972	74.1545	74.6377	75.1271	75.6643	76.1967	76.7159	77.2537
92	British Virgin Islands	71.9558	71.2913	71.181	71.2775	71.4837	71.777	72.1284	72.5586	72.9737	73.4194	73.9462	74.51	75.0747	75.6457	76.265	76.9143
136	Cayman Islands	71.784	70.6814	70.4812	70.4719	70.5752	70.8171	71.0925	71.4329	71.7955	72.2065	72.668	73.1318	73.6446	74.211	74.7644	75.3658
192	Cuba	73.6047	73.6428	73.6511	73.8198	74.1112	74.4763	74.9156	75.3753	75.8894	76.4421	77.0317	77.6288	78.2347	78.8018	79.3794	79.97
531	Curaçao	71.1984	70.4901	70.4542	70.5892	70.8347	71.1844	71.5792	72.0317	72.5038	73.0057	73.5996	74.1771	74.7626	75.3957	76.021	76.6375
212	Dominica	69.0566	68.1681	67.9175	67.8594	67.946	68.1254	68.4011	68.7396	69.1131	69.5104	69.9611	70.4506	71.0068	71.5499	72.1936	72.7963
214	Dominican Republic	69.0841	68.5548	68.4652	68.5427	68.755	69.0093	69.3434	69.7432	70.1622	70.6634	71.1625	71.6968	72.2605	72.8757	73.5107	74.1481
308	Grenada	71.195	70.0858	69.8684	69.849	69.9872	70.206	70.4773	70.8314	71.2163	71.6474	72.1011	72.5957	73.1092	73.6294	74.2003	74.7792
312	Guadeloupe	77.5613	78.1547	78.3014	78.4841	78.6849	78.893	79.1061	79.3215	79.5729	79.8131	80.0675	80.3162	80.5701	80.8136	81.0683	81.3411
332	Haiti	59.6425	58.8758	58.613	58.5035	58.4994	58.5331	58.6666	58.7908	58.9719	59.1482	59.3763	59.5966	59.8034	59.9748	60.2069	60.4356
388	Jamaica	67.974	67.0471	66.5985	66.3652	66.2697	66.2566	66.3151	66.3901	66.5355	66.6533	66.8594	67.0883	67.3527	67.6601	67.9924	68.3822
474	Martinique	78.7886	78.824	79.0197	79.2512	79.4952	79.7168	79.9566	80.202	80.448	80.6885	80.9327	81.1834	81.4624	81.7445	82.0092	82.2765
500	Montserrat	73.0966	71.7997	71.4684	71.3583	71.3711	71.4806	71.6668	71.8874	72.1756	72.5175	72.8941	73.2811	73.7199	74.1636	74.6531	75.1705
630	Puerto Rico	74.3211	74.0968	74.4834	75.0358	75.6523	76.2642	76.8212	77.3291	77.7579	78.1576	78.5433	78.8991	79.2049	79.5099	79.8191	80.1278
652	Saint Barthélemy	76.4653	76.0389	76.3698	76.8782	77.4523	78.0416	78.6179	79.1518	79.6426	80.0374	80.4063	80.7651	81.0945	81.4479	81.7674	82.0811
659	Saint Kitts and Nevis	67.1914	65.8456	65.4789	65.3501	65.339	65.3898	65.491	65.6612	65.8526	66.1159	66.4359	66.7528	67.1302	67.5603	67.9679	68.4505
662	Saint Lucia	68.1414	67.9911	67.8087	67.8001	67.9277	68.1262	68.4198	68.7692	69.1484	69.5916	70.0739	70.588	71.1078	71.671	72.2458	72.8707
663	Saint Martin (French part)	76.3997	75.8033	75.9839	76.3441	76.7442	77.2395	77.7347	78.2465	78.7508	79.2036	79.6085	79.9929	80.3479	80.6758	80.9904	81.3068
670	Saint Vincent and the Grenadines	67.288	68.4446	68.3025	68.3836	68.5594	68.7981	69.0964	69.4573	69.8547	70.3003	70.7739	71.2154	71.7339	72.2574	72.8272	73.3771
534	Sint Maarten (Dutch part)	71.032	70.4596	70.1858	70.1087	70.1115	70.2467	70.4623	70.7432	71.0218	71.3883	71.7522	72.1822	72.5964	73.0335	73.5445	74.1058
780	Trinidad and Tobago	69.6528	68.7443	68.5118	68.4855	68.5825	68.7581	69.0176	69.334	69.6712	70.0352	70.4718	70.9239	71.4277	71.9689	72.5523	73.145
796	Turks and Caicos Islands	71.2782	70.7655	70.6925	70.8142	71.0425	71.3537	71.716	72.1007	72.5564	73.0221	73.5182	74.066	74.6525	75.243	75.8829	76.5401
850	United States Virgin Islands	68.9468	68.7022	68.9551	69.4203	69.9661	70.6007	71.2683	71.9598	72.6911	73.4539	74.166	74.882	75.5345	76.1207	76.6797	77.191
916	Central America	68.548	69.9199	70.1732	70.6094	71.1896	71.6252	72.2836	73.0439	73.8086	74.452	75.1957	75.9039	76.6815	77.5205	78.1456	78.8009
84	Belize	68.2557	68.9448	68.726	68.7235	68.8726	69.088	69.3743	69.7114	70.1007	70.556	71.0386	71.5733	72.1103	72.729	73.3432	74.0323
188	Costa Rica	75.2656	75.996	76.3011	76.7592	77.3121	77.9016	78.5032	79.1619	79.7655	80.3134	80.793	81.2301	81.6018	81.9812	82.3352	82.6789
222	El Salvador	66.0988	66.3678	66.3917	66.6123	66.9153	67.3549	67.8184	68.3045	68.8074	69.3423	69.8775	70.4615	71.0148	71.6342	72.287	72.9235
320	Guatemala	66.3354	68.2329	68.0001	67.9412	67.9926	68.096	68.3015	68.5721	68.883	69.2507	69.6106	70.0198	70.4554	70.8662	71.3301	71.8435
340	Honduras	68.0972	67.9386	67.4938	67.2635	67.1489	67.1286	67.1686	67.2586	67.355	67.5663	67.7723	68.0079	68.2822	68.5987	68.9587	69.3366
484	Mexico	68.1994	69.2785	69.3131	69.5307	69.8663	70.2645	70.7449	71.2524	71.8183	72.3881	73.007	73.6282	74.2942	74.9665	75.6503	76.3286
558	Nicaragua	69.5934	69.1205	68.9916	69.0378	69.1988	69.4182	69.7385	70.0999	70.4945	70.9124	71.3791	71.8618	72.3775	72.9414	73.5126	74.0576
591	Panama	73.148	73.4392	73.5402	73.8204	74.2183	74.6689	75.1438	75.663	76.2289	76.8711	77.511	78.1105	78.7101	79.2697	79.7897	80.2806
931	South America	70.8246	72.3166	72.7528	73.388	74.0643	74.7365	75.488	76.2811	77.0558	77.7667	78.3645	79.0423	79.6957	80.4114	81.1006	81.8114
32	Argentina	72.1947	72.3597	72.3765	72.5869	72.898	73.3097	73.768	74.2693	74.7824	75.3901	75.9777	76.6123	77.2584	77.8907	78.4817	79.0152
68	Bolivia (Plurinational State of)	61.9168	63.1767	63.0358	63.0604	63.1602	63.297	63.5019	63.7091	63.8957	64.1357	64.4299	64.6723	64.9375	65.2321	65.5521	65.846
76	Brazil	70.0915	70.7108	70.8228	71.0832	71.471	71.9365	72.4999	73.0691	73.6931	74.3356	74.9539	75.631	76.3463	77.0608	77.7534	78.4386
152	Chile	76.5407	77.0064	77.3195	77.8116	78.4124	79.0169	79.621	80.1995	80.7222	81.1743	81.5792	81.9312	82.2954	82.6493	82.9819	83.2868
170	Colombia	70.9	72.2829	72.3499	72.6026	72.9655	73.3977	73.8711	74.3912	74.9704	75.5608	76.1853	76.8419	77.5091	78.1557	78.8237	79.423
218	Ecuador	71.8947	73.2398	73.3138	73.5513	73.8919	74.3121	74.7523	75.2652	75.7639	76.331	76.9183	77.5081	78.1066	78.6941	79.2996	79.8193
238	Falkland Islands (Malvinas)	75.9116	75.5056	75.6692	75.9816	76.3896	76.8334	77.3392	77.8643	78.3984	78.9758	79.5472	80.0767	80.6193	81.0799	81.5092	81.9183
254	French Guiana	72.9832	72.6127	72.5853	72.7616	73.0406	73.4107	73.8351	74.3185	74.8608	75.4413	76.0338	76.6297	77.2537	77.8926	78.5258	79.1588
328	Guyana	63.1316	63.1913	62.8261	62.6518	62.6018	62.6189	62.6877	62.8356	62.9811	63.1376	63.3455	63.5591	63.8134	64.1167	64.4382	64.7567
600	Paraguay	68.2781	68.3089	67.7803	67.464	67.2651	67.1596	67.1816	67.2393	67.359	67.518	67.7368	67.9866	68.263	68.5241	68.8965	69.2548
604	Peru	71.079	72.2133	72.2152	72.3802	72.6747	73.0183	73.3958	73.8053	74.2521	74.7272	75.2545	75.7696	76.3056	76.8861	77.5044	78.0971
740	Suriname	67.0999	66.3801	65.9215	65.7038	65.6112	65.608	65.6442	65.7372	65.865	66.0647	66.3123	66.5895	66.8314	67.1289	67.4792	67.8869
858	Uruguay	72.6827	72.1167	72.1434	72.32	72.6076	72.9902	73.4544	73.9294	74.4419	74.9918	75.5882	76.1777	76.705	77.266	77.814	78.3358
862	Venezuela (Bolivarian Republic of)	66.1483	66.0675	65.9876	66.1054	66.3462	66.6683	67.0385	67.4255	67.8667	68.3748	68.9077	69.4709	70.0293	70.6792	71.3199	71.9622
905	Northern America	75.8672	76.7185	76.8009	76.8635	77.0312	77.115	77.2322	77.4147	77.7674	78.4889	79.1075	79.6772	80.1897	80.4139	80.9812	81.3977
60	Bermuda	76.8747	76.8457	77.066	77.4459	77.8839	78.3288	78.775	79.1885	79.5845	79.9588	80.2822	80.6323	80.9486	81.2643	81.5825	81.8891
124	Canada	79.7017	79.2183	79.3821	79.6839	80.0198	80.4212	80.7866	81.1201	81.4483	81.7676	82.1048	82.4075	82.7115	82.9764	83.2635	83.5644
304	Greenland	68.6771	67.2179	66.7872	66.5592	66.4795	66.4819	66.5812	66.7151	66.8866	67.0893	67.3296	67.6073	67.9311	68.2648	68.6718	69.0782
666	Saint Pierre and Miquelon	72.7311	71.9775	72.0107	72.2106	72.4826	72.8115	73.2525	73.7005	74.1788	74.7491	75.2994	75.8899	76.4371	77.019	77.5823	78.1185
840	United States of America	74.5982	75.0298	74.974	75.0777	75.3196	75.6101	75.9412	76.3769	76.8364	77.3335	77.8412	78.3675	78.8929	79.4054	79.8738	80.3429
909	Oceania	76.3331	75.5971	75.5297	75.6338	75.7687	75.8096	75.9681	76.111	76.3626	76.5557	76.9135	77.1808	77.444	77.6586	77.9723	78.4269
927	Australia/New Zealand	81.5364	80.9285	81.105	81.2929	81.4107	81.648	81.911	82.1809	82.4055	82.7498	83.0862	83.3345	83.5599	83.7503	84.1981	84.3868
36	Australia	81.2855	80.0274	80.1226	80.3388	80.6152	80.9048	81.1869	81.4548	81.741	82.0177	82.2941	82.5556	82.829	83.1196	83.4103	83.6793
554	New Zealand	80.0829	79.47	79.5114	79.7386	80.0114	80.3536	80.7041	81.0285	81.3606	81.6868	81.987	82.2715	82.5855	82.866	83.1586	83.4637
928	Melanesia	62.7391	61.2204	60.9261	60.8511	61.0395	60.9769	61.0757	61.2264	61.3254	61.5493	61.7597	62.2172	62.4814	62.5027	63.0509	63.2825
242	Fiji	64.7037	63.3204	62.9016	62.6655	62.55	62.5106	62.5276	62.5611	62.6688	62.7743	62.9037	63.0163	63.1374	63.3123	63.4716	63.6887
540	New Caledonia	76.1161	76.0413	76.3736	76.8536	77.3526	77.8249	78.269	78.6492	78.9839	79.3033	79.6207	79.9308	80.228	80.5376	80.8036	81.1053
598	Papua New Guinea	61.738	60.1546	59.6969	59.4076	59.298	59.2516	59.2601	59.313	59.4071	59.5352	59.6453	59.772	59.9489	60.1374	60.3441	60.5282
90	Solomon Islands	67.6226	66.0684	65.5273	65.2243	65.0183	64.8736	64.7988	64.7419	64.7845	64.8231	64.845	64.906	65.0289	65.1557	65.2927	65.4577
548	Vanuatu	66.9439	65.5425	65.3566	65.3587	65.4385	65.5621	65.7793	66.0191	66.2695	66.5437	66.8387	67.1793	67.5044	67.9177	68.3547	68.8102
954	Micronesia	68.7993	68.958	69.2011	69.5796	69.9341	70.1678	70.5422	70.9377	71.2562	71.7596	72.2641	72.6315	73.0438	73.6624	74.0148	74.3998
316	Guam	72.9044	73.0215	73.2192	73.6105	74.1005	74.6432	75.2184	75.8412	76.4955	77.1573	77.7998	78.3882	78.945	79.3962	79.8261	80.268
296	Kiribati	64.0789	62.6143	62.251	62.1203	62.0594	62.0751	62.1155	62.2345	62.3505	62.5197	62.6576	62.8717	63.0498	63.2985	63.5616	63.798
584	Marshall Islands	61.9775	60.1026	59.4686	59.0298	58.7399	58.5694	58.4669	58.3834	58.3214	58.3081	58.2968	58.334	58.427	58.4832	58.5814	58.697
583	Micronesia (Fed. States of)	66.0667	65.252	64.9753	64.9378	64.991	65.1222	65.3466	65.6038	65.8904	66.2311	66.5746	66.9822	67.3771	67.8406	68.2916	68.7863
520	Nauru	58.8234	57.4392	57.154	57.0496	57.0416	57.1415	57.2899	57.4521	57.6914	57.9478	58.1674	58.407	58.6822	58.9287	59.2219	59.5057
580	Northern Mariana Islands	74.5282	73.3183	72.9922	72.8615	72.8899	72.97	73.1843	73.4393	73.7506	74.0354	74.4105	74.8353	75.2541	75.7319	76.2388	76.7557
585	Palau	60.7156	59.2166	58.9745	58.9129	58.9883	59.1372	59.2931	59.4795	59.717	59.9468	60.2384	60.5414	60.8377	61.173	61.4827	61.8265
957	Polynesia	73.6288	73.9905	74.3342	74.5691	74.9095	75.2379	75.6396	76.0779	76.4147	76.7038	76.989	77.2048	77.5154	78.048	78.3802	78.6613
16	American Samoa	68.4575	67.0426	66.5833	66.3288	66.1698	66.1468	66.1731	66.2531	66.4068	66.6103	66.8131	67.0635	67.3216	67.6386	67.9869	68.3379
184	Cook Islands	70.0729	69.1632	69.1463	69.2972	69.5846	69.9382	70.3348	70.7646	71.2956	71.8425	72.417	73.0093	73.598	74.2285	74.8738	75.5222
258	French Polynesia	79.1833	79.844	80.0142	80.2333	80.4739	80.7292	80.9584	81.2072	81.4332	81.6698	81.93	82.1838	82.4506	82.7035	82.9805	83.2601
570	Niue	67.8419	66.3689	65.9333	65.6758	65.5324	65.4708	65.4678	65.5185	65.6157	65.7316	65.8783	66.0544	66.2692	66.4899	66.7218	66.9658
882	Samoa	68.8333	67.32	66.9856	66.8699	66.8623	66.9411	67.09	67.2656	67.5358	67.8006	68.1089	68.4399	68.8548	69.2403	69.6642	70.1487
772	Tokelau	72.9927	71.2685	70.6024	70.1611	69.8641	69.6745	69.56	69.5178	69.5116	69.5891	69.6659	69.7815	69.9977	70.268	70.5321	70.7943
776	Tonga	67.0778	65.5561	65.1057	64.8747	64.7828	64.7342	64.7869	64.8297	64.9083	65.0531	65.2418	65.4448	65.6752	65.9279	66.1835	66.4876
798	Tuvalu	59.5045	58.2603	58.1246	58.1634	58.3205	58.5488	58.7835	59.0172	59.2811	59.5849	59.8534	60.1544	60.4825	60.7832	61.0687	61.3872
876	Wallis and Futuna Islands	77.2882	76.7794	76.568	76.5717	76.6754	76.8742	77.1249	77.4435	77.7951	78.1928	78.6417	79.0922	79.5409	80.0269	80.5077	80.9737
