country_code	name	2020-2025	2025-2030	2030-2035	2035-2040	2040-2045	2045-2050	2050-2055	2055-2060	2060-2065	2065-2070	2070-2075	2075-2080	2080-2085	2085-2090	2090-2095	2095-2100
900	World	69.4999	70.818	71.4089	72.0234	72.6339	73.1929	73.6872	74.185	74.7144	75.1941	75.6383	76.1037	76.4853	76.9312	77.3866	77.8258
1834	Sub-Saharan Africa	58.3089	59.4461	60.0786	60.7122	61.2565	61.8803	62.5863	63.182	63.8297	64.439	64.9858	65.5957	66.1906	66.753	67.334	67.9528
1833	Northern Africa and Western Asia	70.2859	71.5064	72.1221	72.8256	73.5395	74.1862	74.7312	75.225	75.6642	76.1582	76.671	77.2118	77.6978	78.2209	78.7377	79.2337
1831	Central and Southern Asia	67.3001	68.9175	69.404	69.9421	70.4621	71.1226	71.7258	72.427	72.9463	73.6655	74.3588	74.949	75.5625	76.3301	77.1238	77.8475
1832	Eastern and South-Eastern Asia	73.8444	74.2791	74.8016	75.2796	75.9464	76.6244	77.1978	77.8367	78.4363	79.0411	79.6292	80.1064	80.5315	81.0146	81.5376	82.1077
1830	Latin America and the Caribbean	70.5629	72.6456	73.419	74.2702	74.9704	75.8892	76.7709	77.6261	78.4113	79.1687	79.9273	80.6105	81.3102	81.9621	82.6437	83.2651
1835	Oceania (excluding Australia and New Zealand)	64.1829	63.6187	63.7056	63.6881	63.9858	64.0673	64.4254	64.8142	65.0269	65.2396	65.6438	66.0591	66.4113	66.8671	67.368	67.7201
1836	Australia/New Zealand	81.6451	81.213	81.5275	81.9333	82.3491	82.7408	83.1834	83.5043	83.8781	84.2695	84.6775	85.0644	85.4042	85.7292	86.1552	86.4879
1829	Europe and Northern America	75.1436	77.058	77.7606	78.4413	79.1615	79.8634	80.4773	81.144	81.7872	82.4382	83.0579	83.6385	84.2065	84.7393	85.3342	85.8493
901	More developed regions	75.9353	77.6858	78.3519	79.0272	79.7243	80.3847	80.9793	81.5988	82.2582	82.9044	83.5359	84.1343	84.6947	85.2348	85.7622	86.2747
902	Less developed regions	68.2067	69.4491	70.0519	70.6886	71.3121	71.9206	72.4571	72.9876	73.525	74.005	74.4684	74.9357	75.3368	75.7769	76.2226	76.6917
941	Least developed countries	62.413	63.5763	64.2011	64.8027	65.3984	65.9867	66.5171	67.0865	67.5885	68.102	68.6049	69.1007	69.5567	70.0638	70.5814	71.1448
934	Less developed regions, excluding least developed countries	69.3976	70.6582	71.2404	71.8709	72.528	73.1385	73.7238	74.3043	74.8333	75.306	75.7983	76.312	76.7509	77.2644	77.7483	78.0933
948	Less developed regions, excluding China	66.2829	67.8816	68.4732	69.052	69.6457	70.2571	70.8222	71.3808	71.9398	72.5248	73.1044	73.5634	74.0478	74.5845	75.1439	75.6294
1636	Land-locked Developing Countries (LLDC)	61.7273	63.0002	63.5779	64.133	64.7026	65.3226	65.8553	66.3645	66.863	67.3836	67.9121	68.3565	68.93	69.5697	70.1639	70.7558
1637	Small Island Developing States (SIDS)	69.1532	70.035	70.564	71.0799	71.5101	71.9085	72.371	72.7075	73.084	73.4233	73.7519	74.0853	74.5054	74.9071	75.2721	75.6921
1503	High-income countries	78.2626	79.4495	80.0498	80.6246	81.2559	81.8551	82.4428	82.9807	83.5503	84.1338	84.699	85.2643	85.781	86.3025	86.7984	87.2724
1517	Middle-income countries	68.7253	70.1176	70.7409	71.4118	72.089	72.7622	73.3981	73.9707	74.5349	75.0694	75.5566	76.0694	76.5568	77.068	77.5766	77.9856
1502	Upper-middle-income countries	72.8354	73.9817	74.651	75.405	76.2403	77.0613	77.7735	78.6029	79.3893	80.1011	80.6725	81.2422	81.7249	82.2294	82.7928	83.2932
1501	Lower-middle-income countries	65.7832	67.2908	67.7787	68.2943	68.89	69.4808	70.1131	70.6921	71.2987	71.9007	72.5533	73.1165	73.7177	74.2548	74.8625	75.3802
1500	Low-income countries	60.5655	61.7891	62.3897	62.9839	63.5547	64.0162	64.5547	65.0563	65.5743	65.974	66.5056	67.0104	67.497	67.989	68.557	69.1475
1518	No income group available	66.5779	67.1808	67.5078	67.8316	68.4619	68.9908	69.5457	70.1612	71.0015	71.7562	72.4908	73.397	74.3376	75.0259	75.7922	76.6281
903	Africa	60.2434	61.3323	61.9189	62.5531	63.0905	63.6728	64.3166	64.915	65.4801	66.0641	66.5194	67.1139	67.706	68.2278	68.8206	69.3653
910	Eastern Africa	61.0728	62.4213	63.0582	63.6896	64.3161	64.9165	65.484	66.0639	66.7175	67.2726	67.8493	68.4595	69.0739	69.7429	70.382	71.1016
108	Burundi	59.0708	58.9259	58.8954	58.9775	59.1234	59.2967	59.4984	59.7292	59.9381	60.1639	60.4274	60.704	60.9665	61.2528	61.5258	61.7865
174	Comoros	61.0835	61.1841	61.4542	61.8256	62.1916	62.5649	62.9529	63.321	63.7032	64.0774	64.4392	64.8334	65.2343	65.6343	66.0379	66.4548
262	Djibouti	59.5254	59.7436	59.9388	60.2415	60.5593	60.9199	61.2748	61.6353	62.0214	62.4153	62.7851	63.1581	63.5437	63.9585	64.3399	64.743
232	Eritrea	63.9983	64.6329	64.9498	65.3361	65.7479	66.1651	66.6092	67.0192	67.4433	67.8887	68.3576	68.8315	69.3361	69.8774	70.4173	71.0283
231	Ethiopia	61.9308	62.4484	62.7634	63.1283	63.5135	63.9022	64.2856	64.6952	65.1049	65.5155	65.9315	66.3588	66.7849	67.2334	67.7032	68.1951
404	Kenya	59.2256	59.7275	59.9386	60.2354	60.5668	60.9144	61.2653	61.6064	61.9594	62.3291	62.6776	63.0497	63.4177	63.8274	64.2315	64.6241
450	Madagascar	62.3724	63.0095	63.3274	63.7056	64.0785	64.4756	64.8593	65.2291	65.5986	65.9695	66.3551	66.7449	67.1281	67.5549	67.9784	68.4282
454	Malawi	59.091	59.5645	59.7918	60.1021	60.4298	60.7741	61.1408	61.5043	61.8845	62.2667	62.6665	63.0662	63.4624	63.873	64.2795	64.6874
480	Mauritius	70.7807	71.2344	71.3225	71.5588	71.8878	72.2689	72.7261	73.2182	73.751	74.3278	74.938	75.5865	76.252	76.9423	77.6454	78.3535
175	Mayotte	72.1805	73.7023	74.2309	74.8772	75.5836	76.3491	77.1573	77.9539	78.7243	79.4473	80.1235	80.7231	81.2666	81.7795	82.258	82.7168
508	Mozambique	56.8703	57.6564	57.984	58.4008	58.8265	59.227	59.647	60.0623	60.4919	60.9077	61.3208	61.7125	62.0992	62.5062	62.8901	63.2975
638	Réunion	78.7444	79.1532	79.6228	80.071	80.484	80.8781	81.2514	81.6122	81.9776	82.3394	82.7109	83.076	83.4336	83.8073	84.1673	84.5498
646	Rwanda	63.5311	63.1005	63.1773	63.3393	63.554	63.7814	64.0357	64.3141	64.6134	64.9183	65.217	65.5395	65.864	66.199	66.5633	66.9559
690	Seychelles	68.8698	70.1589	70.6713	71.3151	72.017	72.7641	73.5514	74.361	75.192	76.0491	76.8913	77.7426	78.5009	79.2038	79.8357	80.4376
706	Somalia	53.3494	53.8043	53.9243	54.1921	54.512	54.8851	55.2587	55.6943	56.09	56.5219	56.9315	57.3872	57.8395	58.2706	58.7019	59.1161
728	South Sudan	53.1051	53.0957	53.1412	53.3077	53.5427	53.8213	54.0987	54.4372	54.7865	55.1611	55.5221	55.8831	56.2572	56.6196	56.9943	57.3582
800	Uganda	60.0836	59.6412	59.6742	59.807	59.9835	60.1848	60.4079	60.664	60.9366	61.2284	61.526	61.8086	62.0952	62.3858	62.6841	63.0062
834	United Republic of Tanzania	63.8655	63.9369	64.0687	64.297	64.568	64.886	65.2081	65.5478	65.8908	66.2417	66.6318	67.0535	67.465	67.8784	68.3133	68.8092
894	Zambia	58.5523	58.6898	58.6607	58.7449	58.8918	59.089	59.3139	59.5401	59.7826	60.0398	60.2908	60.5758	60.8619	61.1675	61.4868	61.8062
716	Zimbabwe	56.7482	56.9478	56.7809	56.7516	56.7832	56.8514	56.9607	57.1082	57.2638	57.4596	57.64	57.8714	58.1169	58.3606	58.6167	58.8746
911	Middle Africa	57.1828	57.7925	58.0804	58.4125	58.8148	59.043	59.4379	59.8455	60.2875	60.6617	61.0028	61.3197	61.655	61.9811	62.4511	62.8096
24	Angola	58.7993	58.7093	58.7474	58.898	59.1054	59.3325	59.5926	59.8413	60.104	60.3785	60.6703	60.9531	61.2453	61.5211	61.8386	62.1488
120	Cameroon	58.5784	58.7261	58.6622	58.7212	58.8457	58.9805	59.1452	59.3283	59.5293	59.7339	59.9693	60.1953	60.4162	60.6566	60.8941	61.16
140	Central African Republic	51.533	51.656	51.7491	51.9751	52.2368	52.5639	52.9184	53.2678	53.6239	53.9811	54.3416	54.6993	55.0568	55.4346	55.7551	56.0884
148	Chad	50.2773	49.8768	49.7522	49.7938	49.9251	50.1064	50.3208	50.5599	50.8247	51.099	51.3797	51.6665	51.9381	52.2291	52.5476	52.8379
178	Congo	60.8698	59.7517	59.6192	59.595	59.6457	59.7396	59.8606	60.0196	60.1938	60.3858	60.5923	60.8026	61.026	61.2606	61.4971	61.7301
180	Democratic Republic of the Congo	56.8479	56.9123	56.8984	56.9972	57.1607	57.3457	57.5721	57.8201	58.082	58.3413	58.6243	58.8985	59.1886	59.4771	59.7668	60.0533
226	Equatorial Guinea	58.4793	58.4665	58.3837	58.4293	58.5434	58.7056	58.8972	59.0951	59.2975	59.5599	59.8082	60.0533	60.3083	60.5318	60.8167	61.0916
266	Gabon	62.9929	62.9957	62.8266	62.7967	62.8256	62.8953	63.0049	63.1419	63.3108	63.4916	63.6962	63.9228	64.1877	64.4287	64.6902	64.9626
678	Sao Tome and Principe	64.7154	63.9773	63.6727	63.51	63.4442	63.4193	63.4526	63.5286	63.6278	63.7828	63.9413	64.1218	64.3367	64.5704	64.8464	65.1356
912	Northern Africa	68.8146	69.512	69.8477	70.3232	70.826	71.3178	71.7843	72.164	72.5802	73.1001	73.5652	74.064	74.5983	75.1367	75.6504	76.1227
12	Algeria	74.3739	74.7487	75.1268	75.6098	76.1585	76.7674	77.4035	78.0582	78.7335	79.4611	80.1834	80.9116	81.6101	82.2578	82.857	83.4157
818	Egypt	67.5967	67.9403	68.0137	68.206	68.457	68.7697	69.1165	69.5301	69.9559	70.4232	70.9342	71.4604	72.0491	72.6509	73.2824	73.949
434	Libya	69.0626	68.7533	69.0415	69.4371	69.9241	70.4689	71.0355	71.6465	72.2985	72.9792	73.6879	74.4142	75.1381	75.885	76.6498	77.423
504	Morocco	71.6939	71.7481	72.1284	72.6241	73.1961	73.8279	74.4806	75.188	75.915	76.6582	77.4503	78.2351	79.0519	79.8621	80.6135	81.3156
729	Sudan	62.215	61.6654	61.4346	61.3584	61.3722	61.434	61.5762	61.7303	61.911	62.1323	62.3543	62.6121	62.8757	63.1719	63.4719	63.7958
788	Tunisia	71.5859	72.8215	73.4018	74.0972	74.8454	75.6338	76.4568	77.3119	78.1407	78.9771	79.7461	80.4645	81.0862	81.6527	82.183	82.6702
732	Western Sahara	68.3165	67.8498	68.015	68.2573	68.528	68.8445	69.1539	69.5072	69.8958	70.2991	70.7501	71.2191	71.7124	72.2662	72.8302	73.3885
913	Southern Africa	59.1343	60.9722	60.9092	61.0928	61.0497	61.4777	61.8009	62.083	62.2251	62.7272	63.0228	63.4039	63.6262	63.9992	64.4328	64.9086
72	Botswana	61.3738	61.3737	61.2234	61.2149	61.2532	61.3599	61.5225	61.7045	61.8734	62.0647	62.289	62.5092	62.7559	63.0005	63.2872	63.5749
748	Eswatini	53.7889	55.8741	56.0237	56.2634	56.5738	56.9074	57.2523	57.6118	57.9716	58.3333	58.7139	59.0856	59.4493	59.8432	60.2382	60.6299
426	Lesotho	50.149	49.6985	49.5885	49.6021	49.7171	49.8653	50.0543	50.2877	50.4666	50.6747	50.9445	51.2078	51.4874	51.7643	52.0437	52.3248
516	Namibia	56.182	58.2818	58.3844	58.5947	58.8422	59.1314	59.4256	59.74	60.0613	60.4002	60.7417	61.0876	61.4544	61.8357	62.1853	62.56
710	South Africa	59.7537	61.3664	61.2854	61.3182	61.4426	61.6087	61.803	62.0423	62.2816	62.5467	62.8379	63.1132	63.4212	63.7224	64.0715	64.4071
914	Western Africa	55.4324	55.6691	56.0699	56.579	57.024	57.6134	58.1532	58.8993	59.4596	60.0872	60.5732	61.2265	61.9228	62.4439	63.0913	63.6948
204	Benin	57.6137	57.6254	57.6215	57.7316	57.8654	58.0657	58.2741	58.5113	58.7293	58.9825	59.2372	59.4864	59.7606	60.0376	60.2889	60.5426
854	Burkina Faso	57.0424	56.9195	57.0047	57.1849	57.4082	57.6603	57.937	58.2329	58.5351	58.8213	59.0914	59.3694	59.6481	59.9747	60.2798	60.5517
132	Cabo Verde	70.3319	71.5687	72.1874	72.8933	73.689	74.5016	75.3623	76.2411	77.1034	77.9077	78.6527	79.3129	79.9198	80.4684	80.9924	81.465
384	Côte d'Ivoire	56.9931	56.7156	56.7038	56.7782	56.936	57.1035	57.308	57.5397	57.7644	58.0049	58.2648	58.5056	58.7526	59.0081	59.2791	59.5232
270	Gambia	60.7172	61.1861	61.2463	61.3941	61.5706	61.7658	61.9711	62.2118	62.4477	62.6681	62.8997	63.15	63.4186	63.6495	63.9326	64.2246
288	Ghana	61.1498	61.2619	61.1872	61.2304	61.3306	61.4889	61.6632	61.8731	62.0933	62.3383	62.5739	62.844	63.1047	63.3692	63.6514	63.9768
324	Guinea	57.0167	57.1022	57.1141	57.2486	57.4081	57.6337	57.8673	58.1105	58.3716	58.6352	58.9031	59.1902	59.4207	59.7019	59.9767	60.2642
624	Guinea-Bissau	57.0199	57.4939	57.5643	57.7378	57.9757	58.2326	58.4938	58.7674	59.0863	59.3766	59.6698	59.9589	60.2538	60.5599	60.8979	61.2152
430	Liberia	58.9046	58.6703	58.7222	58.9077	59.1134	59.3674	59.6172	59.8855	60.1647	60.4433	60.7517	61.0347	61.3344	61.617	61.92	62.2145
466	Mali	57.1056	57.3734	57.5007	57.7041	57.9287	58.1889	58.4624	58.7499	59.0063	59.2727	59.5329	59.8017	60.0917	60.3632	60.6174	60.8957
478	Mauritania	62.299	62.7768	62.9209	63.1464	63.4147	63.7175	64.0242	64.3504	64.6869	65.0178	65.3493	65.6767	66.0339	66.3996	66.7921	67.1912
562	Niger	60.197	61.1282	61.4651	61.8786	62.2873	62.6759	63.0468	63.4003	63.7117	64.0474	64.3638	64.6819	64.9802	65.2908	65.5881	65.8987
566	Nigeria	51.6903	51.0465	51.0507	51.1827	51.3817	51.6336	51.9106	52.2148	52.528	52.8531	53.1619	53.4935	53.8434	54.214	54.557	54.896
654	Saint Helena	73.6214	73.2755	73.4882	73.8394	74.27	74.7479	75.2854	75.8544	76.4659	77.1268	77.7741	78.4506	79.0852	79.6769	80.2388	80.772
686	Senegal	64.9867	65.8853	66.4859	67.1225	67.7422	68.3409	68.9996	69.6459	70.3184	71.0153	71.7282	72.4887	73.2216	74.005	74.8232	75.6378
694	Sierra Leone	57.9605	57.5937	57.6317	57.7688	57.9719	58.1893	58.4368	58.7036	58.9573	59.2154	59.4798	59.7549	60.0258	60.3119	60.5923	60.8619
768	Togo	59.749	59.0063	59.0258	59.1774	59.3703	59.5964	59.8393	60.1167	60.3816	60.6524	60.9557	61.2517	61.541	61.8392	62.1548	62.4275
935	Asia	71.0278	72.175	72.8307	73.4725	74.1466	74.8384	75.422	76.0511	76.6226	77.2299	77.796	78.3647	78.9175	79.5428	80.145	80.7747
5500	Central Asia	66.956	67.4954	67.615	67.8975	68.2365	68.6523	69.1309	69.5949	70.0904	70.7034	71.2793	72.0341	72.7108	73.4423	74.2601	75.1102
398	Kazakhstan	65.419	66.1502	66.0601	66.1043	66.2487	66.4593	66.7341	67.0592	67.4238	67.8587	68.3014	68.7818	69.2945	69.8431	70.4434	71.067
417	Kyrgyzstan	65.5497	65.9664	65.9717	66.1355	66.393	66.725	67.1159	67.5294	68.004	68.4919	69.0542	69.6255	70.2471	70.8669	71.5561	72.2414
762	Tajikistan	67.7162	67.3712	67.2431	67.2551	67.3409	67.492	67.6616	67.8895	68.1478	68.4559	68.7999	69.1905	69.6279	70.1009	70.6237	71.1432
795	Turkmenistan	64.8763	64.1282	64.0637	64.1352	64.2621	64.4527	64.7012	64.9732	65.2583	65.5854	65.9435	66.3265	66.7223	67.1731	67.6512	68.138
860	Uzbekistan	67.752	67.1417	66.9268	66.8484	66.8726	66.9788	67.1258	67.3349	67.5749	67.8429	68.1398	68.5286	68.9212	69.3545	69.8415	70.3737
906	Eastern Asia	75.9209	76.0148	76.4778	77.0502	77.7915	78.5526	79.1928	80.0109	80.6721	81.3801	81.9353	82.5314	82.95	83.4453	83.9839	84.5781
156	China	75.096	75.1528	75.6709	76.3185	77.0214	77.7654	78.5564	79.3498	80.0915	80.771	81.4144	81.995	82.5108	83.0122	83.4797	83.936
344	China, Hong Kong SAR	81.9184	81.9406	82.1327	82.391	82.7019	83.0366	83.3818	83.7496	84.1297	84.5121	84.895	85.2876	85.6897	86.0863	86.4978	86.9219
446	China, Macao SAR	82.1549	81.8394	82.0394	82.3137	82.6446	82.984	83.3465	83.706	84.1041	84.4893	84.8842	85.2794	85.6749	86.0831	86.4873	86.9055
158	China, Taiwan Province of China	77.4225	77.6078	78.2392	78.9066	79.501	80.0288	80.5124	80.9639	81.4017	81.8223	82.229	82.6318	83.0374	83.4533	83.8513	84.2473
408	Dem. People's Republic of Korea	70.0595	69.33	69.2758	69.3889	69.5829	69.873	70.2274	70.6265	71.0809	71.5676	72.0923	72.6524	73.2478	73.8619	74.5537	75.2668
392	Japan	81.1874	80.8824	81.0904	81.3797	81.7065	82.0491	82.3901	82.7728	83.1422	83.5199	83.8995	84.2818	84.6741	85.0644	85.4523	85.8418
496	Mongolia	66.9243	67.2266	67.8949	68.6713	69.4977	70.3702	71.2567	72.1715	73.0977	74.0466	75.0051	75.9657	76.8962	77.7723	78.5682	79.2841
410	Republic of Korea	79.9999	79.8851	80.1246	80.4221	80.7486	81.0826	81.4378	81.8111	82.1677	82.5505	82.923	83.3045	83.6847	84.0857	84.4835	84.8853
5501	Southern Asia	67.2756	68.8992	69.4004	69.9197	70.4265	71.0978	71.6684	72.4021	72.894	73.6098	74.3208	74.8789	75.5098	76.2718	77.0219	77.7388
4	Afghanistan	59.2972	60.2985	60.7547	61.2294	61.6845	62.1414	62.555	62.9852	63.3909	63.7951	64.1793	64.58	64.9799	65.363	65.7874	66.2175
50	Bangladesh	70.2874	70.5208	71.0714	71.7154	72.403	73.1226	73.8813	74.6545	75.4597	76.2775	77.1169	77.964	78.8102	79.6292	80.4112	81.1509
64	Bhutan	69.5401	69.3992	69.8076	70.2788	70.7895	71.3439	71.9322	72.5571	73.1844	73.8465	74.5283	75.2506	75.9946	76.7538	77.5437	78.3465
356	India	67.4235	69.0556	69.454	69.9158	70.4045	70.9453	71.5023	72.0741	72.6751	73.3203	73.9881	74.6977	75.42	76.1995	76.9747	77.7669
364	Iran (Islamic Republic of)	72.0035	73.1378	73.6327	74.2611	74.938	75.6627	76.4377	77.2291	78.0362	78.8487	79.6526	80.4085	81.0817	81.6952	82.2576	82.7904
462	Maldives	79.0119	79.3753	79.9742	80.6498	81.3429	82.0548	82.7305	83.3503	83.9136	84.4129	84.8582	85.2778	85.6466	86.0119	86.3775	86.7263
524	Nepal	67.1014	67.4861	67.9526	68.4656	68.9642	69.4949	70.0466	70.5946	71.1824	71.7991	72.4483	73.0987	73.7874	74.4936	75.2208	75.9864
586	Pakistan	63.3985	63.1116	63.0625	63.1408	63.2866	63.4747	63.6876	63.9555	64.2456	64.5338	64.8434	65.1754	65.529	65.8956	66.2804	66.6944
144	Sri Lanka	72.1734	71.9067	72.3656	72.9264	73.5633	74.2485	74.9737	75.7217	76.5131	77.3031	78.0571	78.7945	79.4529	80.0586	80.63	81.1511
920	South-Eastern Asia	68.5758	69.5497	69.9704	70.3507	70.8308	71.3014	71.7623	72.2523	72.8449	73.3396	73.876	74.4646	75.0366	75.5645	76.1312	76.8535
96	Brunei Darussalam	71.7017	71.0303	71.7615	71.9516	72.176	72.5224	72.8935	73.3307	73.8041	74.3074	74.8516	75.3949	75.9907	76.6085	77.2357	77.889
116	Cambodia	67.0636	67.2713	67.292	67.4262	67.609	67.8392	68.0904	68.3903	68.74	69.1052	69.49	69.9151	70.3814	70.9067	71.417	71.9479
360	Indonesia	66.3367	67.0685	66.9798	67.0427	67.1757	67.3626	67.5782	67.8467	68.1326	68.439	68.7762	69.1724	69.589	70.0375	70.5251	71.0304
418	Lao People's Democratic Republic	65.8053	65.6446	66.0236	66.4266	66.8269	67.2229	67.6026	67.9907	68.396	68.8228	69.2445	69.7145	70.1846	70.6855	71.2289	71.7919
458	Malaysia	72.8816	72.6945	72.9198	73.268	73.7062	74.2325	74.7781	75.3565	75.9808	76.6326	77.3319	78.0543	78.7589	79.4784	80.169	80.819
104	Myanmar	62.8398	62.5959	62.7665	63.0266	63.3432	63.6856	64.0294	64.3921	64.7632	65.1458	65.5275	65.9701	66.3925	66.8401	67.3004	67.7745
608	Philippines	68.6996	68.3161	68.0843	68.0125	68.0291	68.114	68.2717	68.4936	68.7491	69.0427	69.388	69.8126	70.2559	70.7431	71.2868	71.8625
702	Singapore	80.9192	81.3302	81.6127	81.93	82.2773	82.6218	82.98	83.3273	83.6949	84.0797	84.4538	84.8333	85.2173	85.6167	86.0191	86.3975
764	Thailand	74.6475	75.0926	75.9004	76.7329	77.5276	78.2125	78.791	79.3038	79.7848	80.2295	80.6704	81.0808	81.499	81.9173	82.3254	82.7428
626	Timor-Leste	66.1399	66.0169	66.2822	66.5893	66.9208	67.2544	67.5822	67.9276	68.2636	68.6193	68.9848	69.3739	69.8169	70.2571	70.7315	71.2539
704	Viet Nam	69.2065	68.7966	69.1245	69.5749	70.1041	70.7174	71.3789	72.0803	72.8163	73.5813	74.3879	75.2029	76.0462	76.8701	77.6561	78.3978
922	Western Asia	71.3832	72.7253	73.3839	74.1291	74.9683	75.6365	76.2023	76.7278	77.2244	77.7445	78.2086	78.6367	79.1149	79.6709	80.2188	80.7732
51	Armenia	67.9923	69.8972	70.2215	70.6914	71.2345	71.8391	72.4876	73.1662	73.8797	74.6252	75.3638	76.1275	76.8904	77.5914	78.2643	78.8768
31	Azerbaijan	67.2065	68.8308	68.7328	68.7666	68.8902	69.1095	69.4107	69.7504	70.1399	70.5664	71.0367	71.5361	72.0883	72.6425	73.2525	73.9013
48	Bahrain	77.9824	78.4945	78.8153	79.249	79.7632	80.3275	80.93	81.5446	82.1553	82.7401	83.3037	83.8053	84.2535	84.6846	85.1052	85.4995
196	Cyprus	79.1674	79.2511	79.6509	80.159	80.6987	81.2665	81.8081	82.3041	82.7722	83.2106	83.6393	84.0406	84.4338	84.8179	85.2097	85.5856
268	Georgia	66.8099	67.7955	68.0453	68.4332	68.9152	69.4559	70.0471	70.6816	71.3423	72.0199	72.7182	73.466	74.2335	74.9889	75.7656	76.5354
368	Iraq	67.9073	68.0013	67.833	67.8118	67.8705	67.9933	68.1668	68.3911	68.6501	68.9181	69.25	69.614	70.0411	70.4811	70.9463	71.4282
376	Israel	80.1862	80.5876	80.9389	81.3351	81.7302	82.1082	82.4772	82.8439	83.2005	83.5567	83.9156	84.2514	84.6256	84.9944	85.3658	85.7118
400	Jordan	72.1281	73.0585	73.2135	73.5215	73.9238	74.3849	74.9188	75.4894	76.0875	76.7348	77.406	78.0861	78.7866	79.4911	80.1964	80.8888
414	Kuwait	77.2192	78.1086	78.5983	79.2049	79.8548	80.5375	81.2034	81.8237	82.3886	82.8959	83.3813	83.8361	84.2674	84.6805	85.0899	85.4906
422	Lebanon	73.7568	76.4268	76.55	76.809	77.1478	77.5648	78.0377	78.538	79.077	79.6437	80.2121	80.789	81.3423	81.8759	82.3682	82.8545
512	Oman	73.5867	76.3987	76.9273	77.5652	78.2522	78.9911	79.7386	80.5007	81.2537	81.9615	82.6149	83.2132	83.7391	84.2346	84.697	85.1312
634	Qatar	79.0722	79.7705	80.1675	80.6782	81.2581	81.8559	82.4441	82.9788	83.4853	83.9537	84.3894	84.8201	85.227	85.6233	86.0311	86.4369
682	Saudi Arabia	75.4088	75.6375	76.0283	76.5272	77.1048	77.7352	78.391	79.0893	79.814	80.5464	81.2698	81.9559	82.5841	83.1726	83.7072	84.2138
275	State of Palestine	71.164	72.2611	72.4299	72.7368	73.1074	73.5612	74.0651	74.6217	75.2	75.8374	76.4745	77.1505	77.8402	78.5756	79.2814	79.9721
760	Syrian Arab Republic	67.9217	67.1859	67.3106	67.5354	67.8654	68.228	68.6576	69.1199	69.6237	70.165	70.7492	71.3513	71.9869	72.6234	73.2737	73.9356
792	Türkiye	73.7738	74.6548	75.2552	75.9611	76.7208	77.5365	78.3633	79.1567	79.9066	80.5857	81.1701	81.7074	82.2178	82.6953	83.1627	83.592
784	United Arab Emirates	77.396	78.0308	78.5239	79.1304	79.802	80.4908	81.1808	81.8223	82.4176	82.9738	83.4704	83.9373	84.3798	84.7974	85.2057	85.605
887	Yemen	60.3883	61.2595	61.6443	62.0995	62.5663	63.0351	63.4905	63.9376	64.3683	64.8284	65.3162	65.7606	66.231	66.7297	67.2547	67.7779
908	Europe	74.7576	76.798	77.5028	78.2392	78.9629	79.6722	80.408	81.0883	81.8242	82.5161	83.172	83.8414	84.4316	85.0374	85.622	86.1425
923	Eastern Europe	68.3011	70.7111	71.2675	71.942	72.6656	73.4608	74.3051	74.9861	75.7817	76.508	77.2093	77.963	78.6933	79.3986	79.9611	80.5633
112	Belarus	67.6931	68.653	69.1259	69.7097	70.3784	71.0957	71.8312	72.6165	73.4122	74.2384	75.0723	75.8848	76.6671	77.3792	78.0411	78.6428
100	Bulgaria	68.9499	70.9726	71.2313	71.6342	72.1219	72.6515	73.2406	73.8723	74.5309	75.2177	75.9291	76.6348	77.356	78.0548	78.754	79.4214
203	Czechia	75.1882	75.8606	76.1523	76.5648	77.066	77.6229	78.214	78.8348	79.4228	80.0122	80.5618	81.0713	81.5619	82.0172	82.464	82.9008
348	Hungary	71.7367	72.4787	72.7926	73.2422	73.7709	74.3618	75.0054	75.7035	76.4154	77.1467	77.8968	78.6506	79.3489	80.011	80.6121	81.178
616	Poland	73.0277	73.8059	74.236	74.7846	75.3927	76.0607	76.7615	77.4595	78.1458	78.7831	79.3736	79.9125	80.4245	80.8865	81.3353	81.7523
498	Republic of Moldova	64.3573	65.1644	65.169	65.305	65.5462	65.8442	66.2098	66.616	67.0632	67.5561	68.0716	68.63	69.2218	69.8249	70.4722	71.1378
642	Romania	70.8807	72.3397	72.6577	73.1094	73.6585	74.2604	74.9169	75.6315	76.3698	77.1327	77.9051	78.63	79.297	79.951	80.5442	81.1038
643	Russian Federation	66.032	68.1583	68.4294	68.8168	69.3012	69.8342	70.4116	71.0297	71.6836	72.3502	73.0318	73.7546	74.4979	75.2444	75.9871	76.7319
703	Slovakia	72.7147	73.922	74.3376	74.8618	75.485	76.1411	76.8388	77.5574	78.257	78.935	79.5858	80.1792	80.7225	81.2175	81.6899	82.1445
804	Ukraine	66.3845	68.7466	69.0989	69.5746	70.1332	70.7581	71.402	72.0757	72.7884	73.5249	74.2988	75.0467	75.8095	76.5413	77.2505	77.8862
924	Northern Europe	79.1432	79.8933	80.3727	80.9638	81.5222	82.0986	82.7005	83.2218	83.6999	84.1252	84.6138	85.1273	85.6022	86.033	86.5828	86.9302
208	Denmark	79.1933	79.0695	79.4039	79.8495	80.3441	80.8707	81.3623	81.8413	82.3031	82.7533	83.1694	83.5703	83.9643	84.3505	84.7287	85.1237
233	Estonia	73.7663	74.2604	74.7861	75.4143	76.094	76.807	77.4871	78.1333	78.7116	79.256	79.7461	80.2053	80.6575	81.0898	81.4955	81.9197
234	Faroe Islands	76.8484	76.2715	76.5641	76.9828	77.4726	78.0392	78.6516	79.3052	79.9803	80.6584	81.3458	81.9776	82.5541	83.0896	83.6076	84.1011
246	Finland	79.0083	79.1149	79.5848	80.083	80.5578	81.0121	81.4243	81.8302	82.2292	82.616	83.0073	83.3949	83.7756	84.1551	84.5486	84.9297
831	Guernsey	80.2931	80.3206	80.6544	81.0787	81.5278	81.9709	82.3925	82.809	83.1891	83.5531	83.9136	84.2589	84.6209	84.9881	85.3567	85.7317
352	Iceland	80.7036	80.4707	80.7709	81.1614	81.6034	82.0524	82.492	82.9002	83.3051	83.6885	84.0638	84.4416	84.8166	85.1982	85.5612	85.9532
372	Ireland	80.2486	80.2147	80.5916	81.0659	81.5609	82.0347	82.4898	82.9082	83.3203	83.7052	84.0862	84.4814	84.8583	85.2465	85.6301	86.0173
833	Isle of Man	78.3377	78.3956	78.6915	79.1184	79.6037	80.1394	80.6856	81.227	81.7443	82.2306	82.6848	83.1258	83.5483	83.9723	84.3903	84.7804
832	Jersey	78.1029	78.2536	78.6839	79.2303	79.8219	80.4297	81.0097	81.5448	82.0315	82.5231	82.986	83.417	83.8508	84.2872	84.7045	85.1139
428	Latvia	70.2292	70.2841	70.4973	70.8449	71.2678	71.7507	72.2601	72.8248	73.4401	74.07	74.7222	75.406	76.0932	76.7878	77.4614	78.094
440	Lithuania	69.859	71.1766	71.5781	72.0876	72.669	73.328	74.0076	74.7255	75.4472	76.1869	76.9223	77.6168	78.2577	78.8471	79.4041	79.9063
578	Norway	81.0747	80.9387	81.2919	81.705	82.1051	82.5018	82.8852	83.2577	83.6253	83.9803	84.3473	84.7203	85.0907	85.4555	85.8311	86.2016
752	Sweden	80.9075	81.1107	81.4785	81.8886	82.2942	82.6818	83.0629	83.4409	83.808	84.1726	84.5405	84.9225	85.2919	85.6635	86.054	86.4224
826	United Kingdom	79.1016	79.546	79.8656	80.2941	80.7893	81.2888	81.7701	82.2411	82.68	83.1067	83.5134	83.9215	84.3122	84.7031	85.0728	85.4555
925	Southern Europe	79.3157	80.5566	81.1166	81.6898	82.2368	82.7952	83.3179	83.8026	84.2709	84.7019	85.2313	85.7772	86.294	86.7291	87.2739	87.7394
8	Albania	74.7094	76.9842	77.477	78.0846	78.7444	79.4617	80.1809	80.8776	81.5169	82.0838	82.605	83.0988	83.5561	83.989	84.4141	84.8339
20	Andorra	78.9417	80.8111	81.1799	81.5437	81.9074	82.2668	82.6325	82.9836	83.3503	83.7139	84.073	84.4456	84.8138	85.1943	85.569	85.9413
70	Bosnia and Herzegovina	73.2617	74.4861	74.7057	75.0616	75.5135	76.0021	76.5505	77.1468	77.7739	78.4292	79.1084	79.7802	80.4549	81.1007	81.6847	82.2444
191	Croatia	75.072	75.5119	75.9115	76.4359	77.0218	77.6674	78.3298	79.0167	79.681	80.3113	80.8917	81.4155	81.8985	82.362	82.8032	83.2388
292	Gibraltar	79.5141	80.3238	80.822	81.3576	81.8719	82.3516	82.8004	83.2358	83.6835	84.1221	84.542	84.9633	85.3916	85.8244	86.2415	86.6756
300	Greece	77.9463	78.7337	79.2848	79.8896	80.4726	81.0108	81.4925	81.9437	82.379	82.7696	83.1534	83.557	83.9517	84.347	84.7315	85.1335
380	Italy	80.7743	81.3337	81.6677	82.0196	82.382	82.755	83.1094	83.4756	83.841	84.2024	84.5891	84.9801	85.3627	85.7559	86.1464	86.5515
412	Kosovo (under UNSC res. 1244)	75.2911	76.187	76.4896	76.9155	77.4137	77.9847	78.5888	79.2219	79.8721	80.5	81.1037	81.6628	82.1816	82.6796	83.1425	83.5971
470	Malta	80.8435	80.9435	81.308	81.675	82.0447	82.4078	82.778	83.1198	83.487	83.8461	84.2194	84.599	84.9978	85.3758	85.7408	86.1204
499	Montenegro	73.0116	73.3961	73.7463	74.2296	74.7853	75.3681	76.0072	76.6801	77.3656	78.0674	78.7498	79.4193	80.0223	80.5898	81.1262	81.6258
807	North Macedonia	72.268	74.4087	74.6351	74.9895	75.4162	75.9042	76.4577	77.0381	77.6728	78.3264	78.9743	79.6409	80.3093	80.9546	81.5612	82.1334
620	Portugal	78.2014	78.7288	79.2745	79.819	80.3148	80.7636	81.1978	81.6051	82.0148	82.4181	82.824	83.229	83.6256	84.0229	84.4338	84.82
674	San Marino	79.6983	81.189	81.5141	81.9167	82.3405	82.7458	83.1355	83.5198	83.8932	84.2597	84.6286	84.9954	85.3596	85.7192	86.0781	86.4367
688	Serbia	71.4935	72.9924	73.2772	73.7019	74.2089	74.7772	75.4094	76.0966	76.8059	77.5639	78.3279	79.0734	79.8032	80.4623	81.0842	81.6701
705	Slovenia	78.2905	79.032	79.5855	80.1766	80.7187	81.22	81.679	82.1102	82.5265	82.9318	83.348	83.7543	84.1436	84.5297	84.9255	85.3135
724	Spain	80.1832	80.5196	80.7846	81.0924	81.4244	81.7618	82.1122	82.4644	82.8312	83.1989	83.5713	83.9432	84.34	84.7131	85.1039	85.5178
926	Western Europe	79.3824	80.181	80.7582	81.2576	81.7696	82.2455	82.7917	83.2724	83.9012	84.3643	84.8055	85.2935	85.7426	86.2032	86.7326	87.2266
40	Austria	79.1561	79.4711	79.9654	80.513	81.0325	81.5142	81.9619	82.3817	82.7894	83.1904	83.6016	84.001	84.376	84.7784	85.1522	85.5552
56	Belgium	79.1233	79.3912	79.8003	80.3026	80.7994	81.2767	81.7447	82.1931	82.6095	83.0065	83.3984	83.7843	84.1601	84.545	84.9144	85.3118
250	France	79.4086	79.7034	80.0255	80.3642	80.7053	81.0414	81.3935	81.7534	82.1131	82.4618	82.828	83.2195	83.5874	83.9741	84.3549	84.7381
276	Germany	78.3587	78.9297	79.3458	79.8378	80.3528	80.8466	81.3125	81.7439	82.1648	82.5633	82.9548	83.3482	83.7246	84.1206	84.5194	84.915
438	Liechtenstein	81.666	82.3626	82.6305	82.9337	83.2625	83.6028	83.9455	84.3236	84.695	85.0721	85.4642	85.8691	86.2747	86.6867	87.099	87.5237
442	Luxembourg	79.6306	79.678	80.0705	80.5314	80.9872	81.4315	81.8506	82.2435	82.6286	83.0087	83.3894	83.768	84.1358	84.5139	84.9025	85.2951
492	Monaco	84.2784	84.0448	84.1492	84.342	84.5911	84.8722	85.1764	85.488	85.82	86.1512	86.5018	86.8589	87.2374	87.607	87.984	88.3707
528	Netherlands	79.9499	79.9991	80.2614	80.6282	81.0602	81.5101	81.965	82.3999	82.8183	83.221	83.6257	83.9816	84.3666	84.7386	85.1007	85.4879
756	Switzerland	81.5465	81.7575	82.0552	82.3744	82.7078	83.0483	83.3896	83.7419	84.1075	84.4693	84.8436	85.2102	85.5837	85.9616	86.3534	86.7463
904	Latin America and the Caribbean	70.5629	72.6456	73.419	74.2702	74.9704	75.8892	76.7709	77.6261	78.4113	79.1687	79.9273	80.6105	81.3102	81.9621	82.6437	83.2651
915	Caribbean	68.8524	69.6443	70.1515	70.6371	71.0571	71.5176	72.0294	72.4473	72.8811	73.3784	73.8466	74.2311	74.5695	74.8921	75.2395	75.4859
660	Anguilla	73.1816	73.2317	73.6681	74.2284	74.8624	75.537	76.2626	77.0014	77.7637	78.4992	79.194	79.8226	80.412	80.9486	81.4512	81.9242
28	Antigua and Barbuda	75.6216	75.6033	76.0415	76.5902	77.213	77.8728	78.5689	79.281	79.9648	80.6074	81.2129	81.7709	82.264	82.7471	83.2095	83.6424
533	Aruba	72.1443	72.5746	72.806	73.171	73.638	74.1368	74.6995	75.3126	75.95	76.6023	77.2804	77.982	78.6786	79.35	80.0029	80.6072
44	Bahamas	69.0049	69.1302	69.1621	69.3294	69.5721	69.8946	70.2581	70.6983	71.1692	71.6713	72.2129	72.779	73.4136	74.0611	74.7293	75.3941
52	Barbados	74.8853	74.4084	74.5651	74.8616	75.2562	75.7062	76.2088	76.7568	77.3308	77.9196	78.5546	79.2049	79.857	80.5044	81.1323	81.7262
535	Bonaire, Sint Eustatius and Saba	73.1259	73.472	73.6649	73.9994	74.4186	74.8927	75.4242	75.9895	76.5713	77.1942	77.8441	78.5067	79.1496	79.7811	80.3939	80.9753
92	British Virgin Islands	72.4163	72.4316	72.6932	73.0756	73.5305	74.0487	74.6097	75.2214	75.8675	76.5376	77.2548	77.964	78.678	79.3973	80.0853	80.7168
136	Cayman Islands	72.2696	71.8915	72.052	72.3627	72.7439	73.2037	73.7042	74.2603	74.8462	75.4586	76.1154	76.8147	77.5104	78.2253	78.9684	79.6681
192	Cuba	74.0447	74.7494	75.078	75.5391	76.082	76.6936	77.3202	77.9866	78.6808	79.38	80.0517	80.6806	81.2776	81.832	82.3283	82.8155
531	Curaçao	71.6459	71.6139	71.9328	72.3765	72.9052	73.4787	74.1083	74.7742	75.4685	76.1941	76.9165	77.624	78.3418	79.0034	79.6212	80.2082
212	Dominica	69.5426	69.3914	69.5191	69.788	70.1693	70.6205	71.1167	71.6479	72.2458	72.888	73.5658	74.2751	75.0086	75.7631	76.5515	77.3494
214	Dominican Republic	69.5772	69.7798	70.0588	70.4863	70.9789	71.5005	72.0943	72.7284	73.4087	74.0906	74.7962	75.5603	76.3305	77.1175	77.9102	78.6715
308	Grenada	71.671	71.262	71.4074	71.7146	72.1168	72.5772	73.0921	73.6214	74.2007	74.8177	75.4543	76.1394	76.8323	77.556	78.2673	78.9813
312	Guadeloupe	77.912	78.9231	79.218	79.5368	79.8575	80.1835	80.5123	80.8528	81.1971	81.548	81.9058	82.2609	82.6209	82.9861	83.3558	83.7306
332	Haiti	60.2224	60.285	60.4171	60.642	60.8883	61.1774	61.4777	61.7881	62.129	62.4783	62.8109	63.1474	63.498	63.8668	64.244	64.5965
388	Jamaica	68.4957	68.2991	68.231	68.2847	68.4205	68.6241	68.89	69.1871	69.526	69.9274	70.3697	70.8365	71.3581	71.8915	72.4568	73.0439
474	Martinique	79.151	79.6691	80.0082	80.3558	80.6985	81.0354	81.3809	81.7282	82.0764	82.4277	82.789	83.1493	83.5079	83.8721	84.244	84.6079
500	Montserrat	73.5725	73.0152	73.0514	73.2282	73.4937	73.8399	74.2492	74.6998	75.179	75.7075	76.2664	76.8422	77.4342	78.0481	78.7025	79.3629
630	Puerto Rico	74.7033	75.0791	75.7707	76.5362	77.28	77.9253	78.4863	78.9956	79.4709	79.9005	80.318	80.7221	81.1203	81.5065	81.8804	82.2551
652	Saint Barthélemy	76.8585	77.046	77.6886	78.4187	79.1368	79.7967	80.3734	80.8949	81.3734	81.8229	82.2507	82.6684	83.0836	83.4942	83.9005	84.3003
659	Saint Kitts and Nevis	67.6938	67.0827	67.0891	67.2586	67.5168	67.8169	68.1806	68.6104	69.0689	69.5697	70.1053	70.6696	71.2693	71.9078	72.6033	73.29
662	Saint Lucia	68.635	69.2106	69.3811	69.6948	70.0904	70.5536	71.0741	71.64	72.2431	72.8794	73.5443	74.2257	74.9479	75.6845	76.4582	77.2086
663	Saint Martin (French part)	76.7867	76.7979	77.3037	77.8972	78.5218	79.1387	79.7161	80.2551	80.7458	81.1941	81.6307	82.0532	82.4498	82.8529	83.2285	83.6232
670	Saint Vincent and the Grenadines	67.7757	69.6383	69.8328	70.1711	70.575	71.0553	71.5585	72.0887	72.6387	73.2342	73.8843	74.5435	75.2261	75.9045	76.609	77.322
534	Sint Maarten (Dutch part)	71.4984	71.6254	71.7352	71.984	72.3016	72.7051	73.1707	73.6645	74.208	74.7737	75.3635	75.9818	76.6357	77.2778	77.9311	78.5685
780	Trinidad and Tobago	70.1388	69.9695	70.1297	70.4283	70.813	71.2661	71.7809	72.3402	72.9327	73.548	74.2166	74.899	75.5803	76.3128	77.0335	77.7698
796	Turks and Caicos Islands	71.7522	71.943	72.2145	72.6265	73.1218	73.6797	74.2717	74.8956	75.5499	76.2415	76.9439	77.6688	78.4031	79.1498	79.8457	80.5012
850	United States Virgin Islands	69.3689	69.7724	70.3819	71.0981	71.8993	72.735	73.6025	74.4834	75.3273	76.1088	76.8184	77.4596	78.0388	78.5679	79.0707	79.5623
916	Central America	68.9529	70.9667	71.4686	72.1304	72.8038	73.4862	74.2215	75.0998	75.9381	76.8165	77.6271	78.5227	79.198	80.0843	80.7926	81.2467
84	Belize	68.7463	70.1717	70.3378	70.6422	71.0276	71.5082	72.0407	72.6113	73.2403	73.897	74.5905	75.3023	76.0769	76.8692	77.6692	78.4604
188	Costa Rica	75.6755	77.0153	77.6107	78.3088	79.0542	79.7949	80.5274	81.1805	81.7651	82.29	82.7569	83.2055	83.6446	84.0733	84.5019	84.9133
222	El Salvador	66.5922	67.5554	67.9627	68.4756	69.0514	69.6744	70.3396	71.0188	71.743	72.4693	73.2144	73.9696	74.7713	75.582	76.3459	77.119
320	Guatemala	66.8376	69.4723	69.6045	69.8686	70.2089	70.6069	71.05	71.5319	72.0341	72.5965	73.184	73.7888	74.4343	75.0849	75.7869	76.4757
340	Honduras	68.6068	69.2044	69.1508	69.2256	69.3845	69.6291	69.9187	70.2771	70.6861	71.1181	71.6012	72.1	72.6493	73.2488	73.8402	74.4824
484	Mexico	68.6774	70.4485	70.852	71.3655	71.963	72.5999	73.2723	73.9812	74.7179	75.4591	76.2662	77.0652	77.856	78.6273	79.362	80.0729
558	Nicaragua	70.0908	70.334	70.5879	70.9365	71.3775	71.8763	72.4099	72.9901	73.6096	74.2229	74.8863	75.5819	76.2925	77.0279	77.7404	78.4524
591	Panama	73.577	74.5135	74.9615	75.5163	76.1718	76.8532	77.5714	78.291	79.0135	79.7069	80.3477	80.9229	81.4698	81.9629	82.427	82.8739
931	South America	71.1067	73.0191	73.6403	74.4575	75.2173	76.1239	76.9849	77.8342	78.6095	79.3232	80.0647	80.7353	81.4653	82.2225	82.8388	83.4053
32	Argentina	72.6282	73.448	73.8268	74.3198	74.8992	75.5455	76.2122	76.9164	77.6373	78.357	79.0476	79.6937	80.2857	80.8367	81.3393	81.815
68	Bolivia (Plurinational State of)	62.4825	64.5136	64.7291	65.0232	65.3498	65.6982	66.0625	66.4379	66.8033	67.1903	67.5984	68.0255	68.482	68.9606	69.4551	70.0067
76	Brazil	70.557	71.872	72.3223	72.8958	73.5305	74.2387	74.9749	75.7489	76.5283	77.3517	78.1714	78.9469	79.6908	80.374	81.0119	81.5781
152	Chile	76.9452	78.0071	78.6306	79.3555	80.1033	80.8036	81.4338	81.9842	82.4931	82.9716	83.415	83.8475	84.2536	84.6851	85.0991	85.4989
170	Colombia	71.354	73.4129	73.8215	74.3446	74.9506	75.6109	76.3194	77.062	77.8177	78.5732	79.3035	79.9907	80.6385	81.2303	81.7821	82.299
218	Ecuador	72.3458	74.3468	74.7499	75.2691	75.8534	76.4931	77.1508	77.8555	78.5588	79.2576	79.9459	80.5943	81.1902	81.7186	82.2273	82.6881
238	Falkland Islands (Malvinas)	76.3357	76.5655	77.0423	77.6175	78.2563	78.9027	79.5736	80.2567	80.9128	81.5259	82.077	82.5928	83.0789	83.5285	83.9477	84.3438
254	French Guiana	73.4382	73.719	74.0608	74.5379	75.0869	75.6909	76.3467	77.0289	77.7422	78.4684	79.193	79.8872	80.5414	81.1323	81.6863	82.2171
328	Guyana	63.671	64.5016	64.4894	64.608	64.8031	65.0424	65.302	65.5957	65.936	66.3213	66.7438	67.1746	67.6391	68.1286	68.6406	69.2109
600	Paraguay	68.7781	69.5494	69.4183	69.4398	69.5506	69.7506	70.0025	70.3246	70.7109	71.1274	71.5762	72.068	72.5732	73.1202	73.7016	74.347
604	Peru	71.551	73.3843	73.7273	74.1744	74.6737	75.2505	75.853	76.4931	77.1308	77.8273	78.5209	79.2035	79.8969	80.5481	81.1655	81.7452
740	Suriname	67.6082	67.6221	67.559	67.6441	67.8379	68.0902	68.3893	68.7649	69.1653	69.611	70.0932	70.6094	71.1646	71.7348	72.328	72.9546
858	Uruguay	73.1069	73.1978	73.5646	74.0532	74.6259	75.2437	75.9014	76.5883	77.2675	77.9571	78.6036	79.2128	79.759	80.2689	80.7475	81.2272
862	Venezuela (Bolivarian Republic of)	66.6425	67.2995	67.5742	67.9786	68.4631	69.0086	69.609	70.2501	70.8986	71.5908	72.3145	73.0703	73.8362	74.6069	75.4016	76.1941
905	Northern America	75.9141	76.8914	77.0927	77.4159	77.9456	78.4526	79.1205	79.7382	80.2352	80.8887	81.5253	82.0786	82.5731	83.1183	83.6069	84.0086
60	Bermuda	77.2507	77.7981	78.3287	78.9069	79.4677	79.9679	80.4391	80.8807	81.3199	81.737	82.144	82.5464	82.9438	83.3594	83.7668	84.1744
124	Canada	80.0828	80.158	80.6046	81.0939	81.5671	82.0113	82.4378	82.8381	83.2261	83.6085	83.9906	84.3665	84.7475	85.1366	85.5182	85.8833
304	Greenland	69.1767	68.4389	68.3669	68.4538	68.6349	68.8711	69.1839	69.5293	69.9238	70.3512	70.8348	71.363	71.9279	72.4992	73.0778	73.703
666	Saint Pierre and Miquelon	73.1567	73.0667	73.432	73.9217	74.483	75.0771	75.7356	76.4177	77.1091	77.7837	78.4313	79.0344	79.5953	80.1107	80.5901	81.041
840	United States of America	75.018	76.0847	76.3762	76.7924	77.2828	77.8145	78.4024	78.9927	79.6133	80.2012	80.7552	81.2671	81.7725	82.2392	82.6824	83.1028
909	Oceania	76.6176	76.235	76.4578	76.7004	76.9559	77.2095	77.4592	77.753	78.0442	78.2659	78.5508	79.0187	79.3643	79.7838	80.1627	80.5515
927	Australia/New Zealand	81.6451	81.213	81.5275	81.9333	82.3491	82.7408	83.1834	83.5043	83.8781	84.2695	84.6775	85.0644	85.4042	85.7292	86.1552	86.4879
36	Australia	81.6589	80.9564	81.3097	81.6732	82.0409	82.4008	82.7667	83.1246	83.4881	83.8526	84.2193	84.5858	84.9628	85.3423	85.7237	86.1043
554	New Zealand	80.4612	80.4258	80.7793	81.2043	81.6498	82.0699	82.4793	82.8694	83.2541	83.637	83.9911	84.3754	84.7487	85.116	85.4848	85.8604
928	Melanesia	63.3316	62.6382	62.6849	62.6771	62.916	63.0664	63.4346	63.8493	64.0558	64.2536	64.6945	65.1147	65.4727	65.8835	66.4116	66.8316
242	Fiji	65.2451	64.6056	64.4992	64.5114	64.5945	64.7308	64.8885	65.0702	65.2865	65.5356	65.7583	65.9886	66.2683	66.5545	66.8525	67.1985
540	New Caledonia	76.4985	76.9877	77.6057	78.2388	78.8313	79.3449	79.805	80.2273	80.6334	81.0406	81.4312	81.811	82.1844	82.5589	82.9404	83.3171
598	Papua New Guinea	62.3088	61.5166	61.4415	61.4664	61.5763	61.7431	61.9509	62.1642	62.421	62.6912	62.9724	63.2472	63.5664	63.8663	64.1778	64.5258
90	Solomon Islands	68.1632	67.3593	67.1556	67.0735	67.0906	67.1341	67.223	67.3327	67.5072	67.6813	67.8819	68.0972	68.3824	68.6848	69.0141	69.3544
548	Vanuatu	67.4833	66.8039	66.9571	67.1905	67.4727	67.8027	68.1744	68.5814	69.002	69.4417	69.9471	70.4882	71.0338	71.621	72.2178	72.8499
954	Micronesia	69.0508	69.5845	69.9805	70.5141	70.966	71.3616	71.7616	72.2299	72.7379	73.3383	73.7921	74.3265	74.8467	75.3011	75.8183	76.2687
316	Guam	73.3232	74.0841	74.6215	75.2737	75.9938	76.7406	77.5163	78.2693	78.9736	79.6077	80.195	80.7277	81.2252	81.6927	82.1454	82.5674
296	Kiribati	64.6483	63.961	63.9702	64.0964	64.2727	64.4686	64.6942	64.9581	65.2241	65.4993	65.795	66.1104	66.4627	66.8251	67.2092	67.6094
584	Marshall Islands	62.55	61.4948	61.2663	61.171	61.1488	61.2086	61.3216	61.4293	61.5676	61.7332	61.8982	62.0916	62.2791	62.51	62.739	63.0024
583	Micronesia (Fed. States of)	66.5797	66.4782	66.5639	66.8103	67.1245	67.4948	67.9344	68.4022	68.8999	69.4437	70.0161	70.6286	71.272	71.9186	72.6182	73.3294
520	Nauru	59.3947	58.787	58.8335	59.0137	59.2607	59.5469	59.8641	60.1853	60.5425	60.8846	61.2725	61.6317	62.0139	62.3983	62.8	63.218
580	Northern Mariana Islands	74.9807	74.4698	74.5407	74.7439	75.0552	75.4222	75.844	76.3246	76.8438	77.4008	78.0016	78.6163	79.2377	79.8644	80.4867	81.147
585	Palau	61.2757	60.5427	60.6529	60.8666	61.146	61.4691	61.8177	62.1743	62.5447	62.9237	63.3131	63.7385	64.1841	64.626	65.0988	65.5863
957	Polynesia	73.8789	74.5604	75.0677	75.5061	75.994	76.4819	76.98	77.4858	77.8899	78.3622	78.8698	79.2704	79.6668	80.0486	80.5087	80.8594
16	American Samoa	68.9488	68.2677	68.1632	68.2182	68.3513	68.5544	68.8191	69.1281	69.4867	69.8953	70.3497	70.8241	71.3191	71.8794	72.4578	73.0684
184	Cook Islands	70.528	70.3235	70.6432	71.1139	71.6613	72.2533	72.8966	73.5756	74.302	75.0271	75.7943	76.5789	77.3441	78.1139	78.8445	79.5255
258	French Polynesia	79.5498	80.6986	81.0183	81.3575	81.6948	82.044	82.3826	82.7248	83.0739	83.4278	83.7879	84.1484	84.4949	84.8737	85.2431	85.6051
570	Niue	68.3747	67.649	67.5538	67.5554	67.6392	67.7763	67.96	68.1651	68.4065	68.6937	68.9964	69.3432	69.7345	70.1576	70.6196	71.1245
882	Samoa	69.3502	68.5534	68.5739	68.7308	68.9783	69.3037	69.6515	70.0743	70.5166	71.0138	71.5597	72.122	72.7166	73.3452	74.0044	74.6984
772	Tokelau	73.5008	72.5223	72.2427	72.1178	72.1167	72.1914	72.3497	72.5491	72.805	73.0997	73.4586	73.8468	74.2722	74.7496	75.2713	75.8065
776	Tonga	67.6051	66.821	66.7113	66.7374	66.862	67.0311	67.2473	67.5093	67.8161	68.1586	68.5327	68.9385	69.4083	69.8737	70.3994	70.9199
798	Tuvalu	60.0562	59.5783	59.7508	60.0433	60.3791	60.7619	61.1529	61.5436	61.9465	62.3508	62.7494	63.1766	63.5841	64.0083	64.4464	64.8913
876	Wallis and Futuna Islands	77.7144	77.8664	78.0264	78.3158	78.6799	79.1033	79.5734	80.0834	80.6177	81.1701	81.7236	82.262	82.7862	83.2905	83.7682	84.209
