country_code	name	1950-1955	1955-1960	1960-1965	1965-1970	1970-1975	1975-1980	1980-1985	1985-1990	1990-1995	1995-2000	2000-2005	2005-2010	2010-2015	2015-2020	2020-2025	2025-2030	2030-2035	2035-2040	2040-2045	2045-2050	2050-2055	2055-2060	2060-2065	2065-2070	2070-2075	2075-2080	2080-2085	2085-2090	2090-2095	2095-2100
900	World	1.054	1.054	1.054	1.054	1.055	1.056	1.058	1.063	1.07	1.074	1.074	1.073	1.07	1.065	1.057	1.052	1.049	1.048	1.047	1.047	1.046	1.046	1.046	1.046	1.046	1.046	1.045	1.045	1.045	1.045
1834	Sub-Saharan Africa	1.035	1.035	1.035	1.036	1.037	1.036	1.036	1.037	1.037	1.037	1.035	1.034	1.033	1.034	1.034	1.034	1.034	1.034	1.034	1.034	1.034	1.034	1.034	1.034	1.034	1.033	1.033	1.033	1.033	1.033
1833	Northern Africa and Western Asia	1.052	1.052	1.052	1.053	1.054	1.054	1.053	1.052	1.055	1.056	1.055	1.054	1.054	1.052	1.052	1.052	1.052	1.052	1.052	1.051	1.051	1.051	1.051	1.051	1.051	1.051	1.051	1.051	1.051	1.051
1831	Central and Southern Asia	1.052	1.052	1.053	1.054	1.056	1.06	1.062	1.063	1.07	1.081	1.083	1.081	1.079	1.075	1.067	1.06	1.056	1.054	1.053	1.053	1.053	1.052	1.052	1.053	1.053	1.053	1.052	1.053	1.052	1.053
1832	Eastern and South-Eastern Asia	1.061	1.061	1.062	1.062	1.063	1.066	1.071	1.087	1.106	1.118	1.125	1.128	1.123	1.109	1.09	1.077	1.068	1.065	1.064	1.063	1.063	1.063	1.063	1.063	1.063	1.063	1.063	1.063	1.063	1.063
1830	Latin America and the Caribbean	1.043	1.043	1.043	1.043	1.043	1.043	1.043	1.044	1.045	1.045	1.045	1.045	1.045	1.044	1.044	1.044	1.044	1.044	1.044	1.044	1.044	1.044	1.044	1.044	1.044	1.044	1.044	1.044	1.044	1.044
1835	Oceania (excluding Australia and New Zealand)	1.073	1.073	1.073	1.073	1.073	1.073	1.073	1.074	1.074	1.075	1.076	1.076	1.076	1.076	1.075	1.075	1.075	1.075	1.074	1.074	1.074	1.074	1.074	1.074	1.074	1.074	1.074	1.074	1.074	1.074
1836	Australia/New Zealand	1.054	1.055	1.057	1.055	1.052	1.056	1.055	1.053	1.056	1.054	1.053	1.056	1.056	1.058	1.056	1.055	1.054	1.054	1.054	1.054	1.054	1.054	1.054	1.054	1.054	1.054	1.054	1.054	1.054	1.054
1829	Europe and Northern America	1.058	1.056	1.056	1.055	1.056	1.056	1.055	1.055	1.055	1.055	1.055	1.054	1.054	1.054	1.054	1.054	1.055	1.055	1.055	1.055	1.055	1.055	1.055	1.055	1.055	1.055	1.055	1.055	1.055	1.055
901	More developed regions	1.057	1.056	1.056	1.056	1.057	1.057	1.055	1.055	1.055	1.055	1.055	1.054	1.054	1.054	1.054	1.054	1.055	1.055	1.055	1.055	1.055	1.055	1.055	1.055	1.055	1.055	1.055	1.055	1.054	1.054
902	Less developed regions	1.053	1.053	1.053	1.054	1.055	1.056	1.058	1.064	1.071	1.076	1.076	1.075	1.072	1.066	1.057	1.052	1.049	1.047	1.047	1.046	1.046	1.045	1.045	1.045	1.045	1.045	1.045	1.044	1.044	1.044
941	Least developed countries	1.042	1.042	1.042	1.042	1.042	1.043	1.042	1.042	1.041	1.04	1.039	1.038	1.038	1.038	1.038	1.038	1.038	1.037	1.037	1.037	1.037	1.037	1.036	1.036	1.036	1.036	1.036	1.036	1.036	1.036
934	Less developed regions, excluding least developed countries	1.055	1.055	1.055	1.056	1.057	1.059	1.062	1.069	1.078	1.085	1.087	1.087	1.083	1.076	1.065	1.058	1.054	1.052	1.051	1.051	1.051	1.05	1.05	1.05	1.05	1.05	1.05	1.05	1.05	1.05
948	Less developed regions, excluding China	1.05	1.05	1.05	1.05	1.051	1.053	1.054	1.055	1.058	1.062	1.061	1.06	1.058	1.055	1.052	1.049	1.047	1.046	1.045	1.045	1.045	1.044	1.044	1.044	1.044	1.044	1.044	1.044	1.043	1.043
1636	Land-locked Developing Countries (LLDC)	1.046	1.046	1.046	1.045	1.045	1.045	1.045	1.046	1.045	1.046	1.045	1.045	1.046	1.045	1.044	1.043	1.042	1.042	1.042	1.042	1.042	1.041	1.041	1.041	1.041	1.041	1.041	1.041	1.041	1.041
1637	Small Island Developing States (SIDS)	1.048	1.048	1.047	1.047	1.048	1.048	1.048	1.05	1.052	1.054	1.052	1.053	1.053	1.052	1.052	1.051	1.051	1.051	1.052	1.052	1.052	1.052	1.052	1.052	1.052	1.052	1.052	1.052	1.052	1.053
1503	High-income countries	1.057	1.057	1.056	1.057	1.058	1.058	1.057	1.057	1.059	1.056	1.055	1.053	1.053	1.052	1.052	1.053	1.054	1.054	1.054	1.054	1.054	1.054	1.054	1.054	1.054	1.054	1.054	1.054	1.054	1.054
1517	Middle-income countries	1.054	1.054	1.055	1.055	1.056	1.058	1.06	1.066	1.075	1.081	1.083	1.083	1.08	1.073	1.063	1.057	1.053	1.051	1.05	1.05	1.049	1.049	1.049	1.049	1.049	1.048	1.048	1.048	1.048	1.048
1502	Upper-middle-income countries	1.057	1.056	1.057	1.057	1.058	1.059	1.063	1.077	1.094	1.105	1.111	1.113	1.108	1.095	1.075	1.064	1.058	1.055	1.054	1.054	1.053	1.053	1.053	1.053	1.053	1.053	1.053	1.053	1.053	1.053
1501	Lower-middle-income countries	1.052	1.052	1.052	1.053	1.055	1.057	1.058	1.059	1.064	1.069	1.07	1.068	1.066	1.063	1.058	1.054	1.051	1.049	1.049	1.048	1.048	1.048	1.048	1.047	1.047	1.047	1.047	1.047	1.047	1.047
1500	Low-income countries	1.039	1.04	1.04	1.04	1.04	1.04	1.04	1.04	1.04	1.04	1.039	1.038	1.038	1.037	1.037	1.037	1.037	1.037	1.037	1.037	1.036	1.036	1.036	1.036	1.036	1.036	1.036	1.036	1.036	1.036
1518	No income group available	1.044	1.042	1.04	1.037	1.04	1.044	1.044	1.048	1.062	1.063	1.063	1.054	1.057	1.057	1.053	1.051	1.05	1.049	1.049	1.049	1.049	1.049	1.049	1.049	1.049	1.049	1.049	1.049	1.049	1.049
903	Africa	1.039	1.039	1.039	1.039	1.04	1.04	1.039	1.039	1.04	1.039	1.037	1.036	1.036	1.036	1.036	1.036	1.036	1.036	1.036	1.036	1.035	1.035	1.035	1.035	1.035	1.035	1.035	1.035	1.035	1.035
910	Eastern Africa	1.034	1.034	1.034	1.034	1.034	1.034	1.034	1.034	1.034	1.033	1.031	1.032	1.033	1.034	1.034	1.034	1.034	1.034	1.034	1.034	1.034	1.034	1.034	1.034	1.034	1.034	1.034	1.034	1.034	1.034
108	Burundi	1.025	1.025	1.025	1.025	1.024	1.024	1.024	1.025	1.024	1.023	1.022	1.021	1.022	1.024	1.025	1.024	1.025	1.025	1.025	1.025	1.025	1.025	1.025	1.025	1.025	1.025	1.025	1.025	1.025	1.025
174	Comoros	1.032	1.032	1.032	1.031	1.03	1.029	1.031	1.031	1.033	1.036	1.035	1.032	1.032	1.032	1.032	1.032	1.032	1.032	1.032	1.032	1.032	1.032	1.032	1.032	1.032	1.032	1.032	1.032	1.032	1.032
262	Djibouti	1.037	1.037	1.037	1.037	1.037	1.037	1.038	1.039	1.039	1.039	1.038	1.038	1.038	1.037	1.037	1.037	1.037	1.037	1.037	1.037	1.037	1.037	1.037	1.037	1.037	1.037	1.037	1.037	1.037	1.037
232	Eritrea	1.032	1.032	1.032	1.032	1.032	1.032	1.032	1.032	1.032	1.032	1.032	1.032	1.032	1.032	1.032	1.032	1.032	1.032	1.032	1.032	1.032	1.032	1.032	1.032	1.032	1.032	1.032	1.032	1.032	1.032
231	Ethiopia	1.055	1.055	1.056	1.056	1.056	1.058	1.062	1.063	1.06	1.057	1.057	1.06	1.059	1.056	1.055	1.055	1.055	1.055	1.055	1.055	1.055	1.055	1.055	1.055	1.055	1.055	1.054	1.055	1.055	1.055
404	Kenya	1.02	1.02	1.019	1.02	1.02	1.018	1.016	1.015	1.017	1.018	1.019	1.02	1.022	1.022	1.022	1.021	1.021	1.021	1.021	1.021	1.021	1.021	1.021	1.021	1.021	1.021	1.021	1.021	1.021	1.021
450	Madagascar	1.038	1.037	1.038	1.037	1.037	1.038	1.042	1.043	1.039	1.036	1.035	1.035	1.038	1.04	1.039	1.038	1.037	1.037	1.037	1.037	1.037	1.037	1.037	1.037	1.037	1.037	1.037	1.037	1.037	1.038
454	Malawi	1.015	1.015	1.015	1.014	1.014	1.013	1.016	1.02	1.015	1.012	1.007	1.004	1.009	1.013	1.014	1.014	1.015	1.015	1.015	1.015	1.015	1.015	1.015	1.015	1.015	1.015	1.015	1.015	1.015	1.015
480	Mauritius	1.034	1.035	1.035	1.035	1.035	1.035	1.035	1.035	1.033	1.033	1.036	1.035	1.036	1.038	1.035	1.034	1.035	1.035	1.035	1.035	1.035	1.035	1.034	1.034	1.035	1.035	1.035	1.034	1.035	1.035
175	Mayotte	1.028	1.028	1.028	1.028	1.028	1.028	1.028	1.028	1.028	1.028	1.028	1.027	1.027	1.026	1.026	1.027	1.028	1.028	1.028	1.028	1.028	1.028	1.028	1.028	1.028	1.028	1.028	1.028	1.028	1.028
508	Mozambique	1.02	1.02	1.02	1.021	1.021	1.021	1.021	1.022	1.02	1.013	1.013	1.015	1.018	1.019	1.02	1.02	1.02	1.02	1.02	1.02	1.02	1.02	1.021	1.02	1.02	1.02	1.02	1.021	1.02	1.02
638	Réunion	1.022	1.018	1.019	1.022	1.028	1.032	1.031	1.031	1.032	1.035	1.039	1.041	1.034	1.03	1.03	1.03	1.03	1.03	1.029	1.029	1.029	1.029	1.029	1.029	1.029	1.029	1.029	1.029	1.03	1.029
646	Rwanda	1.026	1.025	1.025	1.023	1.023	1.021	1.022	1.022	1.025	1.027	1.028	1.027	1.026	1.027	1.026	1.026	1.026	1.026	1.026	1.026	1.026	1.026	1.026	1.026	1.026	1.026	1.026	1.026	1.026	1.026
690	Seychelles	1.035	1.036	1.036	1.036	1.036	1.035	1.037	1.037	1.038	1.037	1.034	1.034	1.036	1.037	1.036	1.036	1.036	1.035	1.036	1.036	1.036	1.035	1.035	1.035	1.035	1.036	1.035	1.035	1.035	1.035
706	Somalia	1.044	1.044	1.044	1.044	1.045	1.045	1.046	1.047	1.049	1.048	1.047	1.047	1.045	1.044	1.044	1.044	1.044	1.044	1.044	1.044	1.044	1.044	1.044	1.044	1.044	1.044	1.044	1.044	1.044	1.044
728	South Sudan	1.035	1.035	1.035	1.035	1.035	1.035	1.035	1.036	1.037	1.036	1.036	1.035	1.035	1.035	1.035	1.035	1.035	1.035	1.035	1.035	1.035	1.035	1.035	1.035	1.035	1.035	1.035	1.035	1.035	1.035
800	Uganda	1.03	1.03	1.029	1.028	1.027	1.025	1.022	1.02	1.023	1.025	1.02	1.019	1.023	1.027	1.029	1.03	1.03	1.03	1.03	1.031	1.03	1.03	1.031	1.031	1.03	1.03	1.03	1.031	1.03	1.03
834	United Republic of Tanzania	1.032	1.032	1.032	1.032	1.032	1.031	1.027	1.028	1.029	1.026	1.023	1.024	1.027	1.029	1.03	1.031	1.031	1.031	1.032	1.031	1.031	1.032	1.032	1.032	1.032	1.032	1.032	1.032	1.032	1.032
894	Zambia	1.011	1.011	1.011	1.011	1.01	1.008	1.005	1.004	1.004	1.006	1.007	1.01	1.012	1.011	1.011	1.011	1.011	1.012	1.012	1.011	1.011	1.011	1.011	1.011	1.011	1.011	1.011	1.011	1.011	1.011
716	Zimbabwe	1.026	1.026	1.027	1.027	1.028	1.03	1.028	1.025	1.025	1.025	1.024	1.022	1.02	1.022	1.024	1.025	1.026	1.026	1.026	1.026	1.026	1.026	1.026	1.026	1.026	1.026	1.026	1.026	1.026	1.026
911	Middle Africa	1.028	1.028	1.028	1.028	1.028	1.028	1.027	1.028	1.029	1.03	1.027	1.025	1.024	1.025	1.027	1.027	1.027	1.027	1.027	1.027	1.027	1.027	1.027	1.027	1.027	1.027	1.027	1.027	1.027	1.027
24	Angola	1.029	1.029	1.029	1.029	1.029	1.029	1.029	1.03	1.031	1.03	1.029	1.027	1.024	1.025	1.027	1.028	1.028	1.028	1.029	1.029	1.029	1.029	1.029	1.029	1.029	1.029	1.029	1.029	1.029	1.029
120	Cameroon	1.028	1.028	1.028	1.03	1.03	1.029	1.027	1.025	1.026	1.028	1.028	1.026	1.029	1.031	1.03	1.029	1.029	1.029	1.029	1.029	1.028	1.028	1.028	1.029	1.029	1.029	1.029	1.029	1.029	1.028
140	Central African Republic	1.033	1.032	1.032	1.032	1.031	1.031	1.033	1.034	1.034	1.034	1.034	1.035	1.035	1.032	1.032	1.033	1.033	1.033	1.033	1.033	1.033	1.033	1.033	1.033	1.033	1.033	1.033	1.033	1.033	1.033
148	Chad	1.041	1.04	1.041	1.04	1.04	1.039	1.038	1.038	1.041	1.043	1.045	1.048	1.047	1.044	1.042	1.041	1.041	1.041	1.041	1.041	1.041	1.041	1.041	1.041	1.04	1.041	1.04	1.041	1.04	1.041
178	Congo	1.026	1.026	1.026	1.026	1.026	1.026	1.026	1.025	1.024	1.025	1.025	1.024	1.025	1.025	1.026	1.026	1.026	1.026	1.026	1.026	1.026	1.026	1.026	1.026	1.026	1.026	1.026	1.026	1.026	1.026
180	Democratic Republic of the Congo	1.025	1.025	1.025	1.025	1.025	1.025	1.025	1.026	1.027	1.027	1.022	1.019	1.019	1.02	1.023	1.024	1.024	1.024	1.024	1.024	1.024	1.025	1.025	1.024	1.024	1.024	1.024	1.024	1.024	1.024
226	Equatorial Guinea	1.032	1.032	1.032	1.032	1.032	1.032	1.032	1.032	1.032	1.032	1.032	1.032	1.032	1.032	1.032	1.032	1.032	1.032	1.032	1.032	1.032	1.032	1.032	1.032	1.032	1.032	1.032	1.032	1.032	1.032
266	Gabon	1.022	1.022	1.022	1.022	1.021	1.021	1.021	1.02	1.017	1.018	1.018	1.018	1.02	1.021	1.021	1.021	1.021	1.021	1.021	1.021	1.022	1.022	1.022	1.021	1.022	1.022	1.021	1.021	1.021	1.021
678	Sao Tome and Principe	1.027	1.027	1.026	1.026	1.025	1.024	1.025	1.026	1.026	1.026	1.026	1.027	1.028	1.028	1.027	1.027	1.027	1.027	1.027	1.027	1.027	1.027	1.027	1.027	1.027	1.027	1.027	1.027	1.027	1.027
912	Northern Africa	1.051	1.051	1.052	1.053	1.054	1.054	1.051	1.05	1.055	1.054	1.05	1.051	1.049	1.047	1.049	1.049	1.05	1.05	1.05	1.05	1.05	1.049	1.05	1.05	1.049	1.049	1.049	1.049	1.049	1.049
12	Algeria	1.047	1.047	1.047	1.047	1.047	1.046	1.045	1.044	1.042	1.043	1.051	1.052	1.047	1.045	1.046	1.047	1.047	1.047	1.047	1.047	1.047	1.047	1.047	1.047	1.047	1.047	1.047	1.047	1.047	1.047
818	Egypt	1.058	1.059	1.06	1.064	1.066	1.065	1.06	1.055	1.068	1.063	1.052	1.053	1.052	1.051	1.054	1.056	1.057	1.057	1.057	1.057	1.057	1.057	1.057	1.057	1.057	1.057	1.057	1.057	1.057	1.057
434	Libya	1.057	1.056	1.055	1.052	1.049	1.042	1.051	1.06	1.068	1.072	1.072	1.066	1.057	1.057	1.057	1.057	1.057	1.057	1.057	1.057	1.057	1.057	1.057	1.057	1.057	1.057	1.057	1.057	1.057	1.057
504	Morocco	1.046	1.046	1.046	1.047	1.049	1.048	1.046	1.042	1.041	1.042	1.04	1.043	1.045	1.046	1.047	1.047	1.047	1.047	1.047	1.047	1.047	1.047	1.047	1.047	1.047	1.047	1.047	1.047	1.047	1.047
729	Sudan	1.041	1.041	1.042	1.041	1.04	1.043	1.042	1.043	1.045	1.046	1.043	1.043	1.042	1.041	1.041	1.041	1.041	1.041	1.041	1.041	1.041	1.041	1.041	1.041	1.041	1.041	1.041	1.041	1.041	1.041
788	Tunisia	1.047	1.047	1.047	1.047	1.053	1.057	1.057	1.067	1.078	1.078	1.083	1.08	1.068	1.058	1.052	1.048	1.047	1.046	1.046	1.046	1.046	1.046	1.046	1.046	1.046	1.046	1.046	1.046	1.046	1.046
732	Western Sahara	1.05	1.05	1.051	1.051	1.05	1.051	1.051	1.051	1.051	1.05	1.05	1.05	1.051	1.051	1.051	1.051	1.051	1.051	1.051	1.051	1.051	1.051	1.051	1.051	1.051	1.051	1.051	1.051	1.051	1.05
913	Southern Africa	1.037	1.038	1.038	1.038	1.038	1.038	1.038	1.037	1.036	1.037	1.039	1.04	1.04	1.038	1.038	1.037	1.037	1.037	1.037	1.037	1.037	1.037	1.037	1.037	1.037	1.036	1.036	1.037	1.037	1.037
72	Botswana	1.032	1.032	1.032	1.032	1.032	1.032	1.032	1.032	1.032	1.032	1.032	1.032	1.032	1.032	1.032	1.032	1.032	1.032	1.032	1.032	1.032	1.032	1.032	1.032	1.032	1.032	1.032	1.032	1.032	1.032
748	Eswatini	1.03	1.03	1.03	1.029	1.029	1.029	1.029	1.029	1.028	1.028	1.028	1.031	1.029	1.029	1.029	1.029	1.029	1.029	1.03	1.03	1.03	1.03	1.03	1.03	1.03	1.03	1.029	1.029	1.03	1.029
426	Lesotho	1.028	1.027	1.026	1.026	1.027	1.028	1.028	1.028	1.029	1.029	1.03	1.029	1.026	1.027	1.028	1.028	1.028	1.028	1.028	1.028	1.028	1.028	1.028	1.028	1.028	1.028	1.028	1.028	1.028	1.028
516	Namibia	1.011	1.011	1.011	1.011	1.011	1.01	1.008	1.004	1.003	1.006	1.009	1.009	1.008	1.01	1.011	1.011	1.011	1.011	1.011	1.011	1.012	1.012	1.012	1.011	1.011	1.011	1.011	1.011	1.012	1.012
710	South Africa	1.039	1.04	1.04	1.04	1.04	1.041	1.041	1.039	1.039	1.039	1.042	1.043	1.043	1.041	1.04	1.04	1.039	1.039	1.039	1.039	1.039	1.039	1.039	1.039	1.039	1.039	1.039	1.04	1.04	1.039
914	Western Africa	1.037	1.038	1.039	1.04	1.043	1.042	1.043	1.044	1.045	1.044	1.043	1.04	1.037	1.038	1.037	1.037	1.037	1.037	1.037	1.037	1.037	1.037	1.037	1.037	1.037	1.037	1.037	1.037	1.037	1.037
204	Benin	1.043	1.042	1.042	1.042	1.043	1.044	1.046	1.048	1.05	1.049	1.047	1.043	1.041	1.04	1.041	1.042	1.042	1.042	1.042	1.042	1.042	1.042	1.042	1.042	1.042	1.042	1.042	1.042	1.042	1.042
854	Burkina Faso	1.041	1.041	1.041	1.042	1.042	1.042	1.042	1.043	1.042	1.042	1.044	1.043	1.043	1.043	1.042	1.041	1.041	1.041	1.041	1.041	1.041	1.041	1.041	1.041	1.041	1.041	1.041	1.041	1.041	1.041
132	Cabo Verde	1.033	1.033	1.032	1.032	1.032	1.035	1.035	1.032	1.032	1.033	1.033	1.033	1.033	1.033	1.033	1.033	1.033	1.033	1.033	1.033	1.033	1.033	1.033	1.033	1.033	1.033	1.033	1.033	1.033	1.033
384	Côte d'Ivoire	1.03	1.031	1.031	1.031	1.029	1.027	1.029	1.029	1.031	1.03	1.032	1.033	1.031	1.03	1.03	1.03	1.03	1.03	1.031	1.031	1.03	1.03	1.03	1.031	1.031	1.031	1.03	1.03	1.031	1.031
270	Gambia	1.031	1.031	1.031	1.031	1.032	1.032	1.032	1.031	1.031	1.031	1.031	1.031	1.032	1.032	1.032	1.032	1.032	1.032	1.032	1.032	1.032	1.032	1.032	1.032	1.032	1.032	1.032	1.032	1.032	1.032
288	Ghana	1.039	1.039	1.039	1.039	1.041	1.044	1.044	1.042	1.041	1.04	1.04	1.038	1.038	1.038	1.038	1.039	1.039	1.039	1.039	1.039	1.039	1.039	1.039	1.039	1.039	1.039	1.039	1.039	1.039	1.039
324	Guinea	1.044	1.044	1.044	1.044	1.044	1.045	1.045	1.045	1.046	1.05	1.049	1.046	1.046	1.045	1.045	1.044	1.044	1.044	1.044	1.044	1.044	1.044	1.044	1.044	1.044	1.044	1.044	1.044	1.044	1.044
624	Guinea-Bissau	1.04	1.04	1.04	1.04	1.04	1.04	1.04	1.04	1.04	1.041	1.043	1.042	1.042	1.042	1.041	1.04	1.04	1.04	1.04	1.04	1.04	1.04	1.04	1.039	1.039	1.039	1.039	1.04	1.04	1.039
430	Liberia	1.038	1.038	1.037	1.036	1.037	1.038	1.039	1.04	1.038	1.039	1.04	1.041	1.04	1.039	1.039	1.038	1.038	1.038	1.038	1.038	1.038	1.038	1.038	1.038	1.038	1.038	1.038	1.038	1.038	1.038
466	Mali	1.032	1.032	1.033	1.033	1.035	1.037	1.037	1.037	1.037	1.041	1.041	1.037	1.035	1.033	1.033	1.032	1.032	1.032	1.032	1.032	1.032	1.032	1.032	1.032	1.032	1.032	1.032	1.032	1.032	1.032
478	Mauritania	1.034	1.034	1.035	1.037	1.04	1.04	1.038	1.035	1.036	1.035	1.034	1.033	1.033	1.033	1.033	1.033	1.033	1.033	1.033	1.033	1.033	1.033	1.033	1.033	1.033	1.033	1.033	1.033	1.033	1.033
562	Niger	1.04	1.041	1.04	1.041	1.041	1.042	1.041	1.041	1.042	1.042	1.042	1.04	1.041	1.041	1.04	1.04	1.04	1.04	1.04	1.04	1.04	1.04	1.04	1.04	1.04	1.04	1.04	1.04	1.04	1.04
566	Nigeria	1.038	1.039	1.041	1.044	1.048	1.046	1.046	1.05	1.052	1.048	1.046	1.042	1.037	1.039	1.038	1.038	1.038	1.038	1.038	1.038	1.038	1.038	1.038	1.038	1.038	1.038	1.038	1.038	1.038	1.038
654	Saint Helena	1.049	1.049	1.048	1.049	1.049	1.048	1.049	1.048	1.046	1.052	1.054	1.052	1.051	1.054	1.054	1.054	1.054	1.054	1.054	1.054	1.054	1.054	1.054	1.054	1.054	1.054	1.054	1.054	1.054	1.054
686	Senegal	1.031	1.03	1.03	1.031	1.032	1.032	1.032	1.029	1.032	1.034	1.037	1.037	1.036	1.032	1.031	1.031	1.031	1.031	1.031	1.031	1.031	1.031	1.031	1.031	1.031	1.031	1.031	1.031	1.031	1.031
694	Sierra Leone	1.034	1.034	1.034	1.034	1.034	1.034	1.034	1.035	1.036	1.034	1.035	1.035	1.031	1.032	1.034	1.034	1.034	1.034	1.034	1.034	1.034	1.034	1.034	1.034	1.034	1.034	1.034	1.034	1.034	1.034
768	Togo	1.027	1.027	1.026	1.027	1.026	1.028	1.029	1.029	1.028	1.027	1.028	1.027	1.027	1.027	1.028	1.028	1.028	1.028	1.028	1.028	1.028	1.028	1.028	1.028	1.028	1.028	1.028	1.028	1.028	1.028
935	Asia	1.057	1.057	1.058	1.059	1.06	1.062	1.066	1.074	1.085	1.094	1.097	1.098	1.095	1.087	1.074	1.066	1.06	1.058	1.057	1.056	1.056	1.056	1.056	1.056	1.056	1.056	1.056	1.056	1.056	1.056
5500	Central Asia	1.066	1.066	1.066	1.067	1.067	1.067	1.066	1.066	1.066	1.065	1.063	1.065	1.069	1.073	1.071	1.069	1.068	1.067	1.067	1.067	1.066	1.066	1.066	1.066	1.066	1.066	1.066	1.066	1.066	1.066
398	Kazakhstan	1.062	1.062	1.062	1.061	1.061	1.06	1.06	1.059	1.06	1.061	1.059	1.06	1.062	1.066	1.065	1.063	1.063	1.062	1.062	1.062	1.062	1.062	1.062	1.062	1.062	1.062	1.062	1.062	1.062	1.062
417	Kyrgyzstan	1.055	1.055	1.055	1.054	1.053	1.051	1.047	1.045	1.054	1.057	1.054	1.058	1.058	1.059	1.057	1.056	1.055	1.055	1.055	1.055	1.055	1.055	1.055	1.055	1.055	1.055	1.055	1.055	1.055	1.055
762	Tajikistan	1.064	1.064	1.064	1.064	1.063	1.063	1.062	1.06	1.063	1.065	1.064	1.063	1.061	1.062	1.063	1.064	1.064	1.064	1.064	1.064	1.064	1.064	1.064	1.064	1.064	1.064	1.064	1.064	1.064	1.064
795	Turkmenistan	1.066	1.066	1.066	1.066	1.066	1.066	1.066	1.066	1.065	1.065	1.065	1.066	1.067	1.068	1.067	1.066	1.066	1.066	1.066	1.066	1.066	1.066	1.066	1.066	1.066	1.066	1.065	1.066	1.066	1.066
860	Uzbekistan	1.074	1.074	1.074	1.074	1.075	1.075	1.075	1.076	1.074	1.069	1.067	1.069	1.079	1.084	1.08	1.077	1.075	1.074	1.074	1.074	1.073	1.074	1.074	1.073	1.073	1.073	1.074	1.074	1.074	1.074
906	Eastern Asia	1.06	1.061	1.062	1.063	1.064	1.067	1.074	1.096	1.125	1.148	1.161	1.163	1.152	1.131	1.105	1.083	1.069	1.064	1.061	1.06	1.06	1.06	1.06	1.06	1.06	1.06	1.06	1.06	1.06	1.06
156	China	1.061	1.061	1.062	1.063	1.064	1.068	1.076	1.098	1.131	1.161	1.175	1.176	1.164	1.14	1.113	1.088	1.072	1.065	1.062	1.061	1.061	1.061	1.061	1.06	1.061	1.061	1.061	1.061	1.061	1.061
344	China, Hong Kong SAR	1.094	1.086	1.069	1.066	1.065	1.071	1.064	1.067	1.073	1.082	1.084	1.124	1.122	1.076	1.077	1.077	1.077	1.078	1.078	1.078	1.078	1.078	1.078	1.078	1.077	1.077	1.078	1.078	1.078	1.078
446	China, Macao SAR	1.075	1.075	1.075	1.074	1.073	1.072	1.068	1.066	1.075	1.081	1.081	1.084	1.089	1.086	1.08	1.078	1.076	1.076	1.076	1.075	1.076	1.076	1.075	1.076	1.075	1.075	1.075	1.075	1.075	1.076
158	China, Taiwan Province of China	1.054	1.057	1.064	1.065	1.064	1.067	1.069	1.079	1.094	1.088	1.096	1.094	1.079	1.076	1.069	1.065	1.063	1.062	1.062	1.062	1.062	1.062	1.062	1.062	1.062	1.062	1.062	1.062	1.062	1.062
408	Dem. People's Republic of Korea	1.06	1.06	1.06	1.06	1.06	1.06	1.06	1.06	1.06	1.06	1.06	1.06	1.06	1.06	1.06	1.06	1.06	1.06	1.06	1.06	1.06	1.06	1.06	1.06	1.06	1.06	1.06	1.06	1.06	1.06
392	Japan	1.054	1.057	1.058	1.064	1.066	1.061	1.057	1.057	1.056	1.054	1.055	1.054	1.054	1.053	1.051	1.051	1.05	1.05	1.05	1.05	1.05	1.05	1.05	1.05	1.05	1.05	1.05	1.05	1.05	1.05
496	Mongolia	1.035	1.032	1.024	1.011	1.028	1.037	1.039	1.04	1.039	1.036	1.037	1.036	1.038	1.051	1.045	1.042	1.04	1.039	1.039	1.038	1.038	1.038	1.038	1.038	1.038	1.038	1.038	1.038	1.038	1.038
410	Republic of Korea	1.063	1.063	1.062	1.062	1.061	1.061	1.074	1.113	1.145	1.107	1.092	1.068	1.058	1.055	1.058	1.06	1.061	1.062	1.062	1.062	1.062	1.062	1.062	1.062	1.062	1.062	1.062	1.062	1.062	1.062
5501	Southern Asia	1.051	1.052	1.052	1.053	1.056	1.06	1.061	1.063	1.07	1.081	1.083	1.082	1.08	1.075	1.067	1.06	1.056	1.053	1.052	1.052	1.052	1.052	1.052	1.052	1.052	1.052	1.052	1.052	1.052	1.052
4	Afghanistan	1.049	1.049	1.049	1.049	1.05	1.05	1.051	1.053	1.056	1.062	1.065	1.063	1.058	1.054	1.052	1.051	1.05	1.05	1.05	1.05	1.05	1.049	1.049	1.05	1.049	1.049	1.05	1.049	1.049	1.049
50	Bangladesh	1.048	1.047	1.047	1.049	1.05	1.051	1.047	1.051	1.046	1.038	1.04	1.037	1.042	1.05	1.05	1.049	1.048	1.048	1.048	1.047	1.048	1.048	1.048	1.048	1.048	1.048	1.048	1.048	1.048	1.048
64	Bhutan	1.049	1.049	1.049	1.049	1.049	1.049	1.048	1.048	1.048	1.049	1.049	1.048	1.048	1.049	1.048	1.049	1.048	1.048	1.048	1.048	1.048	1.049	1.049	1.049	1.049	1.049	1.048	1.048	1.049	1.048
356	India	1.051	1.051	1.052	1.053	1.056	1.062	1.068	1.068	1.076	1.091	1.093	1.094	1.093	1.086	1.075	1.065	1.058	1.055	1.053	1.052	1.052	1.051	1.051	1.051	1.051	1.051	1.051	1.051	1.051	1.051
364	Iran (Islamic Republic of)	1.052	1.056	1.065	1.066	1.063	1.054	1.011	1.015	1.033	1.04	1.044	1.049	1.053	1.057	1.053	1.05	1.049	1.049	1.048	1.048	1.048	1.048	1.048	1.048	1.048	1.048	1.048	1.048	1.048	1.048
462	Maldives	1.054	1.054	1.054	1.055	1.056	1.056	1.056	1.056	1.059	1.057	1.057	1.059	1.056	1.045	1.05	1.052	1.053	1.054	1.054	1.054	1.054	1.054	1.054	1.054	1.054	1.054	1.054	1.054	1.054	1.054
524	Nepal	1.047	1.047	1.047	1.046	1.046	1.047	1.045	1.043	1.044	1.046	1.048	1.051	1.053	1.053	1.05	1.049	1.047	1.047	1.047	1.047	1.047	1.047	1.047	1.047	1.047	1.047	1.047	1.047	1.047	1.047
586	Pakistan	1.057	1.058	1.058	1.059	1.062	1.065	1.06	1.067	1.077	1.079	1.079	1.073	1.059	1.055	1.055	1.055	1.055	1.055	1.055	1.055	1.055	1.055	1.055	1.055	1.055	1.055	1.055	1.055	1.055	1.055
144	Sri Lanka	1.044	1.044	1.042	1.04	1.039	1.04	1.044	1.046	1.042	1.043	1.046	1.047	1.044	1.043	1.044	1.044	1.044	1.044	1.044	1.044	1.044	1.044	1.044	1.044	1.044	1.044	1.044	1.044	1.044	1.044
920	South-Eastern Asia	1.063	1.062	1.062	1.062	1.062	1.063	1.066	1.067	1.067	1.067	1.068	1.071	1.073	1.073	1.071	1.069	1.068	1.067	1.066	1.066	1.066	1.066	1.066	1.066	1.066	1.066	1.066	1.066	1.066	1.066
96	Brunei Darussalam	1.069	1.066	1.066	1.067	1.068	1.069	1.069	1.071	1.072	1.072	1.068	1.071	1.077	1.084	1.078	1.074	1.072	1.071	1.071	1.071	1.071	1.071	1.071	1.07	1.071	1.071	1.071	1.071	1.071	1.071
116	Cambodia	1.053	1.053	1.053	1.053	1.053	1.054	1.054	1.05	1.048	1.049	1.05	1.051	1.051	1.052	1.052	1.053	1.053	1.053	1.053	1.053	1.053	1.053	1.053	1.053	1.053	1.053	1.053	1.053	1.053	1.053
360	Indonesia	1.059	1.057	1.057	1.056	1.056	1.059	1.066	1.069	1.068	1.064	1.063	1.061	1.06	1.059	1.06	1.061	1.061	1.061	1.061	1.061	1.061	1.061	1.061	1.061	1.061	1.061	1.061	1.061	1.061	1.061
418	Lao People's Democratic Republic	1.053	1.053	1.053	1.053	1.053	1.053	1.053	1.052	1.051	1.05	1.049	1.048	1.051	1.053	1.053	1.053	1.053	1.053	1.053	1.053	1.053	1.053	1.053	1.053	1.053	1.053	1.053	1.053	1.053	1.053
458	Malaysia	1.056	1.054	1.056	1.058	1.058	1.061	1.062	1.064	1.069	1.071	1.065	1.067	1.069	1.068	1.066	1.064	1.064	1.063	1.063	1.063	1.063	1.063	1.063	1.063	1.063	1.063	1.063	1.063	1.063	1.063
104	Myanmar	1.066	1.066	1.066	1.066	1.066	1.066	1.066	1.066	1.065	1.066	1.067	1.067	1.066	1.067	1.066	1.066	1.066	1.066	1.066	1.066	1.066	1.066	1.066	1.066	1.066	1.066	1.066	1.066	1.066	1.066
608	Philippines	1.076	1.076	1.077	1.077	1.076	1.075	1.075	1.073	1.075	1.08	1.08	1.081	1.082	1.079	1.077	1.077	1.076	1.076	1.076	1.076	1.076	1.076	1.076	1.076	1.076	1.076	1.076	1.076	1.076	1.076
702	Singapore	1.062	1.062	1.058	1.056	1.067	1.074	1.078	1.073	1.069	1.072	1.069	1.066	1.063	1.061	1.06	1.06	1.06	1.06	1.06	1.061	1.061	1.061	1.061	1.06	1.061	1.061	1.06	1.061	1.06	1.061
764	Thailand	1.064	1.064	1.064	1.063	1.065	1.064	1.064	1.064	1.064	1.064	1.064	1.064	1.064	1.064	1.064	1.064	1.064	1.064	1.064	1.064	1.064	1.064	1.064	1.064	1.064	1.064	1.064	1.064	1.064	1.064
626	Timor-Leste	1.071	1.071	1.071	1.071	1.071	1.071	1.072	1.073	1.074	1.074	1.073	1.071	1.071	1.071	1.071	1.071	1.071	1.071	1.071	1.071	1.071	1.071	1.071	1.071	1.071	1.071	1.071	1.071	1.071	1.071
704	Viet Nam	1.064	1.064	1.064	1.064	1.064	1.064	1.064	1.064	1.063	1.065	1.078	1.109	1.122	1.121	1.111	1.098	1.085	1.075	1.07	1.067	1.065	1.064	1.064	1.064	1.064	1.064	1.064	1.064	1.064	1.064
922	Western Asia	1.052	1.053	1.052	1.052	1.053	1.054	1.055	1.055	1.055	1.059	1.06	1.058	1.059	1.057	1.055	1.054	1.054	1.054	1.053	1.053	1.053	1.053	1.053	1.053	1.053	1.053	1.053	1.053	1.053	1.053
51	Armenia	1.065	1.064	1.064	1.064	1.064	1.064	1.064	1.064	1.07	1.142	1.17	1.156	1.138	1.114	1.091	1.073	1.066	1.064	1.064	1.064	1.064	1.064	1.064	1.064	1.064	1.064	1.064	1.064	1.064	1.064
31	Azerbaijan	1.064	1.064	1.064	1.063	1.064	1.064	1.064	1.065	1.076	1.121	1.163	1.168	1.158	1.141	1.122	1.101	1.083	1.071	1.066	1.065	1.064	1.064	1.063	1.063	1.064	1.064	1.064	1.064	1.064	1.064
48	Bahrain	1.035	1.034	1.032	1.028	1.02	1.018	1.033	1.04	1.038	1.039	1.036	1.036	1.04	1.04	1.039	1.037	1.037	1.036	1.036	1.036	1.036	1.036	1.036	1.036	1.036	1.036	1.036	1.036	1.036	1.036
196	Cyprus	1.06	1.061	1.067	1.078	1.069	1.072	1.072	1.07	1.068	1.067	1.066	1.065	1.065	1.065	1.065	1.065	1.065	1.065	1.065	1.065	1.065	1.065	1.065	1.065	1.065	1.065	1.065	1.065	1.065	1.065
268	Georgia	1.063	1.063	1.063	1.063	1.064	1.067	1.071	1.078	1.089	1.105	1.106	1.092	1.081	1.072	1.067	1.065	1.065	1.064	1.064	1.064	1.064	1.064	1.064	1.064	1.064	1.064	1.064	1.064	1.064	1.064
368	Iraq	1.056	1.056	1.056	1.056	1.056	1.056	1.056	1.056	1.054	1.056	1.059	1.059	1.058	1.057	1.057	1.056	1.056	1.056	1.056	1.056	1.056	1.056	1.056	1.056	1.056	1.056	1.056	1.056	1.056	1.056
376	Israel	1.063	1.067	1.062	1.061	1.056	1.054	1.054	1.053	1.055	1.058	1.055	1.053	1.054	1.055	1.054	1.055	1.056	1.056	1.056	1.056	1.056	1.056	1.056	1.056	1.056	1.056	1.056	1.056	1.056	1.056
400	Jordan	1.05	1.051	1.054	1.061	1.072	1.068	1.06	1.057	1.052	1.049	1.046	1.044	1.05	1.05	1.049	1.049	1.049	1.049	1.049	1.049	1.049	1.049	1.049	1.049	1.049	1.049	1.049	1.049	1.049	1.049
414	Kuwait	1.045	1.046	1.049	1.04	1.037	1.037	1.035	1.036	1.042	1.044	1.042	1.043	1.047	1.051	1.048	1.046	1.045	1.044	1.044	1.044	1.044	1.044	1.044	1.044	1.044	1.044	1.044	1.044	1.044	1.044
422	Lebanon	1.066	1.074	1.073	1.06	1.059	1.056	1.054	1.052	1.048	1.041	1.038	1.032	1.046	1.052	1.053	1.053	1.053	1.053	1.054	1.054	1.054	1.054	1.054	1.054	1.054	1.054	1.054	1.054	1.054	1.054
512	Oman	1.044	1.045	1.045	1.045	1.045	1.045	1.045	1.045	1.044	1.044	1.044	1.042	1.043	1.042	1.043	1.044	1.044	1.044	1.045	1.045	1.044	1.044	1.045	1.044	1.045	1.044	1.045	1.045	1.045	1.045
634	Qatar	1.044	1.044	1.044	1.044	1.044	1.045	1.046	1.048	1.047	1.043	1.045	1.043	1.04	1.037	1.039	1.042	1.043	1.043	1.044	1.044	1.044	1.044	1.044	1.044	1.044	1.044	1.044	1.044	1.044	1.044
682	Saudi Arabia	1.051	1.05	1.051	1.051	1.051	1.05	1.05	1.05	1.05	1.05	1.05	1.05	1.051	1.052	1.051	1.051	1.051	1.051	1.051	1.051	1.051	1.051	1.051	1.051	1.05	1.051	1.051	1.051	1.051	1.051
275	State of Palestine	1.05	1.05	1.05	1.05	1.05	1.05	1.05	1.05	1.05	1.051	1.05	1.048	1.051	1.051	1.051	1.051	1.05	1.05	1.05	1.05	1.05	1.05	1.05	1.05	1.05	1.05	1.05	1.05	1.05	1.05
760	Syrian Arab Republic	1.053	1.053	1.052	1.052	1.052	1.053	1.055	1.054	1.053	1.053	1.052	1.052	1.052	1.052	1.052	1.053	1.053	1.053	1.053	1.053	1.053	1.053	1.053	1.053	1.053	1.052	1.052	1.053	1.053	1.052
792	Türkiye	1.046	1.046	1.045	1.045	1.047	1.048	1.051	1.054	1.054	1.059	1.059	1.056	1.056	1.054	1.051	1.048	1.048	1.047	1.047	1.047	1.047	1.047	1.047	1.047	1.047	1.047	1.047	1.047	1.047	1.047
784	United Arab Emirates	1.043	1.043	1.043	1.041	1.039	1.034	1.032	1.042	1.046	1.045	1.043	1.043	1.044	1.051	1.046	1.045	1.044	1.044	1.043	1.043	1.043	1.043	1.043	1.043	1.043	1.043	1.043	1.043	1.043	1.043
887	Yemen	1.059	1.06	1.06	1.062	1.064	1.065	1.064	1.058	1.059	1.06	1.061	1.059	1.058	1.058	1.059	1.059	1.059	1.059	1.059	1.059	1.059	1.059	1.059	1.059	1.059	1.059	1.059	1.059	1.059	1.059
908	Europe	1.06	1.058	1.058	1.057	1.057	1.057	1.056	1.056	1.058	1.059	1.059	1.057	1.057	1.057	1.057	1.057	1.057	1.057	1.057	1.057	1.057	1.057	1.057	1.057	1.057	1.057	1.057	1.057	1.057	1.057
923	Eastern Europe	1.059	1.058	1.059	1.056	1.055	1.054	1.053	1.055	1.058	1.061	1.062	1.059	1.06	1.059	1.058	1.058	1.058	1.058	1.057	1.057	1.058	1.058	1.058	1.057	1.057	1.057	1.057	1.057	1.057	1.057
112	Belarus	1.062	1.064	1.061	1.057	1.057	1.053	1.052	1.059	1.064	1.066	1.062	1.062	1.063	1.06	1.058	1.059	1.06	1.06	1.06	1.06	1.06	1.06	1.06	1.06	1.06	1.06	1.06	1.06	1.06	1.06
100	Bulgaria	1.065	1.059	1.062	1.061	1.062	1.06	1.061	1.053	1.059	1.06	1.063	1.058	1.058	1.06	1.06	1.06	1.06	1.06	1.061	1.06	1.061	1.06	1.06	1.06	1.06	1.06	1.061	1.06	1.06	1.061
203	Czechia	1.066	1.061	1.059	1.059	1.058	1.053	1.056	1.053	1.057	1.057	1.059	1.052	1.053	1.051	1.053	1.055	1.057	1.057	1.057	1.057	1.057	1.057	1.057	1.058	1.057	1.057	1.057	1.057	1.057	1.057
348	Hungary	1.07	1.073	1.069	1.069	1.066	1.056	1.05	1.052	1.052	1.062	1.06	1.055	1.059	1.056	1.058	1.06	1.061	1.061	1.061	1.061	1.061	1.061	1.061	1.061	1.061	1.061	1.061	1.061	1.061	1.061
616	Poland	1.07	1.071	1.074	1.066	1.066	1.066	1.059	1.059	1.056	1.06	1.061	1.059	1.062	1.057	1.06	1.061	1.062	1.063	1.063	1.063	1.063	1.063	1.063	1.063	1.063	1.063	1.063	1.063	1.063	1.063
498	Republic of Moldova	1.061	1.061	1.061	1.061	1.061	1.061	1.061	1.058	1.056	1.061	1.064	1.064	1.063	1.064	1.063	1.062	1.061	1.061	1.061	1.061	1.061	1.061	1.061	1.061	1.061	1.061	1.061	1.061	1.061	1.061
642	Romania	1.056	1.061	1.064	1.057	1.059	1.056	1.054	1.05	1.056	1.061	1.063	1.06	1.06	1.056	1.055	1.056	1.057	1.057	1.057	1.057	1.057	1.057	1.057	1.058	1.058	1.058	1.058	1.058	1.058	1.058
643	Russian Federation	1.054	1.052	1.053	1.05	1.049	1.05	1.049	1.053	1.058	1.06	1.062	1.058	1.058	1.059	1.057	1.056	1.056	1.055	1.055	1.055	1.056	1.056	1.055	1.055	1.055	1.055	1.055	1.055	1.055	1.055
703	Slovakia	1.069	1.064	1.06	1.06	1.051	1.051	1.05	1.049	1.053	1.054	1.055	1.053	1.051	1.054	1.054	1.055	1.056	1.056	1.056	1.056	1.057	1.057	1.057	1.057	1.057	1.056	1.056	1.056	1.057	1.056
804	Ukraine	1.06	1.061	1.062	1.06	1.054	1.052	1.053	1.056	1.059	1.063	1.065	1.063	1.066	1.067	1.064	1.061	1.061	1.061	1.06	1.06	1.06	1.06	1.06	1.06	1.06	1.06	1.06	1.06	1.06	1.06
924	Northern Europe	1.059	1.059	1.059	1.059	1.06	1.058	1.054	1.054	1.053	1.054	1.053	1.052	1.053	1.056	1.056	1.055	1.055	1.055	1.055	1.055	1.055	1.055	1.055	1.055	1.055	1.055	1.055	1.055	1.055	1.055
208	Denmark	1.064	1.061	1.056	1.06	1.057	1.056	1.052	1.058	1.055	1.056	1.053	1.054	1.051	1.057	1.057	1.055	1.054	1.054	1.054	1.054	1.054	1.054	1.054	1.054	1.054	1.054	1.054	1.054	1.054	1.054
233	Estonia	1.061	1.062	1.064	1.056	1.057	1.058	1.056	1.057	1.06	1.063	1.061	1.062	1.057	1.066	1.061	1.061	1.06	1.06	1.06	1.06	1.06	1.06	1.06	1.06	1.06	1.06	1.06	1.06	1.06	1.06
234	Faroe Islands	1.062	1.062	1.062	1.062	1.063	1.063	1.061	1.065	1.06	1.055	1.075	1.067	1.065	1.069	1.067	1.067	1.067	1.067	1.067	1.067	1.067	1.067	1.067	1.067	1.067	1.067	1.067	1.067	1.067	1.067
246	Finland	1.052	1.05	1.049	1.048	1.052	1.051	1.049	1.046	1.042	1.043	1.05	1.045	1.047	1.049	1.052	1.052	1.052	1.052	1.052	1.052	1.052	1.052	1.053	1.052	1.052	1.052	1.052	1.052	1.052	1.052
831	Guernsey	1.053	1.052	1.05	1.051	1.053	1.053	1.054	1.055	1.055	1.055	1.054	1.054	1.054	1.054	1.054	1.054	1.054	1.054	1.054	1.054	1.054	1.054	1.054	1.054	1.054	1.054	1.054	1.054	1.054	1.054
352	Iceland	1.059	1.058	1.055	1.055	1.057	1.056	1.054	1.054	1.054	1.05	1.047	1.05	1.049	1.061	1.061	1.058	1.056	1.055	1.055	1.055	1.055	1.054	1.055	1.055	1.054	1.054	1.054	1.055	1.055	1.054
372	Ireland	1.056	1.051	1.052	1.058	1.059	1.058	1.061	1.062	1.064	1.064	1.056	1.05	1.053	1.053	1.055	1.056	1.057	1.057	1.057	1.057	1.057	1.057	1.057	1.057	1.057	1.057	1.057	1.057	1.057	1.057
833	Isle of Man	1.05	1.05	1.05	1.05	1.05	1.05	1.05	1.05	1.05	1.05	1.05	1.05	1.05	1.05	1.05	1.05	1.05	1.05	1.05	1.05	1.05	1.05	1.05	1.05	1.05	1.05	1.05	1.05	1.05	1.05
832	Jersey	1.053	1.052	1.05	1.051	1.053	1.053	1.054	1.055	1.055	1.054	1.054	1.054	1.054	1.054	1.054	1.054	1.054	1.054	1.054	1.054	1.054	1.054	1.054	1.054	1.054	1.054	1.054	1.054	1.054	1.054
428	Latvia	1.056	1.055	1.062	1.058	1.058	1.059	1.055	1.054	1.05	1.057	1.052	1.045	1.056	1.071	1.065	1.061	1.059	1.058	1.058	1.058	1.057	1.057	1.057	1.057	1.057	1.057	1.057	1.057	1.057	1.057
440	Lithuania	1.052	1.05	1.052	1.048	1.047	1.046	1.053	1.056	1.055	1.061	1.058	1.049	1.053	1.056	1.052	1.053	1.053	1.053	1.053	1.053	1.053	1.053	1.053	1.053	1.053	1.053	1.053	1.053	1.053	1.053
578	Norway	1.063	1.058	1.062	1.063	1.056	1.057	1.059	1.054	1.06	1.059	1.052	1.055	1.055	1.062	1.062	1.061	1.06	1.06	1.06	1.06	1.06	1.06	1.06	1.059	1.059	1.06	1.06	1.06	1.059	1.06
752	Sweden	1.065	1.064	1.06	1.062	1.061	1.057	1.058	1.058	1.054	1.056	1.061	1.06	1.057	1.059	1.057	1.055	1.054	1.053	1.053	1.053	1.053	1.053	1.053	1.053	1.053	1.053	1.053	1.053	1.053	1.053
826	United Kingdom	1.059	1.06	1.06	1.059	1.062	1.06	1.053	1.052	1.052	1.053	1.052	1.051	1.053	1.054	1.055	1.055	1.055	1.055	1.055	1.055	1.055	1.055	1.055	1.055	1.055	1.055	1.054	1.055	1.055	1.055
925	Southern Europe	1.061	1.058	1.06	1.059	1.062	1.067	1.071	1.068	1.067	1.066	1.065	1.065	1.063	1.061	1.062	1.063	1.063	1.064	1.064	1.064	1.064	1.064	1.064	1.064	1.064	1.064	1.064	1.064	1.064	1.064
8	Albania	1.058	1.059	1.059	1.06	1.062	1.07	1.085	1.079	1.079	1.088	1.117	1.125	1.101	1.086	1.073	1.064	1.06	1.059	1.059	1.059	1.059	1.059	1.058	1.058	1.058	1.058	1.058	1.058	1.058	1.059
20	Andorra	1.063	1.062	1.062	1.062	1.062	1.063	1.063	1.062	1.063	1.064	1.062	1.062	1.06	1.062	1.063	1.063	1.062	1.062	1.062	1.062	1.062	1.062	1.062	1.062	1.062	1.062	1.062	1.062	1.062	1.062
70	Bosnia and Herzegovina	1.065	1.063	1.061	1.073	1.07	1.069	1.069	1.068	1.065	1.071	1.066	1.068	1.069	1.069	1.068	1.067	1.067	1.066	1.066	1.066	1.066	1.066	1.067	1.066	1.066	1.066	1.066	1.066	1.066	1.066
191	Croatia	1.059	1.056	1.059	1.059	1.063	1.063	1.064	1.062	1.062	1.059	1.059	1.059	1.067	1.059	1.06	1.06	1.06	1.06	1.06	1.06	1.06	1.06	1.06	1.06	1.06	1.06	1.06	1.06	1.06	1.06
292	Gibraltar	1.076	1.076	1.077	1.076	1.076	1.078	1.075	1.076	1.092	1.106	1.056	1.039	1.064	1.071	1.065	1.065	1.065	1.065	1.065	1.065	1.065	1.065	1.065	1.065	1.065	1.065	1.065	1.065	1.065	1.065
300	Greece	1.076	1.077	1.07	1.069	1.069	1.071	1.075	1.069	1.066	1.064	1.065	1.067	1.061	1.063	1.064	1.064	1.065	1.065	1.065	1.065	1.065	1.065	1.065	1.065	1.065	1.065	1.065	1.065	1.065	1.065
380	Italy	1.055	1.055	1.055	1.055	1.06	1.061	1.061	1.062	1.064	1.062	1.058	1.061	1.059	1.058	1.059	1.058	1.058	1.058	1.058	1.058	1.058	1.058	1.058	1.058	1.058	1.058	1.058	1.058	1.058	1.058
412	Kosovo (under UNSC res. 1244)	1.069	1.069	1.069	1.069	1.069	1.069	1.07	1.071	1.073	1.076	1.073	1.071	1.07	1.069	1.069	1.069	1.069	1.069	1.069	1.069	1.069	1.069	1.069	1.069	1.069	1.069	1.069	1.069	1.069	1.069
470	Malta	1.068	1.068	1.071	1.074	1.074	1.073	1.069	1.064	1.064	1.065	1.064	1.07	1.072	1.069	1.067	1.068	1.068	1.068	1.068	1.068	1.068	1.068	1.068	1.068	1.068	1.068	1.068	1.068	1.068	1.068
499	Montenegro	1.056	1.056	1.055	1.055	1.055	1.055	1.06	1.074	1.09	1.096	1.097	1.097	1.088	1.08	1.071	1.063	1.059	1.057	1.057	1.056	1.056	1.056	1.056	1.056	1.056	1.056	1.056	1.056	1.056	1.056
807	North Macedonia	1.071	1.069	1.067	1.071	1.071	1.073	1.073	1.08	1.081	1.081	1.073	1.071	1.076	1.078	1.077	1.075	1.074	1.073	1.073	1.073	1.073	1.072	1.072	1.072	1.073	1.073	1.072	1.073	1.073	1.072
620	Portugal	1.072	1.06	1.067	1.069	1.064	1.073	1.068	1.065	1.061	1.069	1.07	1.058	1.051	1.05	1.055	1.059	1.062	1.062	1.063	1.063	1.063	1.063	1.063	1.063	1.063	1.063	1.063	1.063	1.064	1.063
674	San Marino	1.067	1.067	1.067	1.067	1.066	1.066	1.066	1.066	1.066	1.067	1.068	1.067	1.066	1.066	1.066	1.065	1.065	1.065	1.066	1.066	1.066	1.065	1.066	1.065	1.065	1.066	1.066	1.066	1.066	1.066
688	Serbia	1.069	1.069	1.069	1.069	1.069	1.069	1.07	1.071	1.073	1.076	1.073	1.071	1.07	1.069	1.069	1.069	1.069	1.069	1.069	1.069	1.069	1.069	1.069	1.069	1.069	1.069	1.069	1.069	1.069	1.069
705	Slovenia	1.059	1.061	1.052	1.047	1.064	1.066	1.057	1.056	1.058	1.062	1.061	1.056	1.059	1.063	1.064	1.061	1.06	1.06	1.06	1.059	1.059	1.059	1.059	1.059	1.059	1.059	1.059	1.059	1.059	1.059
724	Spain	1.057	1.053	1.059	1.056	1.059	1.069	1.082	1.074	1.069	1.066	1.064	1.066	1.064	1.06	1.063	1.067	1.068	1.069	1.069	1.069	1.07	1.069	1.069	1.07	1.069	1.07	1.07	1.07	1.07	1.07
926	Western Europe	1.061	1.058	1.054	1.055	1.055	1.056	1.054	1.053	1.053	1.053	1.052	1.051	1.051	1.051	1.052	1.054	1.054	1.055	1.055	1.055	1.055	1.055	1.055	1.055	1.055	1.055	1.055	1.055	1.055	1.055
40	Austria	1.06	1.056	1.053	1.053	1.057	1.057	1.05	1.054	1.055	1.051	1.051	1.05	1.064	1.059	1.055	1.056	1.056	1.057	1.057	1.057	1.057	1.057	1.056	1.056	1.056	1.057	1.057	1.057	1.057	1.057
56	Belgium	1.059	1.058	1.059	1.058	1.058	1.058	1.058	1.058	1.052	1.047	1.05	1.05	1.049	1.047	1.048	1.05	1.051	1.052	1.052	1.052	1.052	1.052	1.052	1.052	1.052	1.052	1.052	1.052	1.052	1.052
250	France	1.052	1.048	1.048	1.05	1.054	1.053	1.053	1.051	1.052	1.052	1.049	1.048	1.047	1.049	1.049	1.051	1.052	1.052	1.052	1.052	1.052	1.052	1.052	1.052	1.052	1.052	1.052	1.052	1.052	1.052
276	Germany	1.069	1.066	1.059	1.058	1.057	1.058	1.056	1.055	1.056	1.056	1.055	1.055	1.053	1.053	1.056	1.057	1.058	1.058	1.058	1.058	1.058	1.058	1.058	1.059	1.059	1.059	1.059	1.058	1.059	1.059
438	Liechtenstein	1.019	1.02	1.02	1.018	1.019	1.023	1.014	1.025	1.026	0.98	1.022	1.149	1.25	1.253	1.163	1.163	1.163	1.163	1.163	1.163	1.163	1.163	1.163	1.163	1.163	1.163	1.163	1.163	1.163	1.163
442	Luxembourg	1.058	1.058	1.058	1.06	1.062	1.058	1.055	1.056	1.061	1.067	1.067	1.056	1.054	1.05	1.052	1.055	1.057	1.057	1.057	1.058	1.058	1.058	1.058	1.058	1.058	1.058	1.058	1.058	1.058	1.058
492	Monaco	1.049	1.049	1.05	1.049	1.049	1.049	1.049	1.048	1.047	1.045	1.044	1.043	1.045	1.047	1.048	1.049	1.049	1.049	1.048	1.049	1.049	1.049	1.049	1.049	1.049	1.049	1.049	1.049	1.049	1.049
528	Netherlands	1.064	1.057	1.054	1.054	1.051	1.053	1.049	1.045	1.05	1.051	1.051	1.05	1.05	1.051	1.052	1.054	1.055	1.055	1.055	1.056	1.056	1.056	1.056	1.056	1.056	1.056	1.056	1.056	1.056	1.056
756	Switzerland	1.055	1.053	1.05	1.055	1.059	1.054	1.056	1.048	1.052	1.051	1.05	1.059	1.06	1.053	1.051	1.052	1.052	1.052	1.052	1.052	1.052	1.052	1.052	1.052	1.052	1.052	1.052	1.052	1.052	1.052
904	Latin America and the Caribbean	1.043	1.043	1.043	1.043	1.043	1.043	1.043	1.044	1.045	1.045	1.045	1.045	1.045	1.044	1.044	1.044	1.044	1.044	1.044	1.044	1.044	1.044	1.044	1.044	1.044	1.044	1.044	1.044	1.044	1.044
915	Caribbean	1.044	1.045	1.044	1.043	1.044	1.043	1.043	1.044	1.048	1.049	1.045	1.045	1.045	1.044	1.042	1.042	1.041	1.041	1.041	1.041	1.041	1.041	1.04	1.04	1.04	1.04	1.04	1.04	1.04	1.04
660	Anguilla	1.032	1.032	1.032	1.032	1.032	1.032	1.031	1.029	1.034	1.035	1.032	1.029	1.032	1.037	1.036	1.036	1.036	1.036	1.036	1.036	1.036	1.036	1.036	1.036	1.036	1.036	1.036	1.036	1.036	1.036
28	Antigua and Barbuda	1.032	1.032	1.031	1.031	1.03	1.03	1.03	1.029	1.028	1.029	1.031	1.031	1.032	1.032	1.032	1.032	1.032	1.032	1.032	1.032	1.032	1.032	1.032	1.032	1.032	1.032	1.032	1.032	1.032	1.032
533	Aruba	1.043	1.043	1.043	1.042	1.042	1.042	1.042	1.043	1.044	1.044	1.043	1.043	1.043	1.044	1.043	1.043	1.043	1.043	1.043	1.043	1.043	1.043	1.043	1.043	1.043	1.043	1.043	1.043	1.043	1.043
44	Bahamas	1.032	1.03	1.028	1.025	1.021	1.024	1.027	1.026	1.027	1.021	1.019	1.021	1.026	1.028	1.028	1.027	1.027	1.027	1.027	1.028	1.027	1.027	1.027	1.028	1.027	1.028	1.027	1.027	1.027	1.027
52	Barbados	1.028	1.028	1.033	1.034	1.032	1.033	1.033	1.034	1.036	1.037	1.038	1.038	1.036	1.035	1.035	1.035	1.035	1.034	1.034	1.034	1.034	1.034	1.034	1.034	1.034	1.034	1.034	1.034	1.034	1.034
535	Bonaire, Sint Eustatius and Saba	1.05	1.05	1.05	1.05	1.05	1.05	1.05	1.05	1.05	1.05	1.05	1.05	1.05	1.05	1.05	1.05	1.05	1.05	1.05	1.05	1.05	1.05	1.05	1.05	1.05	1.05	1.05	1.05	1.05	1.05
92	British Virgin Islands	1.049	1.049	1.05	1.049	1.05	1.05	1.049	1.05	1.049	1.047	1.05	1.051	1.052	1.053	1.053	1.053	1.053	1.053	1.053	1.053	1.053	1.053	1.053	1.053	1.053	1.053	1.053	1.053	1.053	1.053
136	Cayman Islands	1.036	1.036	1.036	1.036	1.036	1.036	1.036	1.036	1.036	1.036	1.036	1.036	1.036	1.036	1.036	1.036	1.036	1.036	1.036	1.036	1.036	1.036	1.036	1.036	1.036	1.036	1.036	1.036	1.036	1.036
192	Cuba	1.065	1.063	1.059	1.058	1.059	1.06	1.064	1.075	1.092	1.1	1.071	1.067	1.069	1.076	1.072	1.069	1.068	1.068	1.067	1.067	1.067	1.067	1.067	1.067	1.067	1.067	1.067	1.067	1.067	1.067
531	Curaçao	1.047	1.047	1.047	1.047	1.047	1.047	1.047	1.047	1.047	1.048	1.049	1.049	1.049	1.048	1.048	1.047	1.047	1.047	1.047	1.047	1.047	1.047	1.047	1.047	1.047	1.047	1.047	1.047	1.047	1.047
212	Dominica	1.035	1.035	1.035	1.035	1.034	1.034	1.032	1.03	1.032	1.033	1.032	1.034	1.038	1.037	1.036	1.035	1.035	1.035	1.035	1.035	1.035	1.035	1.035	1.035	1.035	1.035	1.035	1.035	1.035	1.035
214	Dominican Republic	1.043	1.042	1.041	1.04	1.041	1.042	1.042	1.042	1.045	1.048	1.049	1.049	1.047	1.045	1.044	1.044	1.044	1.044	1.044	1.044	1.044	1.044	1.044	1.044	1.044	1.044	1.044	1.043	1.043	1.044
308	Grenada	1.038	1.038	1.037	1.037	1.035	1.032	1.033	1.032	1.034	1.036	1.039	1.042	1.043	1.042	1.04	1.039	1.038	1.038	1.038	1.038	1.038	1.038	1.038	1.038	1.038	1.038	1.038	1.038	1.038	1.038
312	Guadeloupe	1.028	1.03	1.026	1.022	1.024	1.025	1.025	1.03	1.033	1.035	1.038	1.035	1.036	1.036	1.034	1.033	1.032	1.032	1.032	1.032	1.032	1.032	1.032	1.032	1.032	1.032	1.032	1.032	1.032	1.032
332	Haiti	1.031	1.031	1.03	1.031	1.031	1.031	1.028	1.027	1.026	1.026	1.028	1.033	1.032	1.03	1.03	1.031	1.031	1.031	1.031	1.031	1.031	1.031	1.031	1.031	1.03	1.031	1.031	1.031	1.031	1.031
388	Jamaica	1.032	1.03	1.03	1.036	1.04	1.043	1.044	1.042	1.041	1.04	1.04	1.04	1.041	1.04	1.039	1.039	1.039	1.039	1.038	1.039	1.039	1.039	1.038	1.038	1.039	1.039	1.039	1.039	1.039	1.039
474	Martinique	1.023	1.02	1.017	1.018	1.022	1.025	1.025	1.024	1.024	1.027	1.029	1.03	1.027	1.026	1.026	1.026	1.026	1.026	1.026	1.026	1.026	1.026	1.026	1.026	1.026	1.026	1.026	1.026	1.026	1.026
500	Montserrat	1.058	1.058	1.058	1.058	1.058	1.058	1.058	1.056	1.06	1.06	1.048	1.044	1.042	1.043	1.043	1.043	1.043	1.043	1.043	1.043	1.043	1.043	1.043	1.043	1.043	1.043	1.043	1.043	1.043	1.043
630	Puerto Rico	1.044	1.049	1.05	1.05	1.049	1.051	1.052	1.052	1.055	1.058	1.059	1.058	1.057	1.054	1.052	1.052	1.051	1.051	1.051	1.051	1.051	1.051	1.051	1.051	1.051	1.051	1.051	1.051	1.051	1.051
652	Saint Barthélemy	1.04	1.04	1.04	1.04	1.04	1.04	1.04	1.04	1.04	1.04	1.04	1.04	1.04	1.04	1.04	1.04	1.04	1.04	1.04	1.04	1.04	1.04	1.04	1.04	1.04	1.04	1.04	1.04	1.04	1.04
659	Saint Kitts and Nevis	1.037	1.037	1.037	1.036	1.035	1.037	1.037	1.038	1.038	1.034	1.034	1.036	1.037	1.037	1.037	1.037	1.037	1.037	1.037	1.037	1.037	1.037	1.037	1.037	1.037	1.037	1.037	1.037	1.037	1.037
662	Saint Lucia	1.031	1.031	1.03	1.028	1.028	1.03	1.027	1.026	1.031	1.031	1.032	1.033	1.031	1.031	1.031	1.031	1.031	1.031	1.031	1.031	1.031	1.031	1.031	1.031	1.031	1.031	1.031	1.031	1.031	1.031
663	Saint Martin (French part)	1.04	1.04	1.04	1.04	1.04	1.04	1.04	1.04	1.04	1.04	1.04	1.04	1.04	1.04	1.04	1.04	1.04	1.04	1.04	1.04	1.04	1.04	1.04	1.04	1.04	1.04	1.04	1.04	1.04	1.04
670	Saint Vincent and the Grenadines	1.032	1.032	1.032	1.031	1.03	1.03	1.027	1.03	1.03	1.033	1.032	1.029	1.029	1.032	1.033	1.033	1.033	1.032	1.032	1.032	1.032	1.032	1.032	1.032	1.032	1.032	1.032	1.032	1.032	1.032
534	Sint Maarten (Dutch part)	1.042	1.042	1.042	1.042	1.042	1.042	1.043	1.041	1.041	1.041	1.041	1.04	1.04	1.039	1.039	1.039	1.039	1.039	1.039	1.039	1.039	1.039	1.039	1.039	1.039	1.039	1.039	1.039	1.039	1.039
780	Trinidad and Tobago	1.04	1.042	1.041	1.035	1.038	1.042	1.04	1.036	1.036	1.041	1.041	1.043	1.041	1.041	1.041	1.04	1.04	1.04	1.04	1.04	1.04	1.04	1.04	1.04	1.04	1.04	1.04	1.04	1.04	1.04
796	Turks and Caicos Islands	1.05	1.05	1.05	1.05	1.05	1.05	1.05	1.05	1.049	1.05	1.05	1.05	1.051	1.049	1.049	1.049	1.049	1.049	1.049	1.049	1.049	1.049	1.049	1.049	1.049	1.049	1.049	1.049	1.049	1.049
850	United States Virgin Islands	1.038	1.039	1.039	1.04	1.039	1.038	1.036	1.038	1.04	1.04	1.039	1.039	1.039	1.039	1.039	1.039	1.039	1.039	1.039	1.039	1.039	1.039	1.039	1.039	1.039	1.039	1.039	1.039	1.039	1.039
916	Central America	1.04	1.039	1.039	1.039	1.038	1.04	1.04	1.039	1.039	1.04	1.041	1.04	1.041	1.04	1.04	1.04	1.04	1.04	1.04	1.04	1.041	1.04	1.04	1.04	1.04	1.04	1.04	1.04	1.04	1.04
84	Belize	1.051	1.052	1.052	1.053	1.054	1.054	1.054	1.054	1.052	1.051	1.052	1.052	1.052	1.052	1.052	1.051	1.051	1.051	1.051	1.051	1.051	1.051	1.051	1.051	1.051	1.051	1.051	1.051	1.051	1.051
188	Costa Rica	1.047	1.046	1.047	1.048	1.05	1.051	1.053	1.056	1.053	1.05	1.05	1.047	1.046	1.044	1.045	1.046	1.047	1.048	1.048	1.048	1.048	1.048	1.048	1.048	1.048	1.048	1.048	1.048	1.048	1.048
222	El Salvador	1.047	1.046	1.044	1.04	1.034	1.036	1.038	1.04	1.039	1.054	1.065	1.073	1.068	1.051	1.048	1.048	1.047	1.047	1.047	1.047	1.047	1.047	1.047	1.047	1.047	1.047	1.047	1.048	1.047	1.048
320	Guatemala	1.046	1.048	1.049	1.047	1.044	1.044	1.04	1.041	1.039	1.035	1.033	1.032	1.034	1.037	1.039	1.04	1.041	1.041	1.041	1.041	1.041	1.041	1.041	1.041	1.041	1.041	1.041	1.041	1.041	1.041
340	Honduras	1.05	1.05	1.05	1.05	1.05	1.05	1.049	1.049	1.05	1.052	1.055	1.056	1.055	1.052	1.051	1.051	1.05	1.05	1.05	1.05	1.05	1.05	1.05	1.05	1.05	1.05	1.05	1.05	1.05	1.05
484	Mexico	1.038	1.037	1.037	1.038	1.036	1.038	1.039	1.038	1.038	1.038	1.039	1.039	1.039	1.039	1.039	1.038	1.038	1.038	1.039	1.038	1.039	1.038	1.038	1.038	1.038	1.038	1.038	1.038	1.038	1.038
558	Nicaragua	1.035	1.036	1.035	1.035	1.035	1.035	1.037	1.036	1.033	1.032	1.032	1.033	1.035	1.035	1.035	1.035	1.035	1.035	1.036	1.036	1.035	1.035	1.035	1.035	1.036	1.035	1.035	1.035	1.035	1.035
591	Panama	1.046	1.042	1.039	1.041	1.044	1.047	1.049	1.052	1.05	1.053	1.053	1.05	1.052	1.06	1.055	1.052	1.05	1.049	1.049	1.048	1.048	1.048	1.048	1.048	1.048	1.048	1.048	1.048	1.049	1.048
931	South America	1.044	1.044	1.044	1.045	1.045	1.045	1.045	1.047	1.048	1.047	1.047	1.047	1.047	1.047	1.046	1.046	1.046	1.045	1.046	1.045	1.045	1.045	1.045	1.046	1.046	1.045	1.045	1.046	1.045	1.045
32	Argentina	1.046	1.043	1.043	1.039	1.042	1.052	1.047	1.053	1.054	1.055	1.055	1.061	1.061	1.054	1.051	1.05	1.05	1.05	1.05	1.049	1.049	1.05	1.05	1.049	1.05	1.049	1.049	1.049	1.049	1.049
68	Bolivia (Plurinational State of)	1.043	1.043	1.043	1.044	1.045	1.046	1.043	1.04	1.042	1.04	1.041	1.042	1.041	1.042	1.042	1.042	1.042	1.042	1.042	1.042	1.042	1.042	1.042	1.043	1.042	1.042	1.042	1.042	1.042	1.042
76	Brazil	1.045	1.045	1.045	1.046	1.045	1.044	1.045	1.046	1.047	1.045	1.045	1.045	1.045	1.045	1.045	1.045	1.045	1.045	1.045	1.045	1.045	1.045	1.045	1.045	1.045	1.045	1.045	1.045	1.045	1.045
152	Chile	1.035	1.035	1.034	1.039	1.044	1.044	1.043	1.047	1.049	1.048	1.046	1.045	1.042	1.039	1.042	1.044	1.045	1.045	1.045	1.045	1.045	1.045	1.045	1.045	1.045	1.045	1.045	1.045	1.045	1.045
170	Colombia	1.046	1.046	1.047	1.049	1.048	1.048	1.046	1.044	1.043	1.045	1.048	1.047	1.045	1.045	1.046	1.045	1.045	1.045	1.046	1.046	1.046	1.046	1.046	1.046	1.046	1.046	1.046	1.046	1.046	1.046
218	Ecuador	1.047	1.047	1.046	1.046	1.045	1.044	1.045	1.048	1.049	1.049	1.049	1.048	1.047	1.047	1.046	1.047	1.047	1.046	1.046	1.046	1.046	1.046	1.046	1.046	1.046	1.046	1.046	1.046	1.046	1.046
238	Falkland Islands (Malvinas)	1.03	1.03	1.03	1.03	1.03	1.03	1.03	1.03	1.03	1.03	1.03	1.03	1.03	1.03	1.03	1.03	1.03	1.03	1.03	1.03	1.03	1.03	1.03	1.03	1.03	1.03	1.03	1.03	1.03	1.03
254	French Guiana	1.032	1.033	1.033	1.032	1.033	1.034	1.033	1.034	1.036	1.034	1.036	1.038	1.038	1.038	1.037	1.036	1.036	1.035	1.035	1.035	1.035	1.035	1.035	1.035	1.035	1.035	1.035	1.035	1.035	1.035
328	Guyana	1.036	1.035	1.035	1.036	1.033	1.029	1.032	1.034	1.036	1.038	1.04	1.041	1.039	1.038	1.037	1.037	1.037	1.037	1.037	1.037	1.037	1.037	1.037	1.037	1.036	1.037	1.037	1.036	1.036	1.036
600	Paraguay	1.05	1.05	1.049	1.049	1.047	1.047	1.049	1.052	1.054	1.055	1.054	1.053	1.052	1.051	1.05	1.05	1.05	1.05	1.05	1.05	1.05	1.05	1.05	1.05	1.05	1.05	1.05	1.05	1.05	1.05
604	Peru	1.042	1.042	1.041	1.042	1.043	1.043	1.043	1.045	1.042	1.04	1.038	1.039	1.04	1.04	1.041	1.041	1.041	1.041	1.041	1.041	1.041	1.041	1.041	1.041	1.041	1.041	1.041	1.041	1.041	1.041
740	Suriname	1.035	1.032	1.035	1.038	1.038	1.038	1.038	1.039	1.039	1.04	1.038	1.038	1.039	1.042	1.04	1.04	1.039	1.039	1.038	1.038	1.038	1.038	1.038	1.038	1.038	1.038	1.038	1.038	1.038	1.038
858	Uruguay	1.045	1.05	1.056	1.066	1.065	1.048	1.052	1.051	1.049	1.05	1.051	1.05	1.05	1.058	1.056	1.054	1.053	1.052	1.052	1.052	1.052	1.052	1.052	1.052	1.052	1.052	1.052	1.052	1.052	1.052
862	Venezuela (Bolivarian Republic of)	1.044	1.042	1.039	1.037	1.04	1.044	1.044	1.048	1.062	1.063	1.063	1.054	1.057	1.057	1.053	1.051	1.05	1.049	1.049	1.049	1.049	1.049	1.049	1.049	1.049	1.049	1.049	1.049	1.049	1.049
905	Northern America	1.053	1.051	1.05	1.051	1.054	1.053	1.052	1.051	1.049	1.048	1.048	1.049	1.049	1.047	1.049	1.05	1.051	1.051	1.052	1.052	1.052	1.052	1.052	1.052	1.052	1.052	1.052	1.052	1.052	1.052
60	Bermuda	1.04	1.04	1.04	1.04	1.04	1.04	1.04	1.04	1.04	1.04	1.04	1.04	1.04	1.04	1.04	1.04	1.04	1.04	1.04	1.04	1.04	1.04	1.04	1.04	1.04	1.04	1.04	1.04	1.04	1.04
124	Canada	1.059	1.057	1.055	1.055	1.06	1.056	1.056	1.052	1.055	1.054	1.054	1.053	1.054	1.053	1.054	1.056	1.056	1.056	1.057	1.057	1.057	1.057	1.057	1.057	1.057	1.057	1.057	1.057	1.056	1.056
304	Greenland	1.05	1.05	1.05	1.05	1.05	1.05	1.05	1.05	1.05	1.05	1.05	1.05	1.05	1.05	1.05	1.05	1.05	1.05	1.05	1.05	1.05	1.05	1.05	1.05	1.05	1.05	1.05	1.05	1.05	1.05
666	Saint Pierre and Miquelon	1.036	1.036	1.037	1.034	1.036	1.037	1.03	1.039	1.049	1.055	1.061	1.052	1.052	1.054	1.054	1.054	1.054	1.054	1.054	1.054	1.054	1.054	1.054	1.054	1.054	1.054	1.054	1.054	1.054	1.054
840	United States of America	1.052	1.05	1.049	1.051	1.053	1.053	1.052	1.051	1.049	1.048	1.048	1.048	1.048	1.047	1.048	1.05	1.051	1.051	1.051	1.051	1.051	1.051	1.051	1.051	1.051	1.052	1.051	1.051	1.051	1.051
909	Oceania	1.06	1.061	1.062	1.061	1.06	1.063	1.062	1.062	1.064	1.063	1.064	1.065	1.065	1.066	1.065	1.064	1.064	1.064	1.064	1.064	1.064	1.064	1.064	1.063	1.063	1.063	1.063	1.063	1.063	1.063
927	Australia/New Zealand	1.054	1.055	1.057	1.055	1.052	1.056	1.055	1.053	1.056	1.054	1.053	1.056	1.056	1.058	1.056	1.055	1.054	1.054	1.054	1.054	1.054	1.054	1.054	1.054	1.054	1.054	1.054	1.054	1.054	1.054
36	Australia	1.053	1.055	1.058	1.055	1.053	1.057	1.055	1.053	1.056	1.054	1.054	1.056	1.056	1.058	1.057	1.055	1.054	1.054	1.054	1.054	1.054	1.054	1.054	1.053	1.054	1.053	1.054	1.054	1.054	1.053
554	New Zealand	1.059	1.055	1.055	1.053	1.051	1.052	1.054	1.053	1.06	1.057	1.05	1.054	1.055	1.053	1.053	1.054	1.054	1.055	1.055	1.055	1.055	1.055	1.055	1.055	1.055	1.055	1.055	1.055	1.055	1.055
928	Melanesia	1.074	1.073	1.074	1.074	1.074	1.074	1.074	1.074	1.075	1.075	1.076	1.076	1.076	1.076	1.076	1.075	1.075	1.075	1.074	1.074	1.074	1.074	1.075	1.074	1.074	1.074	1.074	1.074	1.074	1.074
242	Fiji	1.067	1.067	1.067	1.066	1.069	1.07	1.069	1.071	1.07	1.07	1.071	1.07	1.071	1.073	1.071	1.07	1.07	1.07	1.07	1.07	1.07	1.07	1.069	1.069	1.069	1.069	1.069	1.069	1.069	1.069
540	New Caledonia	1.059	1.059	1.058	1.055	1.055	1.053	1.056	1.06	1.063	1.059	1.058	1.062	1.061	1.059	1.059	1.059	1.06	1.06	1.06	1.06	1.06	1.06	1.06	1.06	1.06	1.06	1.06	1.06	1.06	1.059
598	Papua New Guinea	1.076	1.076	1.076	1.076	1.076	1.076	1.076	1.076	1.076	1.077	1.078	1.078	1.078	1.077	1.077	1.076	1.076	1.076	1.076	1.075	1.076	1.076	1.076	1.076	1.076	1.076	1.076	1.076	1.076	1.076
90	Solomon Islands	1.07	1.07	1.07	1.07	1.07	1.07	1.07	1.07	1.07	1.07	1.07	1.07	1.07	1.07	1.07	1.07	1.07	1.07	1.07	1.07	1.07	1.07	1.07	1.07	1.07	1.07	1.07	1.07	1.07	1.07
548	Vanuatu	1.07	1.07	1.07	1.07	1.07	1.07	1.07	1.07	1.07	1.07	1.07	1.07	1.07	1.07	1.07	1.07	1.07	1.07	1.07	1.07	1.07	1.07	1.07	1.07	1.07	1.07	1.07	1.07	1.07	1.07
954	Micronesia	1.069	1.071	1.072	1.072	1.071	1.07	1.069	1.071	1.076	1.078	1.082	1.082	1.078	1.077	1.075	1.075	1.075	1.075	1.075	1.075	1.074	1.075	1.074	1.075	1.075	1.074	1.074	1.074	1.074	1.074
316	Guam	1.065	1.069	1.074	1.073	1.07	1.066	1.061	1.064	1.07	1.073	1.072	1.071	1.07	1.071	1.07	1.069	1.069	1.069	1.069	1.069	1.069	1.069	1.069	1.069	1.069	1.069	1.069	1.069	1.069	1.069
296	Kiribati	1.071	1.072	1.072	1.071	1.072	1.072	1.071	1.072	1.072	1.072	1.072	1.072	1.072	1.072	1.071	1.071	1.071	1.071	1.071	1.071	1.071	1.071	1.071	1.071	1.071	1.071	1.071	1.071	1.071	1.071
584	Marshall Islands	1.07	1.07	1.07	1.07	1.07	1.07	1.07	1.07	1.07	1.07	1.07	1.07	1.07	1.07	1.07	1.07	1.07	1.07	1.07	1.07	1.07	1.07	1.07	1.07	1.07	1.07	1.07	1.07	1.07	1.07
583	Micronesia (Fed. States of)	1.07	1.07	1.07	1.07	1.07	1.07	1.07	1.07	1.07	1.07	1.07	1.07	1.07	1.07	1.07	1.07	1.07	1.07	1.07	1.07	1.07	1.07	1.07	1.07	1.07	1.07	1.07	1.07	1.07	1.07
520	Nauru	1.072	1.072	1.073	1.073	1.072	1.072	1.072	1.072	1.072	1.071	1.071	1.071	1.072	1.072	1.072	1.072	1.072	1.072	1.072	1.072	1.072	1.072	1.071	1.072	1.072	1.072	1.072	1.072	1.072	1.072
580	Northern Mariana Islands	1.067	1.069	1.072	1.076	1.08	1.086	1.098	1.104	1.119	1.136	1.164	1.174	1.171	1.168	1.151	1.151	1.151	1.151	1.151	1.151	1.151	1.151	1.151	1.151	1.151	1.151	1.151	1.151	1.151	1.151
585	Palau	1.077	1.077	1.077	1.077	1.077	1.077	1.077	1.077	1.077	1.078	1.078	1.079	1.08	1.078	1.077	1.077	1.077	1.077	1.077	1.077	1.077	1.077	1.077	1.077	1.077	1.077	1.077	1.077	1.077	1.077
957	Polynesia	1.069	1.069	1.068	1.068	1.069	1.069	1.069	1.069	1.069	1.069	1.07	1.07	1.071	1.07	1.071	1.07	1.071	1.071	1.071	1.071	1.071	1.071	1.072	1.071	1.072	1.072	1.072	1.072	1.072	1.072
16	American Samoa	1.06	1.06	1.06	1.06	1.06	1.06	1.06	1.06	1.06	1.06	1.06	1.06	1.06	1.06	1.06	1.06	1.06	1.06	1.06	1.06	1.06	1.06	1.06	1.06	1.06	1.06	1.06	1.06	1.06	1.06
184	Cook Islands	1.06	1.058	1.058	1.058	1.058	1.058	1.058	1.06	1.06	1.06	1.061	1.061	1.061	1.06	1.06	1.061	1.06	1.06	1.06	1.06	1.061	1.061	1.06	1.061	1.061	1.06	1.061	1.061	1.061	1.061
258	French Polynesia	1.058	1.056	1.051	1.05	1.054	1.057	1.058	1.059	1.059	1.06	1.06	1.062	1.063	1.06	1.059	1.059	1.059	1.059	1.059	1.059	1.059	1.059	1.059	1.059	1.059	1.059	1.059	1.059	1.059	1.059
570	Niue	1.073	1.072	1.072	1.071	1.071	1.071	1.071	1.071	1.071	1.071	1.071	1.071	1.071	1.071	1.071	1.071	1.071	1.071	1.071	1.071	1.071	1.071	1.071	1.071	1.071	1.071	1.071	1.071	1.071	1.071
882	Samoa	1.075	1.076	1.076	1.078	1.078	1.077	1.076	1.076	1.075	1.074	1.076	1.076	1.077	1.077	1.076	1.076	1.076	1.076	1.076	1.076	1.076	1.076	1.076	1.076	1.075	1.076	1.075	1.075	1.075	1.076
772	Tokelau	1.03	1.03	1.03	1.03	1.03	1.03	1.03	1.03	1.03	1.03	1.03	1.03	1.03	1.03	1.03	1.03	1.03	1.03	1.03	1.03	1.03	1.03	1.03	1.03	1.03	1.03	1.03	1.03	1.03	1.03
776	Tonga	1.081	1.081	1.082	1.083	1.084	1.082	1.08	1.083	1.085	1.086	1.083	1.082	1.081	1.081	1.081	1.081	1.081	1.081	1.081	1.081	1.081	1.081	1.081	1.081	1.081	1.081	1.081	1.081	1.081	1.081
798	Tuvalu	1.07	1.07	1.07	1.07	1.07	1.07	1.07	1.07	1.07	1.07	1.07	1.07	1.07	1.069	1.07	1.07	1.07	1.07	1.07	1.07	1.07	1.07	1.07	1.07	1.07	1.07	1.07	1.07	1.07	1.07
876	Wallis and Futuna Islands	1.049	1.049	1.049	1.049	1.049	1.049	1.049	1.049	1.05	1.049	1.048	1.051	1.05	1.048	1.048	1.048	1.048	1.048	1.048	1.048	1.048	1.048	1.048	1.048	1.048	1.048	1.048	1.048	1.048	1.048
