country_code	name	1950-1955	1955-1960	1960-1965	1965-1970	1970-1975	1975-1980	1980-1985	1985-1990	1990-1995	1995-2000	2000-2005	2005-2010	2010-2015	2015-2020	last.observed
900	World	4.9294	4.9406	4.9498	4.9459	4.5484	3.896	3.6616	3.4473	3.0756	2.7985	2.6781	2.6122	2.5727	2.4807	2021
1834	Sub-Saharan Africa	6.5103	6.5616	6.6342	6.7014	6.7685	6.7985	6.7143	6.497	6.1741	5.8659	5.6439	5.4642	5.1576	4.8321	2021
1833	Northern Africa and Western Asia	6.5755	6.5187	6.5682	6.407	6.1561	5.8151	5.4195	4.8579	4.2093	3.6308	3.2507	3.0993	3.1171	2.9893	2021
1831	Central and Southern Asia	5.9484	6.0598	6.1338	6.0023	5.709	5.3203	4.9912	4.6162	4.122	3.6618	3.3008	2.9146	2.6259	2.414	2021
1832	Eastern and South-Eastern Asia	5.6414	5.4221	5.3195	5.5863	4.7941	3.3177	2.9899	2.7595	2.1945	1.853	1.7988	1.8422	1.8938	1.8184	2021
1830	Latin America and the Caribbean	5.8102	5.8554	5.8292	5.4823	4.9801	4.4646	3.9669	3.502	3.1095	2.7902	2.4901	2.2747	2.1441	2.0046	2021
1835	Oceania (excluding Australia and New Zealand)	5.9898	6.1351	6.2242	6.1427	5.8928	5.5528	5.187	4.8705	4.572	4.2844	4.0472	3.8249	3.5908	3.3344	2021
1836	Australia/New Zealand	3.2299	3.4969	3.5191	2.9841	2.719	2.0556	1.9221	1.8931	1.9079	1.8205	1.7992	1.9666	1.9249	1.7846	2021
1829	Europe and Northern America	2.767	2.8029	2.7312	2.4533	2.1801	1.9385	1.859	1.8331	1.7175	1.5816	1.6005	1.6906	1.6904	1.6258	2021
901	More developed regions	2.79	2.7363	2.6528	2.4054	2.1901	1.9419	1.8494	1.8111	1.6893	1.5634	1.5797	1.6671	1.6736	1.6088	2021
902	Less developed regions	6.0421	6.0249	6.0132	6.0497	5.4977	4.62	4.2614	3.9194	3.4237	3.074	2.9002	2.7858	2.7204	2.6136	2021
941	Least developed countries	6.5043	6.5811	6.6792	6.7255	6.7478	6.6625	6.5484	6.2157	5.7891	5.4128	5.0667	4.7347	4.4034	4.1487	2021
934	Less developed regions, excluding least developed countries	5.982	5.9501	5.9229	5.9625	5.3369	4.3536	3.9708	3.6323	3.1254	2.7663	2.5995	2.494	2.4414	2.3239	2021
948	Less developed regions, excluding China	6.0207	6.112	6.1456	5.9911	5.7028	5.3066	4.9501	4.5229	4.0801	3.6924	3.4034	3.1814	3.0188	2.8548	2021
1636	Land-locked Developing Countries (LLDC)	6.227	6.3086	6.4268	6.311	6.2212	6.1495	6.04	5.9066	5.5907	5.2604	4.9503	4.6935	4.4014	4.1339	2021
1637	Small Island Developing States (SIDS)	5.4181	5.5128	5.563	5.2011	4.6109	3.8893	3.5166	3.3234	3.1097	2.9075	2.7671	2.6163	2.5348	2.385	2021
1503	High-income countries	2.9751	2.9844	2.9534	2.686	2.3779	2.0586	1.9255	1.8294	1.7843	1.6923	1.6754	1.7238	1.6971	1.6365	2021
1517	Middle-income countries	5.6374	5.6071	5.6004	5.6525	5.1498	4.3002	3.9752	3.6664	3.1541	2.7935	2.631	2.5247	2.4738	2.3672	2021
1502	Upper-middle-income countries	5.47	5.3009	5.2235	5.433	4.6782	3.3339	3.0158	2.8203	2.2463	1.9155	1.8369	1.8534	1.9126	1.8451	2021
1501	Lower-middle-income countries	5.8157	5.9338	6.0057	5.9114	5.6888	5.3491	5.0343	4.6087	4.1208	3.6686	3.3643	3.103	2.9132	2.7334	2021
1500	Low-income countries	6.4246	6.4793	6.4967	6.6324	6.7064	6.6777	6.6715	6.6149	6.4273	6.1938	5.9028	5.5929	5.2185	4.8863	2021
1518	No income group available	6.6075	6.5603	6.2223	5.7391	5.0512	4.4977	4.0336	3.6743	3.3042	2.9777	2.7466	2.5678	2.4222	2.2981	2021
903	Africa	6.598	6.6407	6.6988	6.7147	6.7062	6.6679	6.5082	6.1855	5.7537	5.3532	5.0975	4.9504	4.7681	4.519	2021
910	Eastern Africa	6.9186	6.9332	7.0184	7.0902	7.1431	7.1443	7.0369	6.8161	6.4661	6.1516	5.8325	5.4627	4.9534	4.5227	2021
108	Burundi	6.9137	6.9444	7.044	7.1597	7.2151	7.2606	7.3177	7.3525	7.3009	7.0405	6.8142	6.5758	6.0084	5.4828	2021
174	Comoros	5.9398	6.5483	6.8903	7.038	7.111	7.1073	7.0566	6.8029	6.2018	5.5863	5.2004	4.897	4.6364	4.273	2021
262	Djibouti	6.8518	6.847	6.8352	6.8489	6.838	6.6909	6.4405	6.165	5.765	4.9795	4.3624	3.7293	3.2446	2.9739	2021
232	Eritrea	6.5181	6.4913	6.4842	6.5	6.547	6.6051	6.6279	6.5081	6.1622	5.7344	5.2229	4.8039	4.4144	4.1092	2021
231	Ethiopia	7.203	6.928	6.8743	6.8902	7.0546	7.2386	7.369	7.3298	7.1605	6.8361	6.3487	5.7052	4.8966	4.4111	2021
404	Kenya	7.3914	7.5617	7.7874	8.0396	7.9696	7.7896	7.3796	6.6666	5.766	5.2719	4.9961	4.6821	4.0939	3.6431	2021
450	Madagascar	7.2998	7.3001	7.3035	7.3007	7.2152	6.9664	6.5606	6.2677	6.0789	5.7719	5.2512	4.9899	4.4869	4.0953	2021
454	Malawi	6.8121	6.9122	7.0831	7.211	7.3463	7.4565	7.4832	7.1181	6.6534	6.275	5.9721	5.709	4.939	4.2386	2021
480	Mauritius	5.9186	5.9557	6.0494	4.8546	3.6107	3.054	2.5171	2.0686	2.2982	2.0439	1.9399	1.7298	1.4945	1.3999	2021
175	Mayotte	7.0943	7.0959	7.21	7.3553	7.5214	7.4595	7.0343	6.4857	5.9386	5.3813	4.8566	4.598	4.4158	4.9744	2021
508	Mozambique	6.0543	6.1816	6.4297	6.6278	6.7238	6.6374	6.4334	6.3318	6.0925	5.8646	5.7448	5.5753	5.4207	4.9223	2021
638	Réunion	6.9766	6.6339	6.5378	5.7462	4.1198	3.3841	2.8571	2.5685	2.4803	2.3033	2.4482	2.4472	2.3954	2.3909	2021
646	Rwanda	7.9841	8.1372	8.1948	8.2041	8.2311	8.2373	8.0579	7.3917	6.6206	6.1762	5.7533	5.0865	4.2788	4.0199	2021
690	Seychelles	4.9149	5.0058	5.5198	5.8803	5.4407	4.1427	3.353	2.874	2.6026	2.1792	2.0342	2.2446	2.311	2.4282	2021
706	Somalia	7.2497	7.2501	7.2552	7.2414	7.1188	7.0688	7.2469	7.3744	7.496	7.6286	7.5679	7.4177	7.188	6.7529	2021
728	South Sudan	6.6457	6.6934	6.749	6.8363	6.9016	6.906	7.0126	7.9256	7.9969	7.8803	7.0883	5.729	5.1977	4.7763	2021
800	Uganda	6.6878	6.8356	6.9955	7.1399	7.2098	7.201	7.0759	7.0825	6.968	6.8957	6.7553	6.3714	5.7741	5.0545	2021
834	United Republic of Tanzania	6.5327	6.6728	6.7564	6.8157	6.9526	6.9821	6.7943	6.4204	6.0693	5.8149	5.6373	5.4879	5.1685	4.98	2021
894	Zambia	6.6836	6.933	7.2045	7.3184	7.3821	7.3213	7.0635	6.7651	6.3872	6.1154	5.8043	5.5988	5.1412	4.6201	2021
716	Zimbabwe	7.1147	7.1695	7.2446	7.2089	7.0658	6.8417	6.3673	5.4928	4.5622	4.0735	3.8748	3.731	4.0484	3.7171	2021
911	Middle Africa	5.855	5.9812	6.1637	6.356	6.5166	6.6013	6.6737	6.7501	6.6367	6.5165	6.3744	6.2553	6.1031	5.8429	2021
24	Angola	5.9553	6.4507	6.872	7.2595	7.4773	7.4766	7.46	7.399	7.1346	6.7944	6.5678	6.3666	6.034	5.6042	2021
120	Cameroon	5.4963	5.5217	5.7672	6.0524	6.2754	6.5076	6.6203	6.5344	6.2608	5.7605	5.4687	5.3192	4.9952	4.748	2021
140	Central African Republic	5.757	5.7892	5.8536	6.0072	5.9573	5.9755	6.1242	6.0884	5.9848	5.9576	5.8562	5.8891	5.9891	6.0335	2021
148	Chad	6.0923	6.1899	6.284	6.4001	6.7385	6.8921	6.961	7.1098	7.2848	7.2769	7.2041	7.0856	6.8926	6.5485	2021
178	Congo	6.0625	6.0762	6.1212	6.2925	6.4093	6.2592	5.8965	5.4808	5.1085	4.9361	4.7165	4.7018	4.7358	4.4295	2021
180	Democratic Republic of the Congo	5.9739	6.0155	6.1318	6.2667	6.3899	6.435	6.5193	6.7091	6.6731	6.7223	6.6695	6.5877	6.5475	6.3464	2021
226	Equatorial Guinea	5.6678	5.6505	5.6776	5.7717	5.803	5.7999	5.88	5.9699	5.9829	5.9328	5.7287	5.4281	5.0378	4.6002	2021
266	Gabon	3.9775	4.1878	4.575	4.9196	5.222	5.5082	5.7243	5.6482	5.2699	4.6723	4.3594	4.1556	4.0725	3.7507	2021
678	Sao Tome and Principe	6.2044	6.1994	6.2844	6.3954	6.5053	6.4937	6.2739	5.992	5.6997	5.3506	5.0906	4.8713	4.6443	4.1621	2021
912	Northern Africa	6.91	6.9177	6.9362	6.7923	6.5252	6.2321	5.7937	5.104	4.3113	3.6013	3.2216	3.1438	3.3125	3.2545	2021
12	Algeria	7.3045	7.3946	7.5991	7.6651	7.5425	7.2217	6.6101	5.3624	4.2208	2.9652	2.5044	2.6802	2.9279	3.0306	2021
818	Egypt	7.0001	6.8715	6.7378	6.358	5.9686	5.7441	5.3927	4.9551	4.222	3.6744	3.3193	3.1176	3.331	3.1779	2021
434	Libya	6.9838	7.2444	7.577	8.0101	8.0838	7.7949	6.8266	5.7675	4.3969	3.2838	2.8795	2.6534	2.68	2.626	2021
504	Morocco	6.5833	6.883	7.0339	6.8342	6.5311	6.0166	5.4894	4.5421	3.7682	3.1099	2.6822	2.5608	2.587	2.4461	2021
729	Sudan	6.6841	6.6701	6.7039	6.9329	7.0023	6.8647	6.6381	6.356	6.0344	5.608	5.244	5.0545	4.9372	4.7574	2021
788	Tunisia	6.6317	6.8377	6.9857	6.9253	6.2872	5.7077	4.9037	4.0818	3.1684	2.3711	1.9942	2.0008	2.2009	2.2064	2021
732	Western Sahara	6.5227	6.5224	6.5059	6.4369	6.1968	5.8972	5.5021	5.0855	4.2894	3.7713	3.3759	3.0369	2.7348	2.4461	2021
913	Southern Africa	6.125	6.1849	6.1221	5.9003	5.5755	5.1247	4.8135	4.3923	3.6135	2.9453	2.5203	2.654	2.5388	2.4658	2021
72	Botswana	6.4629	6.6228	6.623	6.6725	6.5975	6.4844	5.9285	5.0519	4.2386	3.5198	3.1873	3.0726	2.9835	2.9136	2021
748	Eswatini	6.7051	6.7018	6.7987	6.7803	6.7344	6.683	6.4013	5.802	4.9387	4.2407	3.8378	3.5744	3.262	3.0168	2021
426	Lesotho	5.7501	5.806	5.7998	5.7586	5.769	5.8768	5.6101	5.152	4.5019	3.9595	3.6294	3.4071	3.2986	3.1845	2021
516	Namibia	5.8364	6.0531	6.3307	6.5088	6.5534	6.4372	6.0825	5.6686	5.0351	4.2111	3.7434	3.5694	3.6507	3.5109	2021
710	South Africa	6.1311	6.1848	6.1028	5.8456	5.4809	4.975	4.676	4.2837	3.4904	2.8171	2.3807	2.5571	2.436	2.3694	2021
914	Western Africa	6.4751	6.5228	6.5726	6.651	6.7815	6.9385	6.8854	6.6598	6.4238	6.1249	5.9807	5.8295	5.5834	5.2548	2021
204	Benin	5.8356	6.1084	6.4432	6.6576	6.8057	6.8632	7.0291	6.8945	6.5827	6.1748	5.7965	5.5587	5.3591	5.2441	2021
854	Burkina Faso	5.9217	6.133	6.3263	6.5784	6.7428	7.0506	7.2453	7.1567	6.9301	6.7128	6.357	6.1008	5.7777	5.2007	2021
132	Cabo Verde	6.5519	6.7514	6.9449	6.9778	6.8815	6.6335	6.1711	5.6922	5.0788	4.0878	3.2793	2.769	2.3191	2.0456	2021
384	Côte d'Ivoire	7.6064	7.6016	7.7506	7.8881	7.9373	7.7823	7.4773	7.0668	6.4519	5.9577	5.6924	5.3008	4.9754	4.6925	2021
270	Gambia	6.3513	6.302	6.217	6.2095	6.3204	6.4196	6.3872	6.2935	6.1153	5.9375	5.737	5.7207	5.5643	5.0886	2021
288	Ghana	6.6804	6.8071	6.9183	6.9092	6.8989	6.6685	6.3843	6.0425	5.4632	4.9076	4.7058	4.3438	4.1536	3.8177	2021
324	Guinea	5.9942	6.0672	6.1397	6.2026	6.2865	6.4411	6.571	6.6473	6.5346	6.1661	5.807	5.6079	5.2105	4.7963	2021
624	Guinea-Bissau	5.9023	5.8997	5.9407	5.9955	6.0793	6.2622	6.6234	6.7095	6.3883	5.9926	5.6057	5.3392	4.9698	4.3989	2021
430	Liberia	6.0834	6.2737	6.4962	6.6391	6.6121	6.836	6.7964	6.5687	6.2852	6.0703	5.671	5.4025	4.856	4.3945	2021
466	Mali	6.9518	6.9546	7.0213	7.1263	7.2034	7.2761	7.2719	7.2469	7.1696	6.9247	6.8141	6.6622	6.5156	6.2482	2021
478	Mauritania	6.1327	6.2474	6.44	6.6535	6.6942	6.669	6.5216	6.1862	6.0225	5.6674	5.3094	5.1533	4.977	4.6691	2021
562	Niger	7.5569	7.5411	7.5021	7.4878	7.5247	7.6163	7.8578	7.873	7.795	7.7621	7.6772	7.5608	7.3915	7.084	2021
566	Nigeria	6.4034	6.3952	6.3567	6.4022	6.5827	6.8499	6.7883	6.5338	6.3897	6.156	6.1199	6.0692	5.8262	5.5099	2021
654	Saint Helena	5.6271	5.4861	5.1461	4.7473	3.9939	3.158	2.5658	2.2005	1.977	1.7942	1.6793	1.6294	1.6355	1.6485	2021
686	Senegal	6.7964	6.8912	7.0779	7.2306	7.2575	7.2693	7.2233	6.7513	6.1553	5.6669	5.3314	5.1251	4.9945	4.6376	2021
694	Sierra Leone	6.0488	6.1126	6.2313	6.3636	6.4588	6.5681	6.5687	6.5915	6.5601	6.5113	6.179	5.6397	5.0352	4.378	2021
768	Togo	6.5458	6.6142	6.7995	6.9622	7.113	7.094	6.7769	6.3802	5.9437	5.4697	5.1828	5.0653	4.8217	4.4969	2021
935	Asia	5.7808	5.6881	5.6544	5.7511	5.1591	4.1355	3.7962	3.4986	2.9893	2.6395	2.4865	2.3651	2.2876	2.1622	2021
5500	Central Asia	4.9054	5.3398	5.6612	5.3664	5.0544	4.6322	4.2153	4.028	3.5921	2.9648	2.571	2.6391	2.6974	2.8224	2021
398	Kazakhstan	4.4696	4.5652	4.3959	3.8427	3.5206	3.2563	3.0589	3.0061	2.5991	2.0532	2.0058	2.4534	2.6332	2.7999	2021
417	Kyrgyzstan	4.6427	5.0284	5.4539	5.2087	4.9031	4.5431	4.2048	4.0964	3.5747	2.9879	2.6162	2.8018	3.1444	3.14	2021
762	Tajikistan	5.3289	6.1339	6.7445	7.0104	6.8433	6.3983	5.935	5.639	5.0123	4.3646	3.7583	3.4017	3.4454	3.3418	2021
795	Turkmenistan	5.2191	6.1399	6.7218	6.6274	6.2082	5.6655	5.0271	4.7227	3.9636	3.2307	2.7377	2.6961	2.9147	2.8359	2021
860	Uzbekistan	5.3263	5.9687	6.7746	6.5626	6.2055	5.5329	4.8402	4.471	4.001	3.1888	2.5737	2.5008	2.4006	2.5972	2021
906	Eastern Asia	5.5948	5.2648	5.1302	5.5347	4.618	2.8748	2.6193	2.5197	1.8873	1.5386	1.5508	1.6332	1.6999	1.6239	2021
156	China	6.0608	5.7916	5.7168	6.2802	5.1232	3.0222	2.7338	2.6347	1.9087	1.5445	1.5863	1.6697	1.7273	1.6611	2021
344	China, Hong Kong SAR	4.4301	4.729	5.0962	4.1795	3.2693	2.3755	1.7964	1.3865	1.3319	1.127	0.9435	1.0149	1.1848	1.1342	2021
446	China, Macao SAR	5.4878	4.9439	4.5499	3.0845	1.8757	1.58	1.9459	1.9473	1.569	1.1645	0.8288	0.9115	1.1528	1.1349	2021
158	China, Taiwan Province of China	6.6391	6.2898	5.5178	4.5554	3.4708	2.8167	2.3043	1.7829	1.7614	1.6662	1.3241	1.0793	1.0721	1.1271	2021
408	Dem. People's Republic of Korea	3.3562	3.8587	3.4827	3.8094	3.5941	2.8593	2.752	2.4684	2.2868	2.0598	1.9538	1.9594	1.8401	1.8594	2021
392	Japan	3.0069	2.167	2.0205	2.0223	2.0977	1.8316	1.7349	1.6671	1.5011	1.3923	1.3193	1.3335	1.4071	1.3701	2021
496	Mongolia	5.6725	6.3811	7.1811	7.512	7.3844	6.8122	5.852	4.8574	3.5542	2.5083	2.1296	2.2869	2.7493	2.9435	2021
410	Republic of Korea	5.9939	6.1367	5.5953	4.6794	4.0598	3.0209	2.377	1.6299	1.6585	1.539	1.2434	1.1515	1.2293	1.057	2021
5501	Southern Asia	5.9892	6.0885	6.1444	6.0274	5.7384	5.3534	5.0267	4.6398	4.1447	3.6908	3.3303	2.9262	2.6231	2.398	2021
4	Afghanistan	7.2577	7.2679	7.2927	7.3431	7.4595	7.5813	7.5518	7.5251	7.654	7.6659	7.3215	6.5536	5.8286	5.1337	2021
50	Bangladesh	6.3599	6.583	6.8317	6.8441	6.841	6.5889	6.0594	5.0867	4.0741	3.4596	3.0729	2.6242	2.2295	2.0649	2021
64	Bhutan	6.8072	6.7361	6.6925	6.6689	6.6368	6.5957	6.3941	5.9831	5.2521	4.1082	3.1068	2.5869	2.1516	1.7052	2021
356	India	5.8192	5.9065	5.952	5.8181	5.4795	5.0056	4.6349	4.2992	3.8806	3.5151	3.2075	2.7995	2.4636	2.2091	2021
364	Iran (Islamic Republic of)	6.9684	7.1908	7.2126	7.021	6.3231	6.2418	6.5288	5.6921	4.0808	2.416	1.8885	1.7693	1.8901	1.9871	2021
462	Maldives	6.2528	6.5234	6.8956	7.1555	7.2769	7.1611	7.1474	6.7417	5.3897	3.6077	2.4539	2.2973	2.1924	1.8536	2021
524	Nepal	6.028	6.0108	6.0595	5.9781	5.7861	5.727	5.5817	5.3652	5.0602	4.4182	3.613	2.8563	2.3929	2.1572	2021
586	Pakistan	6.8	6.8	6.8	6.8	6.8055	6.7926	6.6743	6.5115	6.1964	5.6416	5.0046	4.4928	4.1621	3.759	2021
144	Sri Lanka	5.51	5.5001	5.2805	4.7851	4.1262	3.7356	3.3199	2.6805	2.4497	2.1936	2.2539	2.2908	2.1817	2.0524	2021
920	South-Eastern Asia	5.8228	6.0028	6.0251	5.8152	5.4174	4.7909	4.2712	3.6232	3.1683	2.7823	2.5195	2.4235	2.3505	2.2132	2021
96	Brunei Darussalam	6.8898	6.9106	6.6603	6.0406	5.4751	4.5919	3.8552	3.4864	3.1024	2.5886	2.2182	1.9524	1.9627	1.8821	2021
116	Cambodia	6.6452	6.6419	6.0166	5.7023	5.5867	3.6243	6.1286	6.0605	5.3964	4.3742	3.5531	3.0626	2.6695	2.4743	2021
360	Indonesia	5.2695	5.4418	5.585	5.5679	5.2822	4.819	4.2274	3.4422	2.9634	2.7078	2.467	2.4631	2.4514	2.2728	2021
418	Lao People's Democratic Republic	6.2448	6.2725	6.309	6.3056	6.2919	6.2961	6.3617	6.2636	5.8521	4.9781	4.0733	3.4803	2.9643	2.6698	2021
458	Malaysia	6.3892	6.4509	6.2518	5.4631	4.8218	4.3088	3.962	3.596	3.371	3.1944	2.6428	2.2568	2.1158	1.9322	2021
104	Myanmar	5.9558	5.9822	5.9883	5.9116	5.5796	5.116	4.6674	3.9243	3.366	2.9658	2.7347	2.4707	2.2856	2.2286	2021
608	Philippines	7.4268	7.2903	7.0138	6.5401	5.9502	5.4383	4.9316	4.5161	4.2266	3.9087	3.6471	3.4376	3.1282	2.8688	2021
702	Singapore	6.4247	6.3827	5.4014	4.0096	2.8514	1.9225	1.658	1.551	1.5619	1.4501	1.3354	1.266	1.2159	1.0168	2021
764	Thailand	6.3614	6.2958	6.2653	5.9854	5.1184	3.9225	3.0066	2.3134	2.0188	1.8206	1.5803	1.5761	1.5631	1.4089	2021
626	Timor-Leste	6.561	6.4219	6.21	5.8615	5.4811	5.1262	5.4996	5.6964	5.8607	5.9532	5.963	5.386	4.4597	3.6046	2021
704	Viet Nam	5.2868	5.9566	6.14	6.01	6.0232	5.2918	4.613	3.9506	3.2913	2.3323	2.0454	1.9212	1.9249	1.9408	2021
922	Western Asia	6.2456	6.1308	6.2156	6.0484	5.8257	5.4411	5.0712	4.6236	4.1122	3.6591	3.2826	3.0641	2.9449	2.7546	2021
51	Armenia	4.8304	4.8766	4.4946	3.7317	3.2469	2.7561	2.5418	2.6689	2.4698	1.8833	1.5495	1.4597	1.5809	1.5872	2021
31	Azerbaijan	5.1729	5.5935	5.9218	5.4238	4.6157	3.8797	3.3602	3.1506	2.8619	2.2676	1.912	2.0128	2.1391	1.884	2021
48	Bahrain	7.1567	7.1706	7.1001	6.8021	6.1171	5.3033	4.5487	4.0898	3.5096	2.9655	2.7138	2.3243	2.1259	1.9993	2021
196	Cyprus	3.6476	3.4638	3.5088	3.3287	2.7545	2.1476	2.3867	2.4255	2.3233	1.8565	1.5447	1.4812	1.3608	1.3321	2021
268	Georgia	2.881	2.899	2.928	2.7175	2.632	2.4415	2.3162	2.2818	2.1261	1.7407	1.5753	1.7078	1.9814	2.1343	2021
368	Iraq	6.6077	5.38	6.3598	7.0113	7.0067	6.753	6.4491	6.0969	5.7166	5.2273	4.7361	4.3971	4.4209	3.7967	2021
376	Israel	4.4318	4.0284	3.9327	3.9427	3.9835	3.576	3.2503	3.1955	3.0085	2.9691	2.9127	2.9094	3.0398	3.1896	2021
400	Jordan	7.3973	7.4818	7.8376	8.1048	8.0459	7.6835	6.9346	6.1111	5.1263	4.3424	3.8492	3.8325	3.5526	3.0339	2021
414	Kuwait	6.9942	7.0665	7.2458	7.2771	6.5757	5.8309	5.0253	3.853	3.1099	2.9488	2.7044	2.5084	2.1865	2.1606	2021
422	Lebanon	5.8042	5.8088	5.7854	5.4728	4.9267	4.3145	3.8788	3.462	3.0806	2.6652	2.3976	2.1272	2.1621	2.1625	2021
512	Oman	7.2518	7.2501	7.2531	7.2817	7.4393	7.9157	8.0492	7.3441	6.0447	4.6342	3.5262	2.8857	2.9433	2.9002	2021
634	Qatar	6.5543	6.6149	6.6716	6.657	6.3345	5.8909	5.2082	4.5492	3.8447	3.4237	3.0209	2.3597	1.9853	1.8425	2021
682	Saudi Arabia	7.5807	7.5985	7.6444	7.6389	7.5177	7.297	7.0287	6.3555	5.4893	4.5958	3.7141	3.1272	2.7741	2.5719	2021
275	State of Palestine	7.8343	7.8107	7.7854	7.7307	7.5848	7.3829	7.119	6.8785	6.594	5.8527	5.181	4.6176	4.1867	3.8284	2021
760	Syrian Arab Republic	7.606	7.566	7.4535	7.584	7.6054	7.3865	6.8778	6.0901	5.0005	4.3088	3.9425	3.68	3.2344	2.9406	2021
792	Türkiye	6.4702	6.446	6.2757	5.839	5.4464	4.797	4.1665	3.5099	2.9714	2.7125	2.3632	2.1971	2.1566	2.1062	2021
784	United Arab Emirates	6.8776	6.8057	6.6494	6.498	6.4271	6.1487	5.6395	4.8982	4.0919	3.0537	2.5539	2.0069	1.6655	1.4063	2021
887	Yemen	7.8984	7.9005	7.9766	8.1543	8.2882	8.508	8.7871	8.8107	8.2362	6.9048	5.98	5.2766	4.6379	4.1309	2021
908	Europe	2.6609	2.6117	2.5353	2.3977	2.2059	2.0002	1.8855	1.8183	1.5996	1.429	1.4335	1.5394	1.6064	1.5625	2021
923	Eastern Europe	2.8832	2.7034	2.3673	2.1751	2.1394	2.0929	2.0644	2.1222	1.69	1.3084	1.2653	1.4179	1.5814	1.5763	2021
112	Belarus	2.5905	2.725	2.5657	2.2773	2.3083	2.1133	2.0535	2.1008	1.7307	1.3299	1.268	1.375	1.607	1.5857	2021
100	Bulgaria	2.4498	2.2896	2.2393	2.1346	2.15	2.1956	2.0174	1.965	1.5645	1.1826	1.2567	1.497	1.5201	1.5543	2021
203	Czechia	2.6906	2.4134	2.1949	1.9667	2.1562	2.3524	2.0035	1.9159	1.7134	1.1878	1.1772	1.4206	1.476	1.6599	2021
348	Hungary	2.6736	2.3857	1.8783	1.9639	2.0153	2.1652	1.8187	1.8262	1.762	1.4014	1.2974	1.3248	1.3237	1.5219	2021
616	Poland	3.6621	3.4347	2.7968	2.3712	2.2593	2.2597	2.3005	2.1819	1.9454	1.508	1.2766	1.3228	1.339	1.4214	2021
498	Republic of Moldova	3.4965	3.4537	3.0397	2.6268	2.5623	2.444	2.4957	2.6546	2.1963	1.705	1.4836	1.5976	1.6984	1.8312	2021
642	Romania	3.0633	2.7154	2.0975	2.801	2.5727	2.5476	2.2572	2.3049	1.5591	1.3154	1.2926	1.4975	1.5174	1.714	2021
643	Russian Federation	2.9151	2.7331	2.3932	2.0718	2.0392	1.978	2.0016	2.1282	1.6084	1.2709	1.2974	1.4409	1.6992	1.6591	2021
703	Slovakia	3.5236	3.2789	2.929	2.5496	2.5012	2.4995	2.2872	2.1571	1.9181	1.4252	1.229	1.3159	1.3902	1.5032	2021
804	Ukraine	2.393	2.2948	2.1152	2.0033	2.0508	1.9719	2.0142	2.0462	1.7396	1.2676	1.1425	1.3538	1.4931	1.3817	2021
924	Northern Europe	2.363	2.5072	2.7572	2.5912	2.1768	1.829	1.8174	1.8235	1.8153	1.6867	1.6671	1.8306	1.8485	1.7205	2021
208	Denmark	2.5439	2.5416	2.5811	2.3403	1.9732	1.7179	1.4354	1.52	1.7336	1.7522	1.7551	1.8424	1.7387	1.7334	2021
233	Estonia	2.2554	2.005	1.952	1.964	2.1238	2.038	2.1014	2.2129	1.6929	1.3304	1.3724	1.6411	1.5912	1.6233	2021
234	Faroe Islands	3.6977	3.7565	3.7493	3.7555	3.2344	2.7223	2.3225	2.4673	2.5693	2.4426	2.5196	2.5332	2.4966	2.6294	2021
246	Finland	3.0243	2.825	2.6719	2.2512	1.6412	1.6709	1.6829	1.646	1.8158	1.7536	1.7425	1.8337	1.79	1.4935	2021
831	Guernsey	2.2831	2.1414	2.2711	2.1333	1.8998	1.6366	1.5807	1.5587	1.5598	1.5023	1.4527	1.5297	1.5448	1.4794	2021
352	Iceland	3.8406	4.1452	3.9996	3.3271	2.8862	2.464	2.282	2.0744	2.212	2.0576	1.9982	2.1184	2.0235	1.7448	2021
372	Ireland	3.4833	3.4954	3.9129	3.8815	3.78	3.266	2.9052	2.2981	1.9844	1.9002	1.9357	1.9805	1.9821	1.8041	2021
833	Isle of Man	2.1976	2.3021	2.7384	2.5119	2.756	1.9782	1.89	1.8882	1.8794	1.81	1.7707	1.9881	1.9202	1.6628	2021
832	Jersey	2.0687	2.0671	2.5494	2.3761	1.8079	1.4669	1.4085	1.451	1.5299	1.5632	1.5307	1.6798	1.6455	1.5027	2021
428	Latvia	1.9971	1.917	1.9009	1.8403	2.0061	1.9022	2.0092	2.1404	1.704	1.1779	1.2682	1.4831	1.4642	1.67	2021
440	Lithuania	2.8092	2.6778	2.4771	2.2969	2.317	2.1224	2.0229	2.0669	1.8632	1.4853	1.2881	1.3861	1.5721	1.653	2021
578	Norway	2.5761	2.839	2.9195	2.8198	2.3522	1.8265	1.6904	1.7736	1.8932	1.8584	1.8056	1.9154	1.8413	1.6323	2021
752	Sweden	2.2401	2.265	2.2765	2.2102	1.9167	1.6701	1.6394	1.8716	2.0377	1.5757	1.6448	1.8672	1.9084	1.7913	2021
826	United Kingdom	2.2371	2.4791	2.8746	2.7071	2.1974	1.77	1.8034	1.7989	1.7868	1.7096	1.6693	1.8461	1.876	1.7314	2021
925	Southern Europe	2.6792	2.6344	2.6976	2.6935	2.5553	2.2843	1.8679	1.5812	1.4294	1.3251	1.3554	1.4262	1.4087	1.353	2021
8	Albania	6.1875	6.4867	6.1821	5.4176	4.8862	4.1417	3.4465	3.0654	2.7814	2.5023	2.0569	1.6986	1.6781	1.5018	2021
20	Andorra	2.2771	2.4183	2.6039	2.7719	2.8077	2.0289	1.7528	1.3552	1.2745	1.2461	1.2863	1.318	1.3096	1.2479	2021
70	Bosnia and Herzegovina	4.9495	4.2249	3.7306	3.1813	2.6494	2.1879	2.0678	1.9116	1.7623	1.5855	1.2367	1.2432	1.2641	1.344	2021
191	Croatia	2.7341	2.3903	2.1982	2.098	1.9692	1.9447	1.8926	1.7279	1.5357	1.6466	1.4372	1.5164	1.4911	1.436	2021
292	Gibraltar	2.4861	2.7064	3.5048	3.1506	2.7212	2.6519	2.649	2.4331	2.4815	2.322	1.7445	1.7411	1.89	1.9527	2021
300	Greece	2.4471	2.372	2.2819	2.4452	2.4282	2.4023	2.1122	1.6333	1.4499	1.3537	1.3242	1.4105	1.3416	1.3085	2021
380	Italy	2.362	2.3318	2.4839	2.5284	2.3464	1.9439	1.5483	1.3569	1.2804	1.2108	1.2799	1.3999	1.4117	1.3111	2021
412	Kosovo (under UNSC res. 1244)	6.9166	6.5333	6.2925	5.8087	5.5368	4.9329	4.6696	3.9628	3.0579	2.6	2.5114	2.4551	2.0775	1.6419	2021
470	Malta	4.1629	4.0229	3.3976	2.237	2.0671	2.1199	1.9933	2.0002	1.9804	1.8509	1.5003	1.3858	1.3976	1.2827	2021
499	Montenegro	4.4941	3.9271	3.4117	2.9384	2.5953	2.2956	2.1678	2.0095	1.9736	1.9569	1.8665	1.8157	1.7128	1.7648	2021
807	North Macedonia	5.3749	4.4518	3.7257	3.3198	2.7852	2.4999	2.4073	2.2623	2.1632	1.9553	1.7319	1.4752	1.5061	1.4403	2021
620	Portugal	3.1241	3.1275	3.1888	3.141	2.8641	2.5989	2.0594	1.6376	1.5218	1.4597	1.4609	1.3743	1.2897	1.3732	2021
674	San Marino	3.1021	2.7733	2.5166	2.409	2.2999	1.8694	1.3156	1.1501	1.2089	1.3645	1.4419	1.3138	1.4006	1.1232	2021
688	Serbia	2.77	2.1408	2.0449	1.9784	1.8131	1.8707	1.8378	1.8119	1.7026	1.4681	1.461	1.2854	1.4269	1.4819	2021
705	Slovenia	2.8135	2.3863	2.2611	2.3389	2.152	2.1906	1.9114	1.6379	1.3745	1.2546	1.2249	1.4056	1.5693	1.5995	2021
724	Spain	2.4861	2.65	2.8235	2.8794	2.862	2.62	1.942	1.5065	1.2887	1.1495	1.2623	1.3812	1.3294	1.2939	2021
926	Western Europe	2.3998	2.4795	2.6384	2.5021	2.0242	1.6533	1.6331	1.5748	1.4999	1.5051	1.5849	1.6317	1.6651	1.6631	2021
40	Austria	2.0833	2.525	2.7765	2.6092	2.0841	1.6685	1.6126	1.4501	1.4895	1.3984	1.3746	1.4024	1.4414	1.4949	2021
56	Belgium	2.3353	2.4612	2.6309	2.4225	2.0654	1.7129	1.6139	1.5493	1.6188	1.5946	1.6739	1.8134	1.7937	1.6479	2021
250	France	2.8178	2.7121	2.8161	2.677	2.3853	1.8814	1.8901	1.8146	1.722	1.748	1.8783	1.9638	1.9898	1.8704	2021
276	Germany	2.1186	2.2518	2.4686	2.3925	1.7577	1.4925	1.4748	1.4281	1.3242	1.3295	1.3537	1.3564	1.4164	1.5545	2021
438	Liechtenstein	2.6404	2.6469	2.7674	2.5032	1.9684	1.8072	1.5359	1.4546	1.4418	1.5242	1.48	1.4933	1.5295	1.5052	2021
442	Luxembourg	2.1098	2.2102	2.3086	2.2255	1.7653	1.4997	1.4792	1.454	1.6577	1.7243	1.6652	1.6166	1.5548	1.4003	2021
492	Monaco	2.9868	2.8906	2.9095	2.746	2.3904	1.8863	1.8939	1.8182	1.7236	1.749	1.9473	2.1022	2.1729	2.2019	2021
528	Netherlands	3.0752	3.0877	3.1696	2.8358	2.1535	1.609	1.5222	1.5463	1.5926	1.5856	1.7261	1.741	1.7312	1.6209	2021
756	Switzerland	2.3167	2.3749	2.5684	2.392	1.9222	1.5453	1.5376	1.5386	1.5463	1.4827	1.412	1.4568	1.5219	1.5216	2021
904	Latin America and the Caribbean	5.8102	5.8554	5.8292	5.4823	4.9801	4.4646	3.9669	3.502	3.1095	2.7902	2.4901	2.2747	2.1441	2.0046	2021
915	Caribbean	5.1704	5.2402	5.3535	5.0368	4.4361	3.629	3.2284	3.0666	2.8333	2.6281	2.478	2.3172	2.2787	2.1589	2021
660	Anguilla	6.9299	7.1139	6.9824	6.3371	5.1687	4.1233	3.2639	2.4441	1.9886	1.8828	1.6768	1.6481	1.615	1.3216	2021
28	Antigua and Barbuda	5.0138	4.7666	4.5456	4.1518	3.2855	2.7079	2.1437	2.1163	2.1034	2.1177	1.9788	1.9143	1.6499	1.4698	2021
533	Aruba	5.6816	5.2127	4.4554	3.4328	2.7105	2.4512	2.3654	2.3043	2.2489	2.0628	1.7859	1.8937	2.0391	1.7675	2021
44	Bahamas	4.6423	4.7471	4.7702	4.3623	3.8397	3.1392	2.7954	2.5415	2.6267	2.3463	2.007	1.9374	1.7002	1.4615	2021
52	Barbados	4.4344	4.3323	4.2409	3.6301	2.8036	2.2116	1.9266	1.7864	1.7302	1.7423	1.7889	1.7534	1.6495	1.6171	2021
535	Bonaire, Sint Eustatius and Saba	5.5411	5.1331	4.662	3.8363	3.0737	2.7795	2.5924	2.412	2.2699	2.1141	1.9431	1.7942	1.6885	1.6459	2021
92	British Virgin Islands	5.7432	5.6897	4.7664	4.0237	3.604	3.2035	2.3885	1.6401	1.6861	1.7662	1.4845	1.2789	1.1746	0.982	2021
136	Cayman Islands	4.4132	4.3402	4.4778	3.8346	3.8603	2.4028	2.3686	1.9501	1.8114	1.652	1.5942	1.7343	1.5489	1.1797	2021
192	Cuba	3.9506	3.916	4.3804	4.2921	3.6573	2.2439	1.6997	1.8008	1.5951	1.5352	1.5716	1.5099	1.6962	1.6156	2021
531	Curaçao	5.0347	5.0982	4.522	3.8224	2.9948	2.4681	2.2725	2.2838	2.2696	2.1716	2.2229	2.2097	2.1195	1.6862	2021
212	Dominica	5.2576	5.6565	5.5041	5.2521	4.4794	3.2584	2.9976	2.9308	3.0569	2.4941	2.2927	2.0687	1.8231	1.6414	2021
214	Dominican Republic	7.5835	7.6523	7.387	6.7342	5.8282	4.8479	4.0469	3.5585	3.2873	2.9662	2.7659	2.5475	2.4897	2.3902	2021
308	Grenada	5.6849	6.6594	6.3829	5.0924	4.3408	3.8017	3.3864	3.6044	3.2923	2.8305	2.466	2.3019	2.194	2.0837	2021
312	Guadeloupe	5.6489	5.6299	5.7269	5.285	4.3718	3.1653	2.5344	2.3456	2.1724	2.1243	2.204	2.2234	2.2088	2.1142	2021
332	Haiti	6.238	6.2227	6.192	6.024	5.74	5.6801	5.6616	5.5844	5.2196	4.6688	4.148	3.6572	3.3112	3.0128	2021
388	Jamaica	4.1439	4.9318	5.5194	5.7979	5.2429	4.1271	3.5612	3.1491	2.9227	2.651	2.158	1.9588	1.6744	1.4604	2021
474	Martinique	5.6989	5.7182	5.4969	5.0511	4.0418	2.6542	2.1569	2.1102	2.0503	1.92	1.9342	2.0143	1.9875	1.9414	2021
500	Montserrat	5.0942	5.0859	4.8501	4.4822	3.7365	2.8003	2.3962	2.1572	1.9253	1.1945	1.3073	1.4019	1.4708	1.5559	2021
630	Puerto Rico	5.0678	4.8847	4.4596	3.625	3.0808	2.8609	2.5896	2.3454	2.311	2.1925	1.9371	1.7135	1.5322	1.2441	2021
652	Saint Barthélemy	3.1555	2.9451	2.6597	2.2927	1.9413	1.5033	1.5432	1.4982	1.4003	1.4029	1.4668	1.3818	1.2297	1.0219	2021
659	Saint Kitts and Nevis	6.654	7.3547	6.8351	5.8868	4.4515	3.6041	3.298	2.8318	2.5229	2.3563	2.0573	1.8675	1.7124	1.6083	2021
662	Saint Lucia	5.878	6.8567	6.8716	6.4879	5.8247	5.1958	4.3438	3.687	3.202	2.6309	1.9521	1.6064	1.5097	1.4483	2021
663	Saint Martin (French part)	5.9447	5.9484	5.9449	5.8618	5.5306	4.7016	3.7282	3.0977	2.8178	2.7321	2.6806	2.515	2.5635	2.5225	2021
670	Saint Vincent and the Grenadines	7.3042	7.3466	7.1186	6.5703	5.6661	4.5388	3.6688	2.9599	2.8037	2.5029	2.216	2.0983	2.1172	1.9536	2021
534	Sint Maarten (Dutch part)	4.9624	4.4614	4.0173	3.5269	3.0728	2.685	2.3475	2.0993	2.0947	2.0521	1.7654	1.6963	1.8843	1.6484	2021
780	Trinidad and Tobago	5.3538	5.347	5.155	4.1018	3.522	3.2065	3.1959	2.8169	2.1989	1.8424	1.7244	1.6968	1.7042	1.6634	2021
796	Turks and Caicos Islands	5.7688	5.8361	5.7375	5.5719	5.2072	4.7639	4.2835	3.7172	3.2655	2.8078	2.3204	1.882	1.6806	1.7096	2021
850	United States Virgin Islands	4.8458	5.1987	4.9862	4.7916	4.534	3.3297	2.9558	2.8321	3.0872	2.5764	2.2924	2.4725	2.3069	2.1912	2021
916	Central America	6.7351	6.7736	6.8051	6.6935	6.2513	5.4837	4.657	4.0531	3.558	3.1453	2.8325	2.5715	2.3946	2.1514	2021
84	Belize	6.658	6.56	6.46	6.3583	6.2885	6.165	5.5419	4.8615	4.3452	3.8306	3.4363	2.8969	2.5533	2.3285	2021
188	Costa Rica	6.4425	6.6554	6.4976	5.3872	4.1977	3.7129	3.5478	3.3951	3.0424	2.6339	2.2305	2.0146	1.8725	1.7249	2021
222	El Salvador	6.3605	6.5312	6.6729	6.4753	5.9934	5.4545	4.8201	4.1741	3.8052	3.4102	2.8295	2.3471	2.1862	1.9232	2021
320	Guatemala	6.9227	6.9814	6.8989	6.7476	6.5206	6.3148	6.0361	5.6423	5.3233	4.9013	4.3678	3.7141	3.2251	2.8423	2021
340	Honduras	7.4925	7.495	7.4466	7.3356	7.0608	6.6914	6.1618	5.6016	5.0895	4.5465	3.9566	3.3	2.7851	2.5	2021
484	Mexico	6.7293	6.7481	6.7979	6.7436	6.2984	5.412	4.4595	3.8123	3.2905	2.8858	2.6248	2.4254	2.2863	2.035	2021
558	Nicaragua	7.1073	7.1475	7.1227	6.9474	6.7021	6.2926	5.727	5.0684	4.2669	3.4849	2.9522	2.6933	2.551	2.4292	2021
591	Panama	5.6733	5.7915	5.851	5.5318	4.8881	4.1446	3.6715	3.2798	2.9664	2.8098	2.7065	2.6351	2.6132	2.4801	2021
931	South America	5.6139	5.6535	5.5813	5.1483	4.6299	4.2186	3.8116	3.3574	2.977	2.6717	2.3562	2.1524	2.0275	1.9256	2021
32	Argentina	3.1549	3.1331	3.0862	3.0456	3.1582	3.3394	3.2082	3.0586	2.987	2.731	2.4993	2.3762	2.3298	2.1485	2021
68	Bolivia (Plurinational State of)	6.2588	6.3371	6.3055	6.1267	5.9213	5.6687	5.351	5.0812	4.6999	4.2407	3.8073	3.4377	3.0779	2.782	2021
76	Brazil	6.1037	6.0822	5.9694	5.3705	4.7445	4.2671	3.8282	3.2338	2.7454	2.4598	2.1131	1.8898	1.7785	1.7346	2021
152	Chile	4.7949	4.7656	4.5895	4.1387	3.5328	2.9889	2.6603	2.5903	2.4844	2.1762	1.9164	1.8274	1.805	1.6239	2021
170	Colombia	6.4905	6.6892	6.6337	5.9383	4.8794	4.1806	3.6376	3.2192	3.0049	2.7434	2.4544	2.1424	1.9335	1.8151	2021
218	Ecuador	6.7458	6.7559	6.6705	6.4219	5.8655	5.1353	4.506	4.0098	3.597	3.2859	2.9748	2.7161	2.4965	2.171	2021
238	Falkland Islands (Malvinas)	2.8852	3.0761	3.2682	3.0873	2.8454	2.4398	2.0224	1.7113	1.5649	1.4324	1.4426	1.4879	1.5364	1.5787	2021
254	French Guiana	4.8328	4.9698	5.0961	4.8962	4.2789	3.5711	3.4848	3.5454	3.8278	3.7991	3.7503	3.6462	3.4569	3.5715	2021
328	Guyana	5.9783	6.4227	6.2186	5.7465	5.0458	4.189	3.637	3.2037	3.0685	3.0577	2.9553	2.7587	2.6061	2.486	2021
600	Paraguay	6.4983	6.509	6.4647	6.1256	5.4824	5.1261	5.1074	4.8123	4.37	3.9017	3.3256	2.9101	2.6622	2.5893	2021
604	Peru	6.948	6.9592	6.8854	6.5923	6.0846	5.4401	4.7998	4.2449	3.6725	3.1073	2.7235	2.6545	2.4837	2.2855	2021
740	Suriname	6.5631	6.5805	6.5337	6.0503	5.3171	4.3536	3.7235	3.398	3.1928	2.9941	2.839	2.6889	2.5647	2.4438	2021
858	Uruguay	2.7221	2.7962	2.8572	2.7934	2.8198	2.8921	2.5294	2.478	2.4226	2.3152	2.1266	2.0527	2.0066	1.7936	2021
862	Venezuela (Bolivarian Republic of)	6.6148	6.5654	6.2225	5.7355	5.0453	4.4928	4.0223	3.6621	3.2951	2.9705	2.7411	2.5632	2.4174	2.2945	2021
905	Northern America	3.2193	3.5769	3.4075	2.5918	2.0854	1.772	1.7995	1.8736	2.0047	1.9442	1.9864	2.0258	1.8583	1.7414	2021
60	Bermuda	3.5482	3.5184	3.4269	2.7004	2.1943	1.6991	1.6196	1.729	1.6996	1.7349	1.8119	1.7936	1.578	1.3838	2021
124	Canada	3.6282	3.8855	3.7311	2.6827	2.0659	1.7968	1.6975	1.6857	1.7303	1.5982	1.5121	1.6251	1.609	1.5173	2021
304	Greenland	5.902	6.4516	6.7374	5.3637	3.0001	2.2646	2.2139	2.1974	2.4918	2.4889	2.4132	2.2936	2.0781	2.0397	2021
666	Saint Pierre and Miquelon	4.3125	5.1528	4.3048	3.8185	3.1957	1.9584	2.1846	2.3253	2.2801	2.1493	1.9668	1.8298	1.6342	1.5546	2021
840	United States of America	3.1838	3.5468	3.3723	2.5817	2.0871	1.7687	1.8113	1.8938	2.0339	1.9814	2.0367	2.0678	1.884	1.7644	2021
909	Oceania	3.7566	4.0131	4.0619	3.6348	3.3622	2.755	2.5825	2.5218	2.5051	2.4442	2.4451	2.5401	2.4632	2.3048	2021
927	Australia/New Zealand	3.2299	3.4969	3.5191	2.9841	2.719	2.0556	1.9221	1.8931	1.9079	1.8205	1.7992	1.9666	1.9249	1.7846	2021
36	Australia	3.1375	3.3764	3.3845	2.8938	2.671	2.0205	1.9103	1.8638	1.8741	1.7928	1.7684	1.9404	1.8988	1.768	2021
554	New Zealand	3.6494	4.0347	4.1151	3.3849	2.9375	2.2083	1.9694	2.0287	2.0696	1.9523	1.9474	2.09	2.0554	1.8681	2021
928	Melanesia	5.9126	6.0546	6.1555	6.105	5.9166	5.6357	5.2933	4.9953	4.7009	4.4128	4.1788	3.9145	3.6512	3.3862	2021
242	Fiji	6.5687	6.785	6.1219	5.2383	4.3345	4.0677	3.8591	3.5082	3.3475	3.186	2.9763	2.8694	2.6832	2.5706	2021
540	New Caledonia	5.1658	5.3022	5.3465	5.1943	5.0086	4.0689	3.4377	3.1571	2.9649	2.5973	2.3487	2.1978	2.1732	2.0917	2021
598	Papua New Guinea	5.7563	5.8864	6.1143	6.2374	6.1899	5.9408	5.6027	5.358	5.0307	4.6813	4.4117	4.08	3.7508	3.4378	2021
90	Solomon Islands	7.0135	6.9729	6.9679	6.9437	7.0604	6.9368	6.5123	5.9957	5.468	5.0146	4.6327	4.4394	4.4115	4.2257	2021
548	Vanuatu	7.1219	7	6.7738	6.5759	6.3068	5.944	5.5948	5.2356	4.9376	4.6353	4.3614	4.1379	4.1158	3.9095	2021
954	Micronesia	6.1824	6.4078	6.3851	6.0039	5.5041	4.9313	4.4522	4.0516	3.8234	3.5739	3.1536	3.249	3.1858	2.9616	2021
316	Guam	5.5308	6.0127	5.7392	4.871	4.2223	3.601	3.1527	3.1235	3.035	3.0326	2.873	2.9494	2.9541	2.7945	2021
296	Kiribati	6.256	6.3906	6.5263	6.1143	5.2927	4.9998	4.9709	4.8201	4.5266	4.3021	3.8788	3.862	3.7591	3.4419	2021
584	Marshall Islands	7.7962	8.0461	8.2848	8.3237	8.0925	7.7309	7.2416	6.6029	5.6512	4.9067	4.392	3.9542	3.3932	2.9351	2021
583	Micronesia (Fed. States of)	6.6093	6.6495	6.7059	6.8154	6.8738	6.4934	6.0035	5.3127	4.8284	4.5393	3.9763	3.4271	3.1328	2.8894	2021
520	Nauru	4.9188	5.1516	5.287	5.0605	4.3717	4.0165	3.9842	3.9641	3.907	3.7649	3.5498	3.6448	3.9065	3.7273	2021
580	Northern Mariana Islands	6.0804	6.0381	5.8454	6.4425	6.6501	4.997	3.3787	2.2866	2.7804	2.4382	2.0693	2.864	2.8699	2.3385	2021
585	Palau	6.7314	6.7248	6.6554	6.3206	5.3585	3.9611	3.2222	2.9785	2.7722	2.1933	1.8827	2.0123	2.0851	2.2711	2021
957	Polynesia	6.6372	6.7827	6.8033	6.6128	5.9724	5.2329	4.7505	4.3799	3.9957	3.589	3.3474	3.1838	3.0558	2.7808	2021
16	American Samoa	6.1008	6.2823	6.5798	6.3811	5.5699	4.9214	4.4342	4.3473	4.4454	4.0245	3.9329	3.6225	3.0828	2.5254	2021
184	Cook Islands	6.6795	6.9181	7.0921	6.6155	5.6893	4.5802	4.0841	3.7888	3.9116	3.5107	3.0135	2.7287	2.5521	2.3681	2021
258	French Polynesia	5.7322	5.9134	5.8857	5.8183	5.2804	4.3148	3.8488	3.6871	3.1745	2.6316	2.4023	2.1755	2.0319	1.8124	2021
570	Niue	6.45	6.8073	6.9211	6.7248	6.0326	5.3565	5.0541	4.4343	3.8029	3.2103	2.8735	2.8655	2.7847	2.5877	2021
882	Samoa	7.4779	7.6283	7.651	7.6053	7.1698	6.3798	5.6638	5.1797	4.8868	4.673	4.4381	4.4312	4.5643	4.1933	2021
772	Tokelau	5.5419	5.7283	5.467	5.1197	4.7737	4.4607	4.2701	4.4082	4.6576	4.3408	3.713	3.4333	3.1616	2.9034	2021
776	Tonga	6.7773	6.8357	6.8083	6.4736	5.6558	5.4772	5.4422	4.8868	4.5774	4.356	4.1432	4.0788	3.7707	3.4233	2021
798	Tuvalu	5.2574	4.9574	4.6454	4.2312	3.7369	3.5242	3.7996	3.9512	3.9873	3.977	3.7013	3.6006	3.413	3.2012	2021
876	Wallis and Futuna Islands	7.0324	7.0986	7.2848	7.3764	7.2298	6.4042	5.8752	5.1921	4.0449	2.9185	2.3186	1.8818	2.1001	2.027	2021
