country_code	name	2020-2025	2025-2030	2030-2035	2035-2040	2040-2045	2045-2050	2050-2055	2055-2060	2060-2065	2065-2070	2070-2075	2075-2080	2080-2085	2085-2090	2090-2095	2095-2100
900	World	2.2496	2.131	2.052	1.9931	1.9495	1.9157	1.8616	1.812	1.769	1.7334	1.6974	1.6632	1.6304	1.6006	1.575	1.5559
1834	Sub-Saharan Africa	4.3266	3.8444	3.4465	3.1197	2.8352	2.6017	2.3948	2.2091	2.0905	1.9879	1.8888	1.8158	1.7533	1.6943	1.6396	1.5936
1833	Northern Africa and Western Asia	2.6659	2.381	2.2259	2.094	1.9929	1.9011	1.8325	1.7761	1.7165	1.6546	1.6168	1.5762	1.5512	1.5242	1.4862	1.4748
1831	Central and Southern Asia	2.0629	1.8359	1.7174	1.6337	1.5767	1.5283	1.4886	1.4676	1.4372	1.4296	1.4045	1.3784	1.3598	1.3427	1.3257	1.3254
1832	Eastern and South-Eastern Asia	1.4303	1.3198	1.2952	1.2728	1.279	1.2958	1.3076	1.3022	1.3131	1.295	1.2953	1.2911	1.3173	1.3225	1.3167	1.3084
1830	Latin America and the Caribbean	1.8011	1.6168	1.5541	1.5116	1.4814	1.4598	1.4416	1.4302	1.4198	1.4064	1.3906	1.3806	1.3786	1.379	1.3794	1.3671
1835	Oceania (excluding Australia and New Zealand)	2.7742	2.2346	2.0733	1.9576	1.8662	1.7856	1.7161	1.6669	1.6252	1.6044	1.5662	1.5098	1.4952	1.4636	1.4306	1.3996
1836	Australia/New Zealand	1.5971	1.3916	1.3437	1.2927	1.274	1.2588	1.2328	1.2078	1.1898	1.1744	1.1646	1.1376	1.1544	1.1488	1.1504	1.1438
1829	Europe and Northern America	1.5376	1.4372	1.4294	1.4224	1.4158	1.4074	1.3976	1.386	1.3802	1.3758	1.3664	1.3568	1.362	1.3644	1.3662	1.368
901	More developed regions	1.5222	1.4296	1.4216	1.42	1.4174	1.407	1.4028	1.3902	1.3876	1.3838	1.379	1.3714	1.3742	1.3794	1.3784	1.3766
902	Less developed regions	2.3474	2.2131	2.1196	2.0466	1.9927	1.9555	1.8963	1.8389	1.793	1.756	1.7082	1.675	1.6358	1.6046	1.5782	1.5551
941	Least developed countries	3.7409	3.3957	3.1076	2.8671	2.6504	2.4753	2.3185	2.1749	2.0717	1.9751	1.8912	1.806	1.7305	1.6792	1.624	1.598
934	Less developed regions, excluding least developed countries	2.0352	1.8968	1.8194	1.7553	1.7268	1.7058	1.671	1.6378	1.6036	1.5842	1.5551	1.5322	1.5234	1.4976	1.4926	1.4766
948	Less developed regions, excluding China	2.6095	2.425	2.2958	2.2026	2.1153	2.0448	1.9638	1.8946	1.8391	1.7966	1.744	1.7004	1.6544	1.6214	1.596	1.5742
1636	Land-locked Developing Countries (LLDC)	3.6935	3.291	2.9859	2.7479	2.5496	2.3773	2.2223	2.0651	1.9593	1.8761	1.8044	1.7285	1.6719	1.6236	1.5784	1.5404
1637	Small Island Developing States (SIDS)	2.1868	1.961	1.8879	1.8299	1.7723	1.729	1.69	1.6514	1.6128	1.5782	1.5634	1.5374	1.5145	1.4897	1.4792	1.4633
1503	High-income countries	1.5377	1.4478	1.4298	1.4284	1.4268	1.4134	1.4024	1.3978	1.393	1.3868	1.3778	1.373	1.3762	1.3802	1.3778	1.376
1517	Middle-income countries	2.093	1.952	1.87	1.8075	1.7804	1.7598	1.7272	1.6864	1.6518	1.6308	1.6025	1.5768	1.5614	1.5334	1.5212	1.5017
1502	Upper-middle-income countries	1.4759	1.3512	1.328	1.3148	1.327	1.3406	1.3636	1.3596	1.36	1.3562	1.3661	1.3584	1.3627	1.3703	1.3578	1.3624
1501	Lower-middle-income countries	2.4511	2.236	2.0982	2.0034	1.938	1.877	1.8143	1.7609	1.7096	1.679	1.6354	1.5982	1.5778	1.548	1.5318	1.5071
1500	Low-income countries	4.3031	3.815	3.4138	3.0758	2.7979	2.5612	2.3736	2.1964	2.0738	1.9814	1.8901	1.804	1.7311	1.6681	1.617	1.577
1518	No income group available	1.9567	1.6336	1.5398	1.4621	1.384	1.3356	1.3062	1.2706	1.2302	1.2084	1.2122	1.2106	1.1986	1.193	1.1593	1.1573
903	Africa	4.0861	3.649	3.3027	3.0085	2.7542	2.5405	2.3557	2.1913	2.08	1.9775	1.883	1.8125	1.7509	1.6925	1.6414	1.6068
910	Eastern Africa	3.9577	3.3989	3.0004	2.7131	2.4716	2.288	2.1391	2.0123	1.8912	1.8088	1.738	1.6622	1.6015	1.5502	1.5242	1.4982
108	Burundi	3.8623	2.9709	2.4027	2.0862	1.8798	1.755	1.6612	1.5747	1.5035	1.4443	1.3988	1.3598	1.3254	1.2955	1.275	1.2784
174	Comoros	3.3301	2.8576	2.4939	2.2117	2.0072	1.8869	1.7735	1.6991	1.629	1.5902	1.5277	1.4705	1.4299	1.4043	1.3917	1.3519
262	Djibouti	2.0097	1.7903	1.6835	1.5738	1.5183	1.4548	1.4096	1.3696	1.3438	1.3034	1.314	1.2845	1.2679	1.2462	1.2198	1.1901
232	Eritrea	2.787	2.2481	1.966	1.8186	1.7131	1.6224	1.5501	1.4938	1.4592	1.397	1.3604	1.336	1.332	1.3095	1.2946	1.2826
231	Ethiopia	3.4275	2.8155	2.3733	2.0996	1.9244	1.7885	1.6611	1.5818	1.5147	1.4375	1.3982	1.3802	1.3526	1.319	1.2912	1.2629
404	Kenya	2.8793	2.4709	2.1921	1.9947	1.8402	1.7137	1.6036	1.5156	1.4273	1.401	1.3476	1.3304	1.3114	1.2984	1.2855	1.2493
450	Madagascar	3.0964	2.5859	2.2658	2.0478	1.9032	1.765	1.6707	1.5844	1.5284	1.4886	1.444	1.3988	1.3464	1.309	1.2843	1.264
454	Malawi	2.95	2.4055	2.1179	1.9032	1.7524	1.6468	1.5634	1.5118	1.4539	1.422	1.4052	1.3714	1.3468	1.3188	1.286	1.2631
480	Mauritius	1.2388	1.0695	1.017	0.9934	0.9735	0.9537	0.9429	0.9211	0.9194	0.9112	0.9074	0.8809	0.8874	0.8825	0.897	0.8766
175	Mayotte	4.0724	3.4645	3.0727	2.7882	2.5426	2.3239	2.1191	1.9978	1.8815	1.7874	1.7037	1.6248	1.5723	1.5305	1.4604	1.4354
508	Mozambique	3.6959	3.0433	2.5118	2.169	1.943	1.7698	1.6647	1.588	1.517	1.4518	1.4312	1.4094	1.3792	1.3394	1.3016	1.2788
638	Réunion	1.9576	1.7303	1.6147	1.5363	1.463	1.414	1.377	1.3426	1.3134	1.2886	1.273	1.2602	1.2221	1.2238	1.2162	1.1804
646	Rwanda	3.2125	2.6965	2.3072	2.0507	1.8711	1.7754	1.6806	1.5994	1.5127	1.4707	1.4344	1.4066	1.372	1.3338	1.314	1.2998
690	Seychelles	1.9638	1.7622	1.6445	1.5728	1.5184	1.465	1.433	1.3937	1.3633	1.3333	1.3076	1.2921	1.2862	1.2587	1.2315	1.2091
706	Somalia	5.4931	4.4028	3.4252	2.7134	2.2851	2.0313	1.8235	1.7009	1.5952	1.5286	1.4764	1.451	1.4412	1.4043	1.3752	1.3555
728	South Sudan	3.1343	2.4856	2.1522	1.9159	1.7504	1.6308	1.5573	1.4908	1.4292	1.3934	1.3702	1.3347	1.3048	1.2894	1.2672	1.2468
800	Uganda	3.7977	2.9992	2.4354	2.0974	1.8766	1.7193	1.6299	1.5336	1.4832	1.4232	1.4014	1.3514	1.3354	1.3066	1.2762	1.2675
834	United Republic of Tanzania	3.941	3.3235	2.7616	2.3108	2.059	1.8729	1.7377	1.6669	1.61	1.5447	1.4909	1.4455	1.399	1.3648	1.3644	1.3446
894	Zambia	3.4613	2.833	2.4121	2.1027	1.91	1.7954	1.7139	1.6247	1.5825	1.5245	1.483	1.4258	1.4042	1.3922	1.3661	1.3364
716	Zimbabwe	2.9761	2.5856	2.3232	2.1434	1.9722	1.8463	1.7356	1.6364	1.5584	1.5038	1.4692	1.4379	1.3963	1.3599	1.3263	1.301
911	Middle Africa	5.0484	4.3596	3.7707	3.2524	2.8608	2.5506	2.3015	2.1209	2.0057	1.8989	1.817	1.7238	1.6337	1.5691	1.5014	1.4842
24	Angola	4.2509	3.5169	2.8643	2.367	2.1258	1.9343	1.8059	1.7129	1.6332	1.5723	1.5145	1.4571	1.4284	1.3968	1.375	1.3441
120	Cameroon	3.8274	3.2535	2.7847	2.4074	2.1238	1.9634	1.8418	1.7317	1.658	1.5923	1.5226	1.5094	1.4888	1.4372	1.4158	1.3902
140	Central African Republic	4.8682	3.9295	3.1438	2.5354	2.157	1.9565	1.7951	1.6808	1.6199	1.5421	1.4991	1.4494	1.4194	1.3852	1.3572	1.3105
148	Chad	5.1001	4.1646	3.3996	2.8073	2.4137	2.1263	1.9212	1.7619	1.6715	1.596	1.5444	1.4958	1.4581	1.4153	1.3825	1.3495
178	Congo	3.2559	2.8026	2.4486	2.1972	2.0321	1.8851	1.7911	1.717	1.6535	1.6156	1.5674	1.5176	1.4682	1.4236	1.4134	1.3938
180	Democratic Republic of the Congo	5.0916	4.2021	3.4419	2.8144	2.3547	2.0851	1.889	1.7777	1.6798	1.5926	1.5341	1.4846	1.4354	1.3972	1.3735	1.3518
226	Equatorial Guinea	2.8916	2.2541	1.9467	1.778	1.6691	1.5623	1.4997	1.4356	1.411	1.3774	1.3222	1.2994	1.2861	1.2663	1.2402	1.2472
266	Gabon	2.6111	2.2962	2.0489	1.8919	1.7742	1.6943	1.6047	1.5439	1.4747	1.4252	1.3918	1.3656	1.3154	1.2913	1.2716	1.2491
678	Sao Tome and Principe	3.1738	2.6922	2.3047	2.0472	1.8597	1.7681	1.6792	1.5945	1.5479	1.49	1.4344	1.4098	1.3878	1.3545	1.3299	1.2855
912	Northern Africa	2.8766	2.4549	2.2564	2.099	1.9726	1.8799	1.7962	1.7258	1.6571	1.5954	1.5516	1.5144	1.4852	1.4496	1.4264	1.4146
12	Algeria	2.3949	2.0902	1.8656	1.7031	1.5886	1.5192	1.475	1.4346	1.3786	1.3462	1.3086	1.276	1.2548	1.2587	1.2458	1.2122
818	Egypt	2.5586	2.2419	2.0473	1.8722	1.7642	1.6593	1.5711	1.5173	1.4612	1.4068	1.3902	1.3688	1.3259	1.2996	1.2816	1.265
434	Libya	1.8495	1.6255	1.4794	1.3704	1.3107	1.2976	1.2592	1.2434	1.2332	1.2051	1.1912	1.1794	1.1784	1.1542	1.1389	1.1329
504	Morocco	1.8295	1.6505	1.5567	1.4865	1.4172	1.3582	1.3016	1.274	1.2492	1.2251	1.2054	1.1851	1.1968	1.1852	1.1874	1.1726
729	Sudan	3.4293	2.8769	2.4958	2.2333	2.037	1.9292	1.7911	1.7002	1.6349	1.5715	1.513	1.4654	1.4352	1.4131	1.3804	1.362
788	Tunisia	1.7717	1.5975	1.4979	1.4219	1.3788	1.3338	1.2946	1.2564	1.2183	1.2066	1.1964	1.1825	1.1676	1.1523	1.1451	1.1128
732	Western Sahara	1.6776	1.517	1.4459	1.3857	1.34	1.2983	1.2826	1.2354	1.2216	1.2114	1.1894	1.1626	1.1576	1.1458	1.1296	1.1302
913	Southern Africa	2.2143	1.8918	1.7452	1.6474	1.5535	1.4722	1.4278	1.3948	1.343	1.3142	1.2924	1.278	1.2584	1.243	1.2344	1.2183
72	Botswana	2.3408	2.0784	1.8907	1.7206	1.6225	1.5559	1.4929	1.4448	1.402	1.3582	1.3092	1.284	1.2672	1.2342	1.24	1.2197
748	Eswatini	2.2778	2.0066	1.8449	1.7205	1.6043	1.5175	1.451	1.4174	1.39	1.3346	1.2946	1.2622	1.2424	1.2239	1.2064	1.1922
426	Lesotho	2.4368	2.2016	2.0051	1.8631	1.7347	1.6486	1.569	1.5161	1.4667	1.4214	1.3766	1.3709	1.3395	1.3116	1.2806	1.2738
516	Namibia	2.6291	2.3772	2.1628	1.9797	1.8534	1.7545	1.6694	1.5857	1.5336	1.4612	1.423	1.3986	1.3586	1.3302	1.3006	1.2757
710	South Africa	1.9921	1.7806	1.6394	1.5461	1.4557	1.3848	1.3326	1.3003	1.2532	1.2152	1.1973	1.1882	1.1744	1.1564	1.1409	1.1118
914	Western Africa	4.5692	3.8605	3.3537	2.9636	2.6761	2.4388	2.2493	2.0877	1.9749	1.8764	1.796	1.7143	1.6574	1.6132	1.5718	1.521
204	Benin	4.1362	3.6146	3.1127	2.6812	2.3312	2.0992	1.9115	1.7789	1.7038	1.6507	1.6082	1.5786	1.5286	1.4699	1.432	1.4072
854	Burkina Faso	3.9932	3.1005	2.4754	2.1014	1.8961	1.7487	1.6285	1.5352	1.4721	1.4136	1.3812	1.3612	1.3165	1.2924	1.2935	1.2695
132	Cabo Verde	1.5813	1.4204	1.3347	1.2827	1.2437	1.2326	1.201	1.1846	1.1428	1.1357	1.1235	1.1175	1.1129	1.0753	1.0681	1.0798
384	Côte d'Ivoire	3.822	3.3018	2.8911	2.5885	2.3232	2.1215	2.0014	1.865	1.7588	1.6851	1.6136	1.551	1.5106	1.4584	1.4223	1.3957
270	Gambia	3.7633	2.9666	2.3811	2.0184	1.8537	1.7284	1.6213	1.531	1.4687	1.4188	1.3928	1.3694	1.3436	1.3356	1.3216	1.2807
288	Ghana	3.0704	2.6618	2.3506	2.1146	1.9453	1.8267	1.7316	1.6513	1.6061	1.5278	1.4798	1.4484	1.388	1.3461	1.336	1.3386
324	Guinea	3.628	2.8759	2.3075	2.0128	1.8814	1.7307	1.6404	1.5553	1.491	1.4402	1.4082	1.3622	1.3221	1.3056	1.2963	1.282
624	Guinea-Bissau	3.3122	2.6857	2.2239	1.9703	1.8238	1.7156	1.6068	1.5303	1.496	1.4316	1.4216	1.3683	1.3342	1.3259	1.322	1.3197
430	Liberia	3.3378	2.8049	2.371	2.093	1.8803	1.7455	1.658	1.5641	1.5188	1.465	1.4348	1.3978	1.3635	1.3384	1.3048	1.2861
466	Mali	4.94	4.0981	3.2945	2.6557	2.2789	2.0324	1.8829	1.7258	1.6267	1.5547	1.4876	1.442	1.3864	1.3546	1.3416	1.3263
478	Mauritania	3.3049	2.7292	2.3433	2.0909	1.931	1.7841	1.6836	1.6128	1.5464	1.496	1.4614	1.415	1.38	1.3522	1.329	1.3085
562	Niger	5.8838	5.0235	4.1491	3.3846	2.839	2.4476	2.169	1.9327	1.7757	1.6538	1.5862	1.5481	1.4892	1.4503	1.4074	1.361
566	Nigeria	4.2274	3.5054	2.8321	2.3646	2.0538	1.8924	1.7433	1.6273	1.5574	1.4912	1.441	1.3942	1.376	1.3567	1.3347	1.3081
654	Saint Helena	1.3024	1.2356	1.1891	1.1597	1.13	1.0975	1.0724	1.0591	1.0622	1.0306	0.9985	0.9994	1.0136	1.0195	1.0009	1.0161
686	Senegal	3.729	3.2936	2.8637	2.531	2.286	2.0971	1.9422	1.8027	1.7029	1.6319	1.5773	1.5147	1.4848	1.4345	1.4058	1.371
694	Sierra Leone	3.1986	2.541	2.1534	1.9165	1.7456	1.6392	1.5486	1.4893	1.4248	1.3876	1.3594	1.3094	1.278	1.2799	1.2641	1.2449
768	Togo	3.5126	3.0906	2.7148	2.414	2.1809	2.0374	1.9258	1.8091	1.7091	1.6319	1.5808	1.5268	1.5004	1.4492	1.431	1.3813
935	Asia	1.8411	1.7085	1.6273	1.5753	1.556	1.5462	1.5294	1.5116	1.4934	1.475	1.4606	1.4404	1.4404	1.4252	1.4128	1.4118
5500	Central Asia	2.6877	2.3922	2.1996	2.0383	1.9171	1.8184	1.7271	1.6645	1.609	1.5526	1.5192	1.477	1.4588	1.4372	1.402	1.3974
398	Kazakhstan	2.8095	2.4429	2.2278	2.0445	1.9015	1.7843	1.6977	1.6086	1.561	1.5188	1.4758	1.4482	1.4126	1.3792	1.3592	1.3344
417	Kyrgyzstan	2.6502	2.3339	2.1089	1.9558	1.8245	1.7262	1.6337	1.5759	1.5266	1.466	1.4444	1.407	1.382	1.3526	1.3314	1.296
762	Tajikistan	2.6129	2.3472	2.1494	1.991	1.8233	1.7262	1.6487	1.5913	1.5362	1.4948	1.4289	1.385	1.3714	1.3343	1.3185	1.2951
795	Turkmenistan	2.1605	1.9748	1.8145	1.6861	1.5824	1.4917	1.4518	1.4078	1.365	1.3386	1.3016	1.2866	1.2654	1.2266	1.2274	1.2126
860	Uzbekistan	2.471	2.1431	1.9342	1.8005	1.687	1.5578	1.4883	1.4576	1.3912	1.328	1.3008	1.2778	1.2728	1.2493	1.2364	1.2415
906	Eastern Asia	1.0871	0.9588	0.9365	0.9174	0.9216	0.9104	0.9218	0.9415	0.9619	0.9542	0.9626	0.9529	0.9691	0.9725	0.982	0.995
156	China	0.9994	0.9097	0.8747	0.8582	0.8604	0.8443	0.8568	0.8719	0.8825	0.8526	0.8568	0.8496	0.8539	0.8328	0.8439	0.8372
344	China, Hong Kong SAR	0.6428	0.5514	0.5466	0.5498	0.5658	0.5749	0.5804	0.5732	0.5851	0.5732	0.5791	0.5828	0.5815	0.5923	0.5927	0.6045
446	China, Macao SAR	0.8834	0.8664	0.8704	0.86	0.8876	0.8948	0.899	0.8988	0.9068	0.9152	0.92	0.9094	0.9146	0.9398	0.9408	0.9502
158	China, Taiwan Province of China	0.9186	0.8838	0.8574	0.8592	0.8397	0.8282	0.8248	0.7947	0.7911	0.8225	0.8213	0.8264	0.8584	0.8711	0.8674	0.8709
408	Dem. People's Republic of Korea	1.3568	1.273	1.2462	1.2199	1.1967	1.1803	1.165	1.1683	1.1644	1.1392	1.1067	1.1169	1.1192	1.1142	1.1029	1.0814
392	Japan	1.1325	1.0655	1.0233	0.9969	0.9928	0.9752	0.9513	0.9497	0.9224	0.9271	0.9282	0.9134	0.8964	0.8849	0.8739	0.8897
496	Mongolia	2.5227	2.1358	1.8965	1.7478	1.6357	1.5514	1.4884	1.449	1.3938	1.3622	1.3304	1.2924	1.2638	1.2463	1.2297	1.2062
410	Republic of Korea	0.7177	0.6286	0.6098	0.607	0.6078	0.6105	0.626	0.6315	0.626	0.6259	0.6322	0.6303	0.6415	0.6477	0.6689	0.6892
5501	Southern Asia	2.0369	1.8081	1.6862	1.6035	1.5457	1.4988	1.461	1.4368	1.412	1.4012	1.3807	1.3508	1.333	1.3168	1.3053	1.2919
4	Afghanistan	3.554	2.7642	2.2396	1.9302	1.7941	1.7045	1.6241	1.5521	1.4959	1.4443	1.3986	1.3538	1.3109	1.282	1.264	1.2465
50	Bangladesh	1.7295	1.5192	1.419	1.3397	1.2808	1.2382	1.2052	1.1765	1.1624	1.1485	1.1405	1.1216	1.1124	1.112	1.1137	1.1091
64	Bhutan	1.179	1.0255	0.973	0.9672	0.939	0.9352	0.9316	0.9228	0.912	0.8913	0.8828	0.848	0.843	0.8373	0.8392	0.8441
356	India	1.7673	1.5737	1.4548	1.3761	1.322	1.2778	1.2326	1.2224	1.2036	1.1883	1.1738	1.1529	1.139	1.137	1.1297	1.0963
364	Iran (Islamic Republic of)	1.5211	1.3605	1.2997	1.244	1.2182	1.2044	1.1674	1.1549	1.1398	1.1154	1.0967	1.082	1.0656	1.0678	1.0653	1.0489
462	Maldives	1.3892	1.2398	1.1739	1.148	1.1146	1.109	1.0834	1.0934	1.0639	1.0626	1.055	1.0497	1.044	1.0455	1.0457	1.0268
524	Nepal	1.6535	1.4853	1.3921	1.3073	1.2504	1.222	1.2012	1.175	1.147	1.1426	1.136	1.1167	1.1067	1.0951	1.0798	1.0634
586	Pakistan	2.7338	2.3631	2.0845	1.8933	1.7667	1.6711	1.5907	1.527	1.4541	1.4334	1.3984	1.3694	1.343	1.2971	1.2724	1.266
144	Sri Lanka	1.5711	1.4558	1.3887	1.3458	1.3095	1.2701	1.235	1.2061	1.2021	1.1849	1.1732	1.1554	1.1562	1.1331	1.111	1.1159
920	South-Eastern Asia	1.9985	1.8062	1.7249	1.6555	1.609	1.5648	1.5308	1.496	1.4722	1.4554	1.4248	1.4164	1.4118	1.4048	1.389	1.3801
96	Brunei Darussalam	1.4632	1.3201	1.2337	1.1902	1.165	1.1428	1.1385	1.1076	1.0947	1.082	1.0772	1.0605	1.058	1.0535	1.0569	1.0663
116	Cambodia	1.8555	1.6584	1.5505	1.4711	1.4018	1.3702	1.3282	1.2953	1.2706	1.2541	1.2065	1.2041	1.1873	1.1747	1.1687	1.1471
360	Indonesia	1.8051	1.6422	1.5345	1.4704	1.4092	1.3586	1.3367	1.3066	1.2756	1.2651	1.2313	1.2081	1.2079	1.2007	1.1881	1.1452
418	Lao People's Democratic Republic	1.9734	1.7514	1.6143	1.5158	1.4373	1.3753	1.3104	1.2662	1.247	1.2218	1.1841	1.1783	1.1989	1.1891	1.1737	1.1514
458	Malaysia	1.5097	1.3659	1.3069	1.2571	1.209	1.1742	1.148	1.1224	1.0939	1.0856	1.0988	1.0952	1.0737	1.0632	1.0544	1.0608
104	Myanmar	1.7069	1.5543	1.4672	1.403	1.359	1.3188	1.2842	1.2613	1.2393	1.2133	1.1954	1.183	1.1723	1.1612	1.154	1.1394
608	Philippines	2.2106	2.0207	1.8532	1.7538	1.6444	1.5626	1.4822	1.4452	1.3932	1.378	1.3487	1.324	1.3114	1.2861	1.2451	1.2439
702	Singapore	0.8406	0.7645	0.7256	0.6916	0.678	0.6666	0.6668	0.6563	0.654	0.6604	0.6654	0.674	0.668	0.6647	0.6632	0.6739
764	Thailand	1.0641	0.958	0.919	0.9022	0.9002	0.8776	0.869	0.8581	0.8648	0.8519	0.8377	0.85	0.8493	0.8456	0.8353	0.8292
626	Timor-Leste	2.2839	1.8434	1.6618	1.5648	1.4756	1.4022	1.3794	1.3282	1.2911	1.267	1.2283	1.2179	1.2025	1.1915	1.1469	1.1404
704	Viet Nam	1.7355	1.6004	1.5184	1.472	1.423	1.3934	1.3695	1.3391	1.3147	1.2795	1.2475	1.226	1.2119	1.2105	1.1991	1.1866
922	Western Asia	2.3985	2.1571	2.015	1.9075	1.8157	1.7404	1.6911	1.6483	1.5908	1.5548	1.5196	1.4948	1.4774	1.4387	1.4098	1.4016
51	Armenia	1.3209	1.2637	1.2273	1.1845	1.1692	1.1521	1.1084	1.0876	1.0666	1.0414	1.0422	1.0594	1.0444	1.0298	1.0266	1.0375
31	Azerbaijan	1.3604	1.2432	1.2024	1.1522	1.141	1.1185	1.0878	1.091	1.0743	1.05	1.0448	1.0403	1.0134	1.0259	1.028	1.0204
48	Bahrain	1.5005	1.3568	1.2812	1.2423	1.2089	1.1873	1.1643	1.1338	1.114	1.0942	1.083	1.056	1.0508	1.0554	1.0344	1.013
196	Cyprus	1.1094	0.9965	0.963	0.9506	0.9224	0.9142	0.8918	0.884	0.8794	0.891	0.8954	0.8912	0.901	0.876	0.8702	0.8864
268	Georgia	1.7689	1.6242	1.5366	1.473	1.4294	1.3719	1.3163	1.2801	1.2472	1.2289	1.199	1.1687	1.1772	1.1716	1.1342	1.1343
368	Iraq	2.8609	2.4735	2.1676	1.9751	1.828	1.7438	1.6642	1.6001	1.5429	1.4802	1.453	1.4174	1.3768	1.3312	1.3048	1.2856
376	Israel	2.7484	2.3954	2.1663	2.0076	1.8605	1.7574	1.6769	1.6017	1.5511	1.4805	1.4642	1.4246	1.3996	1.3658	1.3518	1.343
400	Jordan	2.2734	2.0372	1.8367	1.6932	1.575	1.4881	1.4108	1.3592	1.3308	1.282	1.2716	1.2351	1.1929	1.1873	1.1876	1.175
414	Kuwait	1.7353	1.5667	1.4625	1.3938	1.3475	1.3084	1.2878	1.2424	1.2254	1.1958	1.1829	1.1534	1.1314	1.1182	1.1276	1.1138
422	Lebanon	1.6008	1.4454	1.4003	1.3556	1.3186	1.2696	1.2656	1.2411	1.2164	1.2035	1.1844	1.1472	1.147	1.1419	1.1285	1.1058
512	Oman	2.3099	1.9446	1.7061	1.5536	1.4478	1.3868	1.3479	1.3221	1.2924	1.2672	1.245	1.2068	1.201	1.1954	1.1752	1.1772
634	Qatar	1.5265	1.3699	1.2818	1.2278	1.1985	1.1526	1.1361	1.1106	1.1101	1.072	1.068	1.067	1.0744	1.0664	1.0676	1.0792
682	Saudi Arabia	1.9643	1.7547	1.6052	1.4907	1.414	1.3487	1.2979	1.2518	1.2342	1.247	1.2168	1.2026	1.2044	1.1841	1.1674	1.145
275	State of Palestine	2.879	2.4463	2.1306	1.9563	1.784	1.6775	1.5911	1.5351	1.4659	1.3937	1.35	1.3288	1.2926	1.2682	1.2362	1.2238
760	Syrian Arab Republic	2.0373	1.8191	1.6885	1.601	1.5218	1.4567	1.4124	1.3646	1.3368	1.2934	1.259	1.247	1.2204	1.2053	1.1802	1.16
792	Türkiye	1.6123	1.4509	1.3851	1.3112	1.2634	1.2486	1.2246	1.1935	1.168	1.1423	1.141	1.1297	1.1103	1.097	1.0668	1.0669
784	United Arab Emirates	1.2847	1.1256	1.0539	1.024	0.9797	0.9602	0.9592	0.9518	0.9434	0.9476	0.9398	0.935	0.938	0.9338	0.9462	0.9388
887	Yemen	2.7772	2.1811	1.9448	1.7934	1.6816	1.5894	1.5039	1.4517	1.4035	1.3708	1.3434	1.3284	1.2784	1.251	1.2262	1.2161
908	Europe	1.4884	1.4076	1.409	1.4064	1.399	1.4014	1.4098	1.4146	1.4134	1.4074	1.4144	1.4194	1.4286	1.4262	1.4266	1.4286
923	Eastern Europe	1.4917	1.3486	1.3291	1.3154	1.3092	1.3227	1.3372	1.3301	1.3381	1.3366	1.3342	1.3378	1.346	1.352	1.3508	1.3522
112	Belarus	1.2847	1.2379	1.2049	1.1848	1.1658	1.1554	1.1463	1.1458	1.1285	1.1389	1.1286	1.1119	1.1168	1.118	1.0976	1.1129
100	Bulgaria	1.4138	1.3382	1.2848	1.2583	1.2234	1.2135	1.2016	1.2064	1.1847	1.1672	1.1748	1.1813	1.1762	1.179	1.1829	1.1688
203	Czechia	1.5496	1.4487	1.3954	1.3709	1.3245	1.3064	1.2912	1.2904	1.28	1.2904	1.2686	1.2718	1.2586	1.2586	1.2518	1.2516
348	Hungary	1.4562	1.3338	1.2728	1.2207	1.2014	1.2014	1.1975	1.1654	1.1439	1.1386	1.138	1.1294	1.1296	1.1161	1.1117	1.108
616	Poland	1.2775	1.2019	1.1525	1.1285	1.1108	1.0956	1.0916	1.0956	1.0676	1.0459	1.0476	1.0344	1.0408	1.0146	1.0193	1.0037
498	Republic of Moldova	1.6304	1.5158	1.4288	1.3755	1.3408	1.3185	1.2898	1.2739	1.2617	1.244	1.244	1.2338	1.2212	1.2068	1.1851	1.196
642	Romania	1.555	1.438	1.3817	1.3444	1.3154	1.2951	1.2735	1.2596	1.2546	1.2238	1.24	1.2245	1.2158	1.1957	1.1938	1.1939
643	Russian Federation	1.3213	1.2759	1.2419	1.2366	1.2292	1.2342	1.231	1.2031	1.2011	1.2064	1.2113	1.2224	1.2206	1.224	1.2074	1.1999
703	Slovakia	1.3984	1.3066	1.2525	1.2163	1.1836	1.183	1.173	1.1507	1.1368	1.1459	1.1355	1.1238	1.1101	1.1154	1.1088	1.0956
804	Ukraine	1.07	1.0255	0.9768	0.9588	0.9423	0.935	0.9348	0.9233	0.9206	0.9137	0.9289	0.9269	0.9402	0.937	0.9515	0.9378
924	Northern Europe	1.5552	1.386	1.345	1.3182	1.301	1.3018	1.2864	1.2776	1.27	1.2664	1.2418	1.23	1.24	1.2656	1.2732	1.2856
208	Denmark	1.5658	1.4535	1.381	1.3396	1.304	1.274	1.2434	1.23	1.1966	1.207	1.2056	1.1836	1.171	1.1612	1.1504	1.1656
233	Estonia	1.4917	1.3986	1.3239	1.29	1.2621	1.248	1.2332	1.2172	1.1802	1.1525	1.1416	1.1455	1.1246	1.1336	1.137	1.1186
234	Faroe Islands	2.4291	2.1723	2.0063	1.8561	1.7531	1.6694	1.6058	1.5496	1.497	1.4568	1.405	1.3612	1.335	1.3093	1.2814	1.2803
246	Finland	1.2408	1.141	1.0809	1.0474	1.0364	1.002	0.9928	0.9778	0.9574	0.945	0.9212	0.9155	0.9072	0.9047	0.9104	0.9105
831	Guernsey	1.2453	1.1826	1.1424	1.1122	1.0792	1.0848	1.0818	1.066	1.0702	1.0679	1.0454	1.0231	1.0091	1.0335	1.045	1.0327
352	Iceland	1.4894	1.3303	1.2746	1.2402	1.204	1.1782	1.1532	1.1222	1.0898	1.0538	1.0373	1.028	1.0132	1.0192	1.022	1.0325
372	Ireland	1.5729	1.4505	1.3759	1.3412	1.2912	1.2716	1.2244	1.2014	1.1754	1.1576	1.1326	1.111	1.095	1.095	1.0696	1.0747
833	Isle of Man	1.3391	1.2414	1.1894	1.1468	1.1142	1.0728	1.052	1.0368	0.996	1.0088	1.0066	0.9943	0.9728	0.965	0.9644	0.9628
832	Jersey	1.2882	1.2128	1.1681	1.1365	1.1288	1.1206	1.111	1.0822	1.075	1.052	1.0618	1.0492	1.0408	1.038	1.034	1.0306
428	Latvia	1.4443	1.302	1.2317	1.1969	1.1672	1.1211	1.0815	1.0688	1.0617	1.0255	1.0194	1.0156	1.0033	0.9896	1.0062	0.99
440	Lithuania	1.4422	1.3566	1.3072	1.2737	1.2516	1.2485	1.2217	1.2079	1.211	1.199	1.1767	1.1795	1.1654	1.16	1.1613	1.1582
578	Norway	1.3479	1.2411	1.1895	1.1646	1.1342	1.1088	1.0832	1.0688	1.0598	1.051	1.0446	1.0388	1.0274	1.0126	1.0052	1.0042
752	Sweden	1.565	1.4085	1.3239	1.2914	1.2672	1.227	1.2056	1.1966	1.1658	1.164	1.1444	1.1128	1.0854	1.094	1.0806	1.0736
826	United Kingdom	1.3957	1.2898	1.2352	1.1998	1.1778	1.1544	1.128	1.1012	1.0884	1.08	1.0395	1.033	1.0426	1.0558	1.0574	1.0754
925	Southern Europe	1.2851	1.1847	1.1686	1.1604	1.152	1.154	1.1486	1.1544	1.1506	1.1531	1.1678	1.1749	1.1856	1.1713	1.18	1.1798
8	Albania	1.1046	1.0027	0.9684	0.9536	0.9341	0.9192	0.9018	0.8963	0.8852	0.8775	0.8835	0.8784	0.8718	0.8493	0.8305	0.8303
20	Andorra	0.9768	0.8728	0.8452	0.8234	0.7938	0.7775	0.764	0.7634	0.7677	0.7451	0.7233	0.7351	0.7537	0.7545	0.7462	0.736
70	Bosnia and Herzegovina	1.1352	1.0148	0.9811	0.9467	0.9189	0.91	0.9018	0.8912	0.8976	0.8884	0.8729	0.879	0.8749	0.8905	0.8935	0.8897
191	Croatia	1.2245	1.1092	1.0682	1.0369	1.0303	1.0069	0.9675	0.9547	0.9438	0.926	0.9052	0.8946	0.8886	0.8799	0.8886	0.9077
292	Gibraltar	1.4693	1.3551	1.3029	1.268	1.2461	1.2297	1.2108	1.2031	1.1871	1.169	1.1402	1.1483	1.14	1.1171	1.0861	1.075
300	Greece	1.2099	1.1269	1.0819	1.0381	1.0262	0.9996	0.9806	0.9856	0.9733	0.9714	0.9817	0.947	0.954	0.9339	0.9287	0.8996
380	Italy	1.1504	1.0448	0.9969	0.967	0.942	0.9305	0.9099	0.9005	0.897	0.8714	0.8835	0.8536	0.8702	0.8359	0.8475	0.853
412	Kosovo (under UNSC res. 1244)	1.2812	1.1488	1.0942	1.0652	1.0375	1.02	0.9914	0.975	0.9633	0.9464	0.9508	0.9497	0.9689	0.95	0.9501	0.9483
470	Malta	1.0075	0.9666	0.9288	0.9256	0.9136	0.8941	0.8857	0.8856	0.8943	0.8933	0.8895	0.9011	0.9033	0.8865	0.9091	0.9342
499	Montenegro	1.5069	1.3399	1.2727	1.2297	1.1836	1.1459	1.126	1.1242	1.1028	1.1012	1.0869	1.0824	1.0564	1.0452	1.0259	1.0411
807	North Macedonia	1.1872	1.1161	1.0753	1.0294	1.0074	0.9949	0.9964	0.9821	0.985	0.9706	0.9519	0.9425	0.9675	0.9489	0.9646	0.965
620	Portugal	1.209	1.0858	1.0247	0.9952	0.9601	0.9497	0.927	0.9317	0.9432	0.919	0.9082	0.9082	0.9064	0.8927	0.8678	0.8562
674	San Marino	0.9123	0.8608	0.8334	0.8077	0.7836	0.7766	0.7646	0.7567	0.7481	0.74	0.7399	0.7322	0.7433	0.7509	0.7458	0.7595
688	Serbia	1.3482	1.2629	1.2038	1.1875	1.1554	1.1204	1.1013	1.0901	1.0902	1.0805	1.0734	1.0751	1.0709	1.051	1.0193	1.018
705	Slovenia	1.5289	1.3877	1.3326	1.3051	1.2892	1.2962	1.2763	1.2514	1.23	1.2239	1.2146	1.2097	1.2296	1.2169	1.1924	1.1875
724	Spain	1.1274	1.0465	0.9952	0.9784	0.9581	0.933	0.9267	0.9091	0.891	0.8976	0.8739	0.8902	0.8929	0.8935	0.882	0.9029
926	Western Europe	1.5593	1.4474	1.4012	1.3796	1.3432	1.3128	1.3058	1.3094	1.2996	1.2826	1.286	1.2888	1.2966	1.2996	1.2948	1.284
40	Austria	1.3725	1.241	1.1749	1.136	1.126	1.1226	1.1088	1.1071	1.0944	1.0655	1.0684	1.0616	1.046	1.0479	1.0452	1.0516
56	Belgium	1.4291	1.3256	1.2648	1.2356	1.2012	1.1821	1.1505	1.1406	1.111	1.1006	1.095	1.0914	1.094	1.0787	1.0571	1.0719
250	France	1.6885	1.5292	1.4432	1.392	1.3468	1.3028	1.294	1.2631	1.2336	1.2166	1.1933	1.1934	1.1648	1.1474	1.15	1.1304
276	Germany	1.4307	1.2827	1.2225	1.1799	1.1545	1.1221	1.1116	1.1156	1.1096	1.1024	1.0818	1.0736	1.0792	1.084	1.0746	1.0496
438	Liechtenstein	1.3071	1.2117	1.1466	1.1022	1.0656	1.0555	1.0354	1.0248	0.9899	0.9727	0.9644	0.9704	0.9512	0.9556	0.9298	0.9162
442	Luxembourg	1.2501	1.1446	1.0915	1.0444	1.0182	1.0028	0.993	0.9924	0.9712	0.96	0.9672	0.9602	0.9646	0.9426	0.9314	0.9352
492	Monaco	1.8504	1.6762	1.5737	1.4912	1.4288	1.3916	1.3674	1.3328	1.3196	1.2904	1.2621	1.2168	1.2147	1.1878	1.18	1.1702
528	Netherlands	1.4963	1.3728	1.3136	1.276	1.2383	1.2122	1.1812	1.1727	1.1542	1.1352	1.1474	1.1388	1.1091	1.0968	1.0924	1.0822
756	Switzerland	1.317	1.2361	1.1756	1.1406	1.1218	1.1002	1.0948	1.098	1.0918	1.0658	1.07	1.077	1.0584	1.0672	1.0414	1.0176
904	Latin America and the Caribbean	1.8011	1.6168	1.5541	1.5116	1.4814	1.4598	1.4416	1.4302	1.4198	1.4064	1.3906	1.3806	1.3786	1.379	1.3794	1.3671
915	Caribbean	1.9334	1.7007	1.6282	1.5804	1.5416	1.5124	1.4768	1.4597	1.4353	1.4113	1.3948	1.3793	1.3481	1.3316	1.3204	1.3229
660	Anguilla	0.9095	0.8542	0.8482	0.8302	0.8371	0.8099	0.8106	0.8052	0.7904	0.7886	0.791	0.7817	0.7752	0.7647	0.7744	0.7852
28	Antigua and Barbuda	1.4087	1.2653	1.1924	1.1736	1.1486	1.1125	1.0838	1.0827	1.0657	1.0393	1.0216	1.0024	1.0039	1.0124	1.0008	0.9932
533	Aruba	1.0513	0.9079	0.8687	0.8512	0.8161	0.8047	0.8063	0.7933	0.7857	0.7782	0.7801	0.7691	0.7679	0.7708	0.7572	0.7713
44	Bahamas	1.0889	1.002	0.9836	0.9644	0.9508	0.9348	0.9188	0.9304	0.9085	0.8713	0.862	0.8499	0.8561	0.855	0.8674	0.8583
52	Barbados	1.3158	1.2734	1.2312	1.2149	1.1755	1.1694	1.1592	1.148	1.1257	1.0937	1.0984	1.107	1.1003	1.0867	1.0624	1.0742
535	Bonaire, Sint Eustatius and Saba	1.429	1.3183	1.2522	1.2112	1.1692	1.1538	1.1193	1.1046	1.0914	1.0812	1.0686	1.0628	1.0424	1.0374	1.0053	0.9908
92	British Virgin Islands	0.7839	0.7287	0.674	0.6476	0.6464	0.6426	0.6549	0.671	0.6835	0.6713	0.6814	0.694	0.6959	0.6977	0.7199	0.7145
136	Cayman Islands	1.0383	0.8945	0.8567	0.8396	0.8136	0.778	0.7766	0.7754	0.772	0.7824	0.7602	0.7522	0.7456	0.7665	0.7784	0.7786
192	Cuba	1.3577	1.2147	1.1579	1.1243	1.0967	1.0845	1.0779	1.0658	1.033	1.0214	1.0123	0.9942	0.9947	1.0241	1.04	1.0274
531	Curaçao	1.3728	1.252	1.2088	1.1668	1.1375	1.0975	1.0884	1.0646	1.0419	1.0248	1.0222	1.0086	1.0013	1.0107	1.0045	1.0206
212	Dominica	1.2142	1.141	1.102	1.063	1.0454	1.0437	1.0324	1.0322	1.02	1.0086	0.988	0.9785	0.9664	0.9667	0.9496	0.9656
214	Dominican Republic	1.9351	1.7055	1.5676	1.4793	1.4012	1.3514	1.3162	1.2902	1.2511	1.2223	1.2075	1.1874	1.1449	1.1278	1.1408	1.1341
308	Grenada	1.5684	1.4523	1.3856	1.324	1.282	1.28	1.2542	1.2402	1.2259	1.2089	1.1831	1.1714	1.1484	1.1516	1.1487	1.14
312	Guadeloupe	1.7016	1.572	1.5036	1.4517	1.3953	1.3431	1.3296	1.2944	1.2648	1.2633	1.2426	1.2214	1.2072	1.1882	1.1755	1.1562
332	Haiti	2.2249	1.9645	1.7854	1.6576	1.5887	1.5149	1.4566	1.4084	1.3579	1.3335	1.3054	1.2919	1.2656	1.2546	1.2397	1.2228
388	Jamaica	1.0851	0.9797	0.9522	0.9313	0.9278	0.9153	0.8987	0.889	0.8788	0.8782	0.8608	0.8412	0.8405	0.8424	0.8533	0.8543
474	Martinique	1.6059	1.4775	1.3976	1.3479	1.3009	1.2664	1.2508	1.2221	1.2113	1.2025	1.1698	1.1513	1.1489	1.1317	1.1246	1.1091
500	Montserrat	1.2423	1.1594	1.1107	1.087	1.0577	1.0466	1.0364	1.026	1.0016	1.0012	0.9969	0.9924	0.9797	0.9822	0.9785	0.9774
630	Puerto Rico	1.1236	0.9718	0.9269	0.9091	0.8814	0.8637	0.8506	0.8481	0.845	0.8291	0.8293	0.8226	0.84	0.8391	0.8169	0.8405
652	Saint Barthélemy	0.7601	0.7152	0.6874	0.6898	0.6814	0.669	0.6573	0.6665	0.6775	0.6939	0.7149	0.7136	0.7269	0.7192	0.7118	0.7141
659	Saint Kitts and Nevis	1.1212	1.0134	0.9974	1.0034	0.9826	0.9687	0.9784	0.9637	0.953	0.9409	0.9189	0.9276	0.9489	0.9371	0.9335	0.9164
662	Saint Lucia	0.943	0.91	0.8892	0.887	0.8896	0.8942	0.8928	0.8842	0.8791	0.8501	0.8484	0.8547	0.8492	0.8641	0.8728	0.8764
663	Saint Martin (French part)	2.0686	1.8507	1.7165	1.6209	1.566	1.4901	1.4489	1.4217	1.3895	1.3435	1.3108	1.2863	1.2634	1.2592	1.2416	1.2374
670	Saint Vincent and the Grenadines	1.4815	1.326	1.2642	1.2262	1.1875	1.1666	1.1503	1.1393	1.104	1.0998	1.0939	1.0744	1.0776	1.0627	1.0628	1.0483
534	Sint Maarten (Dutch part)	1.1708	1.1182	1.0962	1.0755	1.0603	1.0428	1.0391	1.0463	1.0105	0.9962	0.9972	0.9854	0.9742	0.9537	0.9374	0.94
780	Trinidad and Tobago	1.1569	1.0868	1.0645	1.0496	1.0526	1.0476	1.0312	1.0445	1.0402	1.0182	1.0141	0.9803	0.9754	0.9677	0.9689	0.9636
796	Turks and Caicos Islands	1.3963	1.26	1.1877	1.1516	1.1202	1.105	1.0744	1.0492	1.0261	1.006	1.0114	0.987	0.9937	0.9769	0.9618	0.9578
850	United States Virgin Islands	1.705	1.5722	1.501	1.4414	1.3994	1.3623	1.3115	1.2769	1.2569	1.2354	1.2207	1.2031	1.1933	1.1921	1.2014	1.1917
916	Central America	1.798	1.551	1.4773	1.4111	1.37	1.3486	1.3312	1.2954	1.2872	1.2742	1.2599	1.2552	1.2545	1.2554	1.2381	1.2345
84	Belize	1.7251	1.5461	1.45	1.3842	1.3309	1.2695	1.2238	1.2088	1.2078	1.1788	1.1419	1.1258	1.1072	1.0868	1.0781	1.0791
188	Costa Rica	1.3061	1.1649	1.1188	1.0914	1.06	1.0516	1.0205	1.0014	0.9684	0.9598	0.9361	0.9234	0.92	0.9341	0.93	0.9114
222	El Salvador	1.4434	1.3156	1.2546	1.2052	1.1606	1.1678	1.1494	1.1313	1.0931	1.0813	1.0679	1.0498	1.0631	1.0524	1.0481	1.0388
320	Guatemala	2.0879	1.7461	1.567	1.4729	1.3959	1.3421	1.2934	1.2678	1.2284	1.202	1.1822	1.1869	1.1812	1.166	1.1403	1.1095
340	Honduras	1.8234	1.6675	1.5701	1.5002	1.4152	1.3719	1.3514	1.3052	1.261	1.2364	1.213	1.1862	1.1871	1.1667	1.1479	1.1186
484	Mexico	1.5301	1.3715	1.3033	1.2406	1.212	1.191	1.1591	1.1085	1.093	1.076	1.0627	1.0836	1.0653	1.0628	1.037	1.0221
558	Nicaragua	1.7562	1.6212	1.5019	1.4162	1.3709	1.3103	1.2628	1.257	1.2324	1.2081	1.1851	1.1642	1.1449	1.1439	1.1268	1.1091
591	Panama	1.9862	1.7833	1.66	1.5618	1.5005	1.4395	1.3926	1.3626	1.3364	1.3096	1.2868	1.2797	1.257	1.235	1.2153	1.2103
931	South America	1.7311	1.524	1.4623	1.4206	1.3792	1.3594	1.3462	1.343	1.3266	1.308	1.2998	1.2918	1.294	1.308	1.2992	1.286
32	Argentina	1.6082	1.4653	1.3871	1.3144	1.2744	1.2608	1.2534	1.2266	1.1848	1.1511	1.1425	1.1173	1.105	1.1128	1.1017	1.0925
68	Bolivia (Plurinational State of)	2.0285	1.8543	1.723	1.6234	1.5408	1.4529	1.4026	1.372	1.3174	1.2872	1.2593	1.2334	1.2089	1.1934	1.1764	1.173
76	Brazil	1.4551	1.2751	1.206	1.155	1.1278	1.0989	1.0724	1.0643	1.0502	1.0303	1.0125	1.0016	1.0041	1.0125	1.011	0.9987
152	Chile	1.2202	1.1378	1.1038	1.0822	1.062	1.0474	1.0346	1.0042	0.9994	0.9761	0.9763	0.9702	0.9551	0.9465	0.9526	0.9261
170	Colombia	1.4257	1.2949	1.2403	1.191	1.169	1.1448	1.1224	1.1078	1.0893	1.0524	1.0592	1.0488	1.0397	1.0179	1.0105	1.0201
218	Ecuador	1.7034	1.5533	1.4617	1.3825	1.3259	1.2726	1.2388	1.196	1.161	1.1467	1.1286	1.1138	1.1129	1.1007	1.0791	1.0721
238	Falkland Islands (Malvinas)	1.2725	1.2282	1.19	1.1566	1.1398	1.1113	1.0778	1.0622	1.0453	1.0148	1.0144	0.977	0.9779	0.9746	0.9672	0.9512
254	French Guiana	3.0198	2.6861	2.4357	2.2505	2.0902	1.979	1.8636	1.7727	1.6986	1.6386	1.5804	1.5161	1.4749	1.4396	1.4186	1.378
328	Guyana	1.9373	1.7927	1.678	1.6044	1.5409	1.4697	1.4349	1.3963	1.3672	1.3421	1.301	1.2893	1.2694	1.2435	1.2359	1.2184
600	Paraguay	1.9554	1.803	1.6926	1.5968	1.4885	1.4322	1.399	1.3578	1.3277	1.2906	1.2509	1.224	1.2035	1.1952	1.1829	1.1538
604	Peru	1.7394	1.5892	1.4822	1.4301	1.3694	1.334	1.3086	1.271	1.2662	1.2283	1.2078	1.1733	1.1653	1.1444	1.1428	1.1257
740	Suriname	1.9772	1.7949	1.6722	1.5747	1.4898	1.4264	1.3862	1.3543	1.3096	1.2653	1.2343	1.2288	1.2039	1.1833	1.1628	1.1432
858	Uruguay	1.2466	1.1217	1.0792	1.0471	1.0332	1.0151	0.9844	0.9702	0.9468	0.9362	0.9216	0.9114	0.9252	0.9225	0.9253	0.9248
862	Venezuela (Bolivarian Republic of)	1.7648	1.6173	1.5295	1.4525	1.3754	1.3272	1.2938	1.2566	1.2142	1.1952	1.1938	1.19	1.178	1.1678	1.1329	1.1275
905	Northern America	1.5805	1.3989	1.3229	1.277	1.2636	1.2194	1.1754	1.164	1.1498	1.1298	1.117	1.0932	1.0775	1.0844	1.0826	1.0707
60	Bermuda	1.233	1.1199	1.0743	1.0253	0.9871	0.9786	0.9478	0.9379	0.9151	0.9206	0.914	0.9126	0.9129	0.9141	0.9097	0.9013
124	Canada	1.2811	1.1987	1.15	1.1086	1.0766	1.051	1.0258	1.0266	1.003	0.9964	1.0078	0.9942	0.9728	0.9758	0.9784	0.9612
304	Greenland	1.6477	1.5118	1.4445	1.3934	1.3607	1.3313	1.311	1.2742	1.2581	1.22	1.2026	1.1944	1.1757	1.1761	1.1564	1.174
666	Saint Pierre and Miquelon	1.2863	1.2118	1.1631	1.1324	1.1041	1.073	1.0597	1.0403	1.0259	1.0041	1.0095	1.0069	0.9936	0.9842	1.0055	0.9987
840	United States of America	1.5082	1.3995	1.3127	1.2644	1.2474	1.2018	1.156	1.14	1.1262	1.0934	1.0824	1.0584	1.0448	1.0446	1.0276	1.0147
909	Oceania	2.0689	1.8171	1.7509	1.6927	1.6393	1.5947	1.5626	1.5264	1.4956	1.475	1.4568	1.4108	1.414	1.4002	1.3844	1.3642
927	Australia/New Zealand	1.5971	1.3916	1.3437	1.2927	1.274	1.2588	1.2328	1.2078	1.1898	1.1744	1.1646	1.1376	1.1544	1.1488	1.1504	1.1438
36	Australia	1.4589	1.3365	1.2849	1.2349	1.2088	1.1978	1.1678	1.1348	1.1174	1.102	1.0836	1.056	1.0866	1.0848	1.0802	1.0624
554	New Zealand	1.5861	1.3952	1.3064	1.2716	1.2246	1.2026	1.1698	1.1326	1.114	1.0918	1.0848	1.0702	1.066	1.0634	1.0535	1.0349
928	Melanesia	2.7867	2.2079	2.0417	1.9235	1.8296	1.7506	1.6797	1.6247	1.5866	1.5678	1.534	1.479	1.4644	1.4333	1.4024	1.3728
242	Fiji	1.9832	1.8286	1.6966	1.6009	1.5388	1.4742	1.4252	1.3673	1.3471	1.3131	1.2949	1.2436	1.2238	1.225	1.2199	1.198
540	New Caledonia	1.5825	1.5016	1.4213	1.385	1.3375	1.3026	1.2686	1.2442	1.1986	1.189	1.1659	1.1472	1.149	1.1334	1.1228	1.11
598	Papua New Guinea	2.3943	2.0756	1.8963	1.7851	1.6906	1.6108	1.5347	1.4942	1.4434	1.4112	1.3721	1.3276	1.3168	1.3007	1.2881	1.2565
90	Solomon Islands	3.2584	2.84	2.5401	2.3104	2.1382	1.9898	1.8785	1.7697	1.6847	1.5973	1.5632	1.5102	1.4794	1.4616	1.4159	1.3805
548	Vanuatu	2.9285	2.6043	2.3755	2.1921	2.0566	1.9336	1.8334	1.7219	1.6529	1.6106	1.5659	1.5018	1.4674	1.4522	1.4218	1.3934
954	Micronesia	2.6103	2.2885	2.1273	2.0214	1.9229	1.8473	1.7676	1.7076	1.6642	1.6111	1.56	1.5251	1.5046	1.4774	1.4551	1.4485
316	Guam	2.1978	1.9558	1.8077	1.71	1.6172	1.5474	1.494	1.4527	1.4125	1.3691	1.3336	1.3077	1.2929	1.2762	1.2583	1.2484
296	Kiribati	2.7772	2.5059	2.2533	2.0918	1.9445	1.8133	1.7105	1.639	1.5856	1.5316	1.493	1.4432	1.3899	1.3588	1.331	1.3228
584	Marshall Islands	2.0358	1.7883	1.6342	1.5421	1.4671	1.4022	1.3588	1.3175	1.2856	1.2428	1.2234	1.1895	1.1787	1.1642	1.144	1.1474
583	Micronesia (Fed. States of)	1.9416	1.7846	1.6945	1.6013	1.5322	1.4635	1.4243	1.3831	1.3363	1.2915	1.2755	1.2491	1.2585	1.2346	1.2099	1.1955
520	Nauru	2.8568	2.5706	2.3183	2.116	1.9521	1.8452	1.7608	1.6789	1.6107	1.5571	1.4994	1.4637	1.4378	1.403	1.359	1.347
580	Northern Mariana Islands	1.6798	1.5775	1.5044	1.4532	1.4101	1.369	1.3416	1.3119	1.2797	1.2571	1.251	1.224	1.1998	1.1887	1.1754	1.1505
585	Palau	2.0358	1.8165	1.6758	1.5858	1.5074	1.4532	1.3887	1.3671	1.3283	1.2904	1.2747	1.2654	1.2593	1.236	1.2179	1.1862
957	Polynesia	2.4928	2.2177	2.105	2.0359	1.9517	1.8721	1.797	1.7272	1.684	1.6197	1.5749	1.5329	1.5026	1.4783	1.4427	1.428
16	American Samoa	1.9072	1.6913	1.5688	1.4811	1.4106	1.3477	1.3215	1.299	1.2676	1.2427	1.2346	1.2294	1.2052	1.1715	1.1752	1.1431
184	Cook Islands	1.7988	1.654	1.5546	1.4836	1.3959	1.3239	1.2903	1.2547	1.2258	1.2186	1.1966	1.185	1.1739	1.1721	1.1763	1.1684
258	French Polynesia	1.5092	1.3214	1.2355	1.1961	1.1614	1.125	1.1148	1.1027	1.0901	1.078	1.0691	1.0592	1.0457	1.0461	1.0333	1.0263
570	Niue	1.9559	1.7941	1.6585	1.5669	1.5054	1.4444	1.4092	1.356	1.3042	1.2944	1.2716	1.2457	1.2372	1.2329	1.2246	1.2025
882	Samoa	3.2581	2.9255	2.6187	2.4141	2.2371	2.0784	1.9267	1.7865	1.6822	1.6312	1.5632	1.5167	1.4657	1.432	1.3807	1.3582
772	Tokelau	1.9527	1.8175	1.6739	1.5967	1.5237	1.4826	1.444	1.393	1.3594	1.332	1.2981	1.2516	1.215	1.2083	1.2024	1.1929
776	Tonga	2.5639	2.2541	2.0965	1.9581	1.832	1.7228	1.6469	1.5895	1.5168	1.4771	1.4299	1.3987	1.3791	1.3562	1.3429	1.3226
798	Tuvalu	2.7296	2.4674	2.2344	2.0708	1.9366	1.8354	1.7598	1.6853	1.6163	1.5518	1.5069	1.4913	1.4635	1.4294	1.3846	1.357
876	Wallis and Futuna Islands	1.4462	1.3519	1.3028	1.2724	1.2456	1.2257	1.2067	1.1708	1.1382	1.1356	1.1654	1.1456	1.137	1.1217	1.1209	1.0859
