country_code	name	2020-2025	2025-2030	2030-2035	2035-2040	2040-2045	2045-2050	2050-2055	2055-2060	2060-2065	2065-2070	2070-2075	2075-2080	2080-2085	2085-2090	2090-2095	2095-2100
900	World	2.1683	1.9495	1.7957	1.7192	1.6975	1.6825	1.6551	1.6172	1.5756	1.5338	1.4975	1.4657	1.4421	1.4185	1.3941	1.3714
1834	Sub-Saharan Africa	4.3636	3.8404	3.4043	3.0696	2.8074	2.5817	2.3838	2.2148	2.0746	1.9558	1.8535	1.7648	1.6962	1.6337	1.5801	1.5338
1833	Northern Africa and Western Asia	2.6292	2.3012	2.0599	1.913	1.8263	1.7627	1.7081	1.6553	1.6003	1.5504	1.5111	1.4729	1.4461	1.4219	1.3967	1.3751
1831	Central and Southern Asia	2.0804	1.8004	1.6144	1.5267	1.4924	1.4629	1.4307	1.4039	1.3768	1.3506	1.3262	1.307	1.2939	1.2844	1.2716	1.2591
1832	Eastern and South-Eastern Asia	1.3708	1.2013	1.1029	1.0717	1.0939	1.1249	1.1436	1.1418	1.1382	1.1291	1.1296	1.1338	1.1411	1.1424	1.14	1.1381
1830	Latin America and the Caribbean	1.7036	1.4709	1.3259	1.2641	1.2431	1.2342	1.2242	1.2156	1.2084	1.1973	1.191	1.1859	1.1842	1.1856	1.1834	1.1822
1835	Oceania (excluding Australia and New Zealand)	2.9443	2.5646	2.2984	2.1259	2.0059	1.91	1.8239	1.7481	1.6806	1.6304	1.5891	1.5363	1.5027	1.465	1.4433	1.4126
1836	Australia/New Zealand	1.4751	1.2941	1.1823	1.1498	1.1565	1.1604	1.1628	1.1688	1.1707	1.1756	1.1759	1.1807	1.1867	1.1865	1.186	1.1865
1829	Europe and Northern America	1.3983	1.2431	1.1489	1.1216	1.1309	1.1437	1.152	1.1589	1.1638	1.1694	1.1736	1.1757	1.1781	1.1824	1.1847	1.1852
901	More developed regions	1.3806	1.2263	1.1329	1.1069	1.1181	1.1316	1.1411	1.1484	1.1537	1.1595	1.1643	1.167	1.1701	1.1745	1.1772	1.1783
902	Less developed regions	2.2815	2.0485	1.8827	1.7953	1.7642	1.7415	1.7069	1.6628	1.6164	1.57	1.5294	1.4937	1.4671	1.4407	1.4144	1.3901
941	Least developed countries	3.7604	3.3331	2.9957	2.7548	2.5736	2.4162	2.268	2.1337	2.0149	1.9153	1.8231	1.741	1.678	1.6197	1.5689	1.5248
934	Less developed regions, excluding least developed countries	1.9669	1.7444	1.5922	1.5172	1.4994	1.4929	1.4768	1.4511	1.4225	1.3904	1.3668	1.3481	1.3358	1.3237	1.3089	1.2947
948	Less developed regions, excluding China	2.5519	2.271	2.071	1.9575	1.8943	1.8396	1.7817	1.7243	1.669	1.6167	1.5698	1.5272	1.4943	1.4635	1.4342	1.4078
1636	Land-locked Developing Countries (LLDC)	3.7416	3.2662	2.9007	2.6496	2.4681	2.3099	2.1662	2.0371	1.9226	1.8273	1.7414	1.6705	1.6151	1.5634	1.5184	1.479
1637	Small Island Developing States (SIDS)	2.1129	1.8572	1.6917	1.6087	1.5689	1.5394	1.5085	1.4808	1.4455	1.417	1.3947	1.3693	1.3528	1.3336	1.3217	1.3017
1503	High-income countries	1.411	1.2394	1.139	1.1114	1.1221	1.1346	1.1429	1.1503	1.155	1.1587	1.1614	1.1623	1.1646	1.1682	1.17	1.1709
1517	Middle-income countries	2.021	1.7955	1.6407	1.5669	1.5509	1.544	1.5265	1.499	1.4684	1.4354	1.4102	1.3895	1.3755	1.3611	1.3442	1.3276
1502	Upper-middle-income countries	1.3897	1.2061	1.1063	1.0823	1.1092	1.1372	1.1515	1.1526	1.1519	1.1474	1.1508	1.1549	1.161	1.1648	1.1629	1.1624
1501	Lower-middle-income countries	2.417	2.1288	1.9268	1.8185	1.7625	1.7125	1.6619	1.6146	1.5709	1.5277	1.4914	1.4589	1.4344	1.4117	1.3897	1.3688
1500	Low-income countries	4.3835	3.8303	3.3834	3.0543	2.8029	2.5895	2.3942	2.2235	2.0786	1.9605	1.8548	1.7634	1.6926	1.6281	1.5725	1.5262
1518	No income group available	2.0417	1.7667	1.5711	1.4715	1.4209	1.388	1.3499	1.3247	1.299	1.2815	1.2669	1.2536	1.2411	1.2382	1.2352	1.2249
903	Africa	4.0874	3.6077	3.2098	2.9112	2.6802	2.4819	2.3071	2.1557	2.028	1.9183	1.8234	1.7401	1.676	1.6174	1.5667	1.5231
910	Eastern Africa	4.0029	3.4472	3.0159	2.7117	2.4889	2.3064	2.1512	2.0157	1.895	1.7975	1.7144	1.6429	1.5898	1.5414	1.499	1.461
108	Burundi	4.8194	4.1378	3.5649	3.1526	2.8273	2.5718	2.352	2.1727	2.0257	1.9288	1.8164	1.7304	1.6663	1.5981	1.5478	1.5166
174	Comoros	3.7603	3.2736	2.909	2.6614	2.4796	2.3251	2.1912	2.0824	1.9686	1.8652	1.7821	1.7086	1.6454	1.5887	1.5388	1.4884
262	Djibouti	2.6065	2.2219	1.955	1.789	1.6852	1.6049	1.5424	1.4918	1.4501	1.4036	1.3716	1.3466	1.3225	1.3089	1.301	1.2903
232	Eritrea	3.631	3.0857	2.6808	2.415	2.2341	2.0664	1.9357	1.8258	1.7304	1.6549	1.5943	1.5483	1.4989	1.461	1.4243	1.396
231	Ethiopia	3.905	3.312	2.8608	2.555	2.3575	2.1807	2.0356	1.8963	1.7795	1.6858	1.6104	1.5431	1.4923	1.4503	1.4212	1.3874
404	Kenya	3.1363	2.7172	2.4087	2.1972	2.0472	1.9235	1.7999	1.7056	1.6124	1.5477	1.4961	1.4483	1.4172	1.3885	1.357	1.3386
450	Madagascar	3.6361	3.1623	2.8126	2.5653	2.3928	2.2574	2.1397	2.0302	1.9324	1.8337	1.7635	1.6859	1.616	1.5663	1.5205	1.4906
454	Malawi	3.6954	3.1759	2.782	2.5228	2.3198	2.16	2.0189	1.9098	1.8047	1.7242	1.6581	1.587	1.5446	1.495	1.4593	1.4287
480	Mauritius	1.2482	1.0619	0.9551	0.9305	0.947	0.9617	0.9793	0.9918	1.0039	1.0133	1.0268	1.0384	1.0443	1.0529	1.063	1.0638
175	Mayotte	4.2174	3.7149	3.345	3.0862	2.8839	2.7147	2.5642	2.4185	2.2937	2.1887	2.0839	1.9917	1.9043	1.8214	1.7439	1.6623
508	Mozambique	4.4009	3.8082	3.3056	2.9291	2.6349	2.396	2.2085	2.0554	1.92	1.8142	1.7261	1.6581	1.605	1.5486	1.502	1.4681
638	Réunion	2.0771	1.7817	1.5908	1.4881	1.4421	1.4117	1.3778	1.3592	1.3371	1.3219	1.3001	1.2864	1.2763	1.2617	1.2425	1.2439
646	Rwanda	3.597	3.1251	2.7616	2.5206	2.3298	2.1825	2.0448	1.9231	1.8106	1.7158	1.6438	1.5798	1.5203	1.4761	1.439	1.3963
690	Seychelles	2.167	1.85	1.6289	1.526	1.4832	1.4498	1.4177	1.3924	1.3586	1.3419	1.3256	1.3124	1.2954	1.284	1.2731	1.2626
706	Somalia	6.0405	5.2994	4.6351	4.0753	3.6078	3.21	2.8688	2.5852	2.3484	2.1599	2.011	1.8889	1.7904	1.7162	1.6486	1.5832
728	South Sudan	4.1935	3.5294	3.0372	2.6709	2.4281	2.2319	2.0673	1.9273	1.8274	1.74	1.65	1.5845	1.5424	1.499	1.458	1.4298
800	Uganda	4.3078	3.5857	3.0148	2.6443	2.3696	2.1747	2.0058	1.8781	1.7673	1.6691	1.5846	1.5309	1.4931	1.4524	1.4159	1.3821
834	United Republic of Tanzania	4.4967	3.9423	3.5083	3.1664	2.8823	2.6457	2.4641	2.3048	2.1633	2.043	1.9276	1.8278	1.7644	1.702	1.6444	1.5863
894	Zambia	4.0847	3.5661	3.1478	2.8513	2.628	2.4639	2.3107	2.1851	2.0639	1.9709	1.8779	1.7948	1.7284	1.6687	1.5997	1.5531
716	Zimbabwe	3.2844	2.8585	2.5503	2.3448	2.1962	2.0641	1.9444	1.8397	1.7404	1.6596	1.6082	1.5514	1.5021	1.4671	1.4317	1.4002
911	Middle Africa	5.3921	4.8627	4.3583	3.9113	3.5205	3.1786	2.8643	2.6046	2.3928	2.223	2.0709	1.9384	1.8386	1.7513	1.6735	1.6116
24	Angola	5.05	4.4397	3.9061	3.4734	3.1209	2.8178	2.5798	2.3782	2.1975	2.0538	1.9383	1.8301	1.7581	1.6954	1.6392	1.5876
120	Cameroon	4.2269	3.6916	3.2789	2.9879	2.7706	2.5952	2.4247	2.2818	2.1657	2.0574	1.9602	1.8762	1.7969	1.7338	1.6664	1.6087
140	Central African Republic	5.7344	5.1206	4.4525	3.8469	3.332	2.8946	2.5511	2.2784	2.0614	1.9025	1.7763	1.6831	1.6081	1.5644	1.5146	1.4736
148	Chad	6.0348	5.3898	4.7977	4.3134	3.8758	3.4728	3.1343	2.8279	2.5694	2.3724	2.1921	2.0485	1.9331	1.8239	1.7261	1.6498
178	Congo	3.943	3.4614	3.0963	2.8349	2.6552	2.4993	2.3587	2.2442	2.1256	2.0268	1.9427	1.8552	1.7724	1.7145	1.6634	1.6168
180	Democratic Republic of the Congo	5.9441	5.4444	4.9153	4.3972	3.923	3.5056	3.1033	2.7805	2.5284	2.3288	2.1478	1.9917	1.8773	1.7761	1.6892	1.6229
226	Equatorial Guinea	4.0106	3.3511	2.8541	2.4979	2.243	2.0474	1.8906	1.7743	1.6938	1.6073	1.5373	1.488	1.4541	1.4218	1.3986	1.3764
266	Gabon	3.2884	2.8473	2.525	2.3083	2.1712	2.0444	1.9293	1.8431	1.7564	1.6768	1.6122	1.5483	1.4999	1.4673	1.4377	1.412
678	Sao Tome and Principe	3.5981	3.1124	2.7514	2.5144	2.3399	2.1953	2.0879	1.9667	1.8633	1.7822	1.7089	1.6422	1.5876	1.5298	1.4941	1.4656
912	Northern Africa	2.8752	2.5036	2.2268	2.0587	1.9489	1.8714	1.8068	1.7442	1.6839	1.6289	1.5831	1.5373	1.5053	1.4763	1.4479	1.4265
12	Algeria	2.6737	2.2234	1.9137	1.7293	1.6202	1.5489	1.4903	1.4531	1.4151	1.3881	1.3622	1.3459	1.3216	1.3027	1.2925	1.2862
818	Egypt	2.7295	2.3934	2.1383	1.9816	1.8821	1.797	1.7151	1.6414	1.5828	1.5264	1.4889	1.4455	1.4171	1.394	1.3655	1.354
434	Libya	2.2538	1.8573	1.5933	1.4625	1.4078	1.3692	1.3378	1.3136	1.2946	1.2752	1.2733	1.2592	1.2468	1.2337	1.2293	1.2213
504	Morocco	2.1474	1.8275	1.6134	1.5078	1.4549	1.4061	1.3813	1.3541	1.3263	1.3032	1.2834	1.2691	1.2576	1.2484	1.2497	1.2471
729	Sudan	4.2341	3.7067	3.2878	2.9792	2.7355	2.5532	2.3954	2.2483	2.1254	2.0334	1.9416	1.8438	1.7708	1.705	1.6514	1.6032
788	Tunisia	1.9141	1.6455	1.4636	1.3776	1.3489	1.3248	1.3052	1.2942	1.2769	1.2619	1.2498	1.2432	1.233	1.2276	1.2265	1.2193
732	Western Sahara	2.1241	1.816	1.6091	1.4937	1.4314	1.3839	1.3586	1.3301	1.3013	1.2858	1.2717	1.2549	1.2518	1.2383	1.237	1.2271
913	Southern Africa	2.2712	1.9546	1.7386	1.6226	1.5564	1.5026	1.4561	1.4134	1.3764	1.3491	1.3316	1.3102	1.2911	1.2784	1.2605	1.2468
72	Botswana	2.602	2.2314	1.9591	1.7989	1.7007	1.6218	1.5501	1.4983	1.4414	1.4105	1.387	1.3612	1.3355	1.3177	1.3052	1.2898
748	Eswatini	2.6427	2.273	1.9972	1.8248	1.7162	1.6387	1.5674	1.5097	1.4539	1.412	1.3734	1.3511	1.3352	1.3159	1.298	1.276
426	Lesotho	2.8263	2.4476	2.1746	2.0127	1.9023	1.802	1.7164	1.6537	1.5957	1.5453	1.4941	1.4525	1.4192	1.3927	1.3644	1.343
516	Namibia	3.1017	2.7019	2.4031	2.2241	2.0915	1.9747	1.8785	1.7912	1.7054	1.6361	1.5879	1.5336	1.4859	1.4482	1.4097	1.3762
710	South Africa	2.1938	1.8832	1.6731	1.5629	1.5038	1.4558	1.414	1.3737	1.3405	1.3166	1.3031	1.2845	1.2674	1.2571	1.2405	1.2289
914	Western Africa	4.7379	4.1718	3.6764	3.2855	2.9804	2.7127	2.485	2.294	2.1464	2.0141	1.9059	1.8152	1.7418	1.6735	1.6187	1.5699
204	Benin	4.7372	4.197	3.7558	3.4109	3.1677	2.9513	2.7624	2.5865	2.4441	2.3116	2.1834	2.0758	1.9793	1.894	1.8158	1.7411
854	Burkina Faso	4.5107	3.8635	3.3428	2.9421	2.6487	2.4219	2.2443	2.0802	1.9602	1.8569	1.7608	1.6768	1.6167	1.5601	1.5186	1.4893
132	Cabo Verde	1.7267	1.4809	1.331	1.2664	1.2495	1.2356	1.2223	1.2154	1.2028	1.1906	1.1873	1.1893	1.1791	1.1717	1.1753	1.1728
384	Côte d'Ivoire	4.1923	3.7049	3.3315	3.0535	2.8539	2.6867	2.5477	2.4179	2.2839	2.1643	2.0613	1.9639	1.8799	1.7978	1.7365	1.6871
270	Gambia	4.4337	3.7751	3.2075	2.7947	2.4711	2.2318	2.0594	1.9167	1.8011	1.7072	1.625	1.5635	1.5124	1.4675	1.4353	1.4061
288	Ghana	3.354	2.9251	2.595	2.3977	2.2542	2.1209	2.0169	1.9169	1.8358	1.7491	1.6827	1.6217	1.5659	1.5156	1.4773	1.448
324	Guinea	4.1498	3.5565	3.0933	2.7576	2.5329	2.3393	2.1773	2.0391	1.9188	1.8241	1.747	1.6736	1.6118	1.5531	1.5177	1.4753
624	Guinea-Bissau	3.7705	3.2359	2.825	2.5445	2.348	2.1892	2.0511	1.9335	1.828	1.7527	1.6834	1.6179	1.5678	1.5218	1.4894	1.4531
430	Liberia	3.8649	3.3288	2.9022	2.6318	2.4293	2.2585	2.1261	2.0092	1.8996	1.8187	1.7464	1.675	1.6236	1.5651	1.519	1.4841
466	Mali	5.7119	5.0841	4.4895	3.9866	3.5513	3.1625	2.8186	2.5475	2.3363	2.1459	1.9933	1.8792	1.7903	1.7027	1.6332	1.5708
478	Mauritania	4.1746	3.6388	3.2076	2.908	2.6643	2.4652	2.3151	2.1766	2.0505	1.9377	1.8488	1.7752	1.7083	1.6431	1.5823	1.5352
562	Niger	6.5841	5.9959	5.4112	4.9033	4.4287	3.9925	3.5764	3.1998	2.8807	2.6297	2.403	2.223	2.0819	1.9645	1.8572	1.7651
566	Nigeria	4.9921	4.3782	3.8091	3.3372	2.9678	2.6412	2.3738	2.1638	2.0184	1.8837	1.7837	1.7015	1.6376	1.5777	1.5345	1.4956
654	Saint Helena	1.4915	1.2949	1.1693	1.131	1.1287	1.1334	1.1308	1.1273	1.1267	1.1233	1.1281	1.1297	1.1297	1.1276	1.1342	1.1368
686	Senegal	4.1611	3.6671	3.2874	3.0336	2.8334	2.6644	2.5141	2.3813	2.256	2.1494	2.0469	1.9593	1.8746	1.7894	1.7153	1.6505
694	Sierra Leone	3.7267	3.1098	2.6595	2.35	2.1402	1.9881	1.863	1.7645	1.6632	1.5938	1.543	1.491	1.4504	1.4201	1.3896	1.3651
768	Togo	4.0394	3.5583	3.2003	2.9542	2.7668	2.6213	2.4738	2.3445	2.231	2.111	2.0114	1.9147	1.8377	1.7694	1.7119	1.6492
935	Asia	1.7927	1.5738	1.4249	1.3559	1.3489	1.3558	1.3508	1.3336	1.3116	1.2886	1.2719	1.2612	1.2565	1.2513	1.2412	1.2305
5500	Central Asia	2.7754	2.389	2.1167	1.9556	1.8631	1.7864	1.7146	1.65	1.5865	1.5307	1.4915	1.4574	1.4288	1.4019	1.376	1.3547
398	Kazakhstan	2.9053	2.5793	2.3285	2.1708	2.0742	1.9723	1.8944	1.8217	1.7407	1.6679	1.6198	1.5708	1.5291	1.4935	1.4522	1.4271
417	Kyrgyzstan	2.7986	2.4483	2.1921	2.0392	1.9389	1.8498	1.7738	1.6974	1.6339	1.5853	1.5368	1.4984	1.4643	1.4286	1.4012	1.3729
762	Tajikistan	2.9913	2.6197	2.3442	2.1683	2.0614	1.966	1.8672	1.7764	1.697	1.6268	1.5724	1.5275	1.4861	1.4479	1.4115	1.387
795	Turkmenistan	2.4709	2.1306	1.8889	1.7392	1.6464	1.5676	1.5142	1.4703	1.4317	1.4031	1.3782	1.348	1.3292	1.3101	1.3028	1.2954
860	Uzbekistan	2.655	2.2464	1.9721	1.8074	1.7098	1.6374	1.569	1.5134	1.4642	1.4233	1.396	1.3688	1.3407	1.3176	1.3068	1.2944
906	Eastern Asia	1.0562	0.9058	0.8384	0.8317	0.8597	0.8847	0.9102	0.9224	0.9396	0.949	0.9603	0.9668	0.9751	0.9823	0.9887	1.001
156	China	1.0531	0.8967	0.8277	0.8228	0.8516	0.8756	0.8999	0.9105	0.9275	0.9366	0.9484	0.9563	0.9658	0.9721	0.9751	0.985
344	China, Hong Kong SAR	0.6349	0.4821	0.4201	0.434	0.4799	0.526	0.5694	0.5998	0.6282	0.6582	0.6792	0.7012	0.7267	0.7516	0.773	0.7932
446	China, Macao SAR	0.9591	0.8649	0.8251	0.8397	0.8865	0.9239	0.9496	0.9744	0.9924	1.0049	1.02	1.0296	1.0375	1.0466	1.0552	1.06
158	China, Taiwan Province of China	0.9824	0.8667	0.8042	0.8106	0.8532	0.8937	0.9249	0.9498	0.9644	0.9737	0.9884	0.9968	1.0071	1.0126	1.0224	1.0279
408	Dem. People's Republic of Korea	1.647	1.4248	1.2815	1.2232	1.2057	1.1987	1.1911	1.1868	1.1773	1.1677	1.1658	1.1595	1.1629	1.1712	1.1714	1.1759
392	Japan	1.1585	1.0102	0.9242	0.9089	0.936	0.9547	0.978	0.9861	0.9944	0.999	1.01	1.0158	1.0241	1.0304	1.0388	1.048
496	Mongolia	2.6243	2.188	1.8951	1.7255	1.6355	1.566	1.5063	1.464	1.4228	1.4001	1.3775	1.3604	1.3381	1.3264	1.3114	1.3058
410	Republic of Korea	0.7335	0.5931	0.5435	0.5574	0.6043	0.6498	0.6963	0.7315	0.7647	0.7971	0.8262	0.8497	0.8688	0.8878	0.9028	0.9256
5501	Southern Asia	2.0555	1.7802	1.5955	1.5088	1.4752	1.4478	1.4172	1.3912	1.3652	1.3404	1.3169	1.2985	1.286	1.2773	1.2651	1.2532
4	Afghanistan	4.3625	3.6477	3.1062	2.7273	2.4566	2.2375	2.059	1.9251	1.7975	1.6965	1.6032	1.542	1.495	1.4435	1.4066	1.3873
50	Bangladesh	1.8066	1.5405	1.3676	1.2899	1.2654	1.258	1.2475	1.243	1.2331	1.2221	1.2133	1.207	1.2042	1.2005	1.2001	1.202
64	Bhutan	1.2529	1.048	0.9434	0.9273	0.9474	0.9635	0.9852	0.9994	1.0094	1.0174	1.0245	1.0379	1.0459	1.0528	1.0633	1.0635
356	India	1.8636	1.6001	1.4256	1.3476	1.3221	1.298	1.2738	1.2588	1.2458	1.2332	1.2205	1.2096	1.2043	1.2039	1.1971	1.1907
364	Iran (Islamic Republic of)	1.535	1.3284	1.2041	1.1609	1.1614	1.1634	1.1689	1.1667	1.1658	1.1609	1.1649	1.1617	1.1567	1.1586	1.1602	1.1612
462	Maldives	1.5311	1.3169	1.1917	1.1452	1.142	1.1439	1.1488	1.1507	1.1485	1.1419	1.139	1.1393	1.1354	1.1374	1.141	1.1434
524	Nepal	1.857	1.5825	1.4045	1.3247	1.2988	1.2738	1.2578	1.2377	1.2331	1.2181	1.2095	1.2006	1.1963	1.1874	1.1846	1.1868
586	Pakistan	3.2575	2.7969	2.4677	2.258	2.1072	1.9843	1.8715	1.7726	1.6888	1.6178	1.5542	1.5023	1.4607	1.4302	1.4037	1.3755
144	Sri Lanka	1.8236	1.5779	1.4173	1.3422	1.3135	1.2953	1.2758	1.264	1.2527	1.2389	1.231	1.219	1.2081	1.211	1.2001	1.1953
920	South-Eastern Asia	1.9711	1.7232	1.5554	1.4723	1.4366	1.4124	1.3852	1.3568	1.3336	1.3106	1.2961	1.2842	1.2744	1.2616	1.2512	1.2411
96	Brunei Darussalam	1.6132	1.3824	1.2398	1.1881	1.1751	1.1674	1.1672	1.1633	1.1644	1.1519	1.1473	1.1442	1.1464	1.1517	1.1491	1.1477
116	Cambodia	2.165	1.8437	1.6327	1.5154	1.4555	1.4137	1.3806	1.3532	1.3254	1.3071	1.2914	1.2798	1.2637	1.2529	1.2421	1.2353
360	Indonesia	2.0034	1.7329	1.5444	1.4525	1.4142	1.3836	1.3505	1.3237	1.3063	1.2868	1.2759	1.2672	1.2591	1.2433	1.2353	1.2256
418	Lao People's Democratic Republic	2.3002	1.9434	1.6909	1.5578	1.4784	1.4272	1.383	1.3553	1.3282	1.3091	1.2997	1.2799	1.2623	1.2524	1.2474	1.2419
458	Malaysia	1.6373	1.4054	1.2647	1.2005	1.1907	1.1853	1.1774	1.1679	1.1638	1.1538	1.1525	1.1522	1.1544	1.1526	1.1526	1.1532
104	Myanmar	1.9814	1.7082	1.5196	1.4304	1.3897	1.3603	1.3299	1.3048	1.286	1.2659	1.2573	1.2436	1.2423	1.2321	1.2259	1.2164
608	Philippines	2.5684	2.2448	2.0126	1.8705	1.7718	1.6962	1.6278	1.557	1.5071	1.461	1.4277	1.396	1.3688	1.3473	1.3261	1.3104
702	Singapore	0.8795	0.7414	0.6706	0.6678	0.7042	0.7366	0.765	0.7857	0.7919	0.8018	0.8205	0.838	0.851	0.8571	0.862	0.8712
764	Thailand	1.1727	0.991	0.9012	0.8823	0.9083	0.9323	0.949	0.9683	0.9746	0.9847	1.001	1.0152	1.0207	1.0268	1.034	1.0435
626	Timor-Leste	2.9014	2.351	1.9924	1.7833	1.664	1.5809	1.514	1.4584	1.4072	1.3698	1.342	1.3295	1.3094	1.2932	1.2832	1.2684
704	Viet Nam	1.7886	1.5732	1.4307	1.3719	1.3553	1.3517	1.3415	1.3295	1.3125	1.3064	1.2994	1.2971	1.2898	1.2813	1.2748	1.272
922	Western Asia	2.4121	2.1219	1.9075	1.7715	1.7022	1.652	1.6079	1.5625	1.5098	1.4639	1.4311	1.401	1.3792	1.3595	1.3372	1.315
51	Armenia	1.4269	1.2415	1.1251	1.0877	1.0939	1.1018	1.1011	1.0979	1.1092	1.105	1.1032	1.1075	1.1075	1.1043	1.1083	1.1122
31	Azerbaijan	1.5106	1.3008	1.1747	1.1298	1.125	1.1333	1.1318	1.137	1.1334	1.1319	1.132	1.1336	1.138	1.1415	1.1367	1.136
48	Bahrain	1.6483	1.4148	1.27	1.2023	1.1903	1.1819	1.1758	1.1775	1.1722	1.1673	1.1618	1.1596	1.1513	1.1488	1.1563	1.1606
196	Cyprus	1.166	0.9936	0.9046	0.8934	0.9144	0.9378	0.9533	0.9644	0.9757	0.9874	1.0023	1.014	1.0274	1.0361	1.0403	1.052
268	Georgia	1.892	1.6645	1.4972	1.4165	1.3828	1.3591	1.3336	1.3156	1.3047	1.2806	1.2654	1.2568	1.2532	1.2466	1.2375	1.2327
368	Iraq	3.291	2.8733	2.5681	2.3594	2.2244	2.1167	2.0152	1.9273	1.823	1.7523	1.6893	1.6231	1.568	1.5259	1.4848	1.4469
376	Israel	2.7991	2.4842	2.2611	2.1227	2.0379	1.9492	1.8694	1.7856	1.7154	1.6599	1.6119	1.5606	1.5193	1.482	1.4571	1.4312
400	Jordan	2.6352	2.2653	1.9829	1.8132	1.6952	1.5885	1.5179	1.4682	1.4145	1.3841	1.3585	1.3302	1.3121	1.2892	1.2769	1.2629
414	Kuwait	1.9407	1.6572	1.4714	1.389	1.3552	1.3287	1.3093	1.291	1.2694	1.2624	1.2489	1.2329	1.2292	1.2247	1.2231	1.2139
422	Lebanon	1.9273	1.6627	1.4878	1.4014	1.3615	1.3334	1.3095	1.2843	1.2657	1.2575	1.24	1.2305	1.2258	1.2213	1.22	1.2113
512	Oman	2.4202	2.0064	1.733	1.5769	1.4951	1.4403	1.3964	1.3777	1.3506	1.3207	1.3048	1.2923	1.283	1.2699	1.2656	1.2566
634	Qatar	1.6363	1.3968	1.2502	1.1909	1.1701	1.1654	1.1647	1.1663	1.1604	1.1527	1.1508	1.1423	1.1415	1.1496	1.1515	1.1542
682	Saudi Arabia	2.2418	1.8984	1.654	1.5262	1.4585	1.412	1.3699	1.3449	1.3184	1.2961	1.2838	1.2628	1.2559	1.2518	1.2379	1.2333
275	State of Palestine	3.2863	2.816	2.4582	2.229	2.0842	1.9577	1.8415	1.7412	1.6534	1.5766	1.5307	1.4826	1.4441	1.4068	1.3823	1.3612
760	Syrian Arab Republic	2.5504	2.1808	1.9164	1.7406	1.6415	1.5633	1.5027	1.4491	1.4118	1.3745	1.3539	1.3244	1.3065	1.2849	1.2708	1.261
792	Türkiye	1.7301	1.4902	1.3361	1.2699	1.2565	1.2452	1.2336	1.215	1.209	1.1955	1.186	1.1808	1.1801	1.1807	1.1815	1.1774
784	United Arab Emirates	1.2952	1.0978	0.9925	0.9664	0.9753	0.9863	1.0006	1.018	1.0286	1.0396	1.051	1.0596	1.0648	1.0708	1.0771	1.0772
887	Yemen	3.5656	3.0229	2.6303	2.351	2.1653	1.9947	1.8594	1.752	1.6601	1.5752	1.5131	1.4626	1.4226	1.3945	1.3632	1.3323
908	Europe	1.345	1.2008	1.1129	1.0905	1.105	1.1198	1.1315	1.1389	1.1459	1.1516	1.1571	1.1605	1.1633	1.1667	1.1702	1.1723
923	Eastern Europe	1.348	1.2131	1.1268	1.1108	1.1288	1.1508	1.1699	1.181	1.1865	1.1933	1.2003	1.2024	1.2086	1.2159	1.2222	1.2222
112	Belarus	1.3463	1.2083	1.1235	1.1088	1.1276	1.1508	1.1645	1.1799	1.1833	1.1906	1.1994	1.2077	1.2173	1.2113	1.2148	1.2211
100	Bulgaria	1.4418	1.2676	1.1627	1.1322	1.1392	1.1478	1.1542	1.1505	1.1516	1.1576	1.1616	1.1679	1.1646	1.1623	1.1639	1.1676
203	Czechia	1.5501	1.3647	1.2484	1.2106	1.2153	1.2181	1.2131	1.2183	1.2184	1.2147	1.2151	1.2153	1.219	1.2192	1.2176	1.2169
348	Hungary	1.4266	1.2479	1.1395	1.1061	1.1196	1.1245	1.1295	1.1372	1.1406	1.1377	1.1435	1.1498	1.1502	1.152	1.1515	1.1511
616	Poland	1.3107	1.1512	1.0521	1.0235	1.0373	1.0545	1.0596	1.0671	1.0695	1.076	1.0848	1.0867	1.0943	1.092	1.0968	1.0992
498	Republic of Moldova	1.6387	1.4458	1.3129	1.2627	1.2551	1.2543	1.255	1.2506	1.2497	1.2424	1.2398	1.2384	1.232	1.2384	1.2459	1.2468
642	Romania	1.593	1.3905	1.2555	1.2107	1.2104	1.204	1.2124	1.2073	1.2078	1.2092	1.2099	1.2089	1.2117	1.21	1.203	1.2072
643	Russian Federation	1.3604	1.2348	1.1612	1.1562	1.1776	1.2006	1.2242	1.2357	1.2394	1.2465	1.2519	1.2522	1.2572	1.2666	1.2732	1.2692
703	Slovakia	1.4199	1.246	1.1414	1.1116	1.1254	1.138	1.1432	1.1429	1.1437	1.1474	1.1514	1.1527	1.1517	1.158	1.1608	1.1669
804	Ukraine	1.1176	0.9904	0.9141	0.9145	0.9428	0.9734	0.9958	1.01	1.0236	1.0338	1.0488	1.0522	1.0595	1.0656	1.0727	1.0743
924	Northern Europe	1.4368	1.2607	1.1529	1.124	1.1353	1.1443	1.1539	1.1588	1.1643	1.1668	1.1724	1.1717	1.17	1.1717	1.1744	1.1749
208	Denmark	1.5644	1.3833	1.2607	1.2195	1.2209	1.2171	1.2157	1.2187	1.2269	1.2288	1.226	1.2286	1.2284	1.2317	1.2316	1.2328
233	Estonia	1.5261	1.3318	1.2114	1.1741	1.1718	1.1692	1.1719	1.1758	1.1767	1.175	1.1725	1.1687	1.1676	1.1737	1.1702	1.1737
234	Faroe Islands	2.5879	2.2645	2.0342	1.8975	1.813	1.7379	1.6793	1.6298	1.5845	1.5396	1.5	1.475	1.433	1.4083	1.3826	1.3632
246	Finland	1.2435	1.0897	0.9946	0.9799	1.0003	1.0181	1.0323	1.0449	1.0587	1.059	1.071	1.0697	1.0779	1.0752	1.0813	1.0869
831	Guernsey	1.312	1.1491	1.0436	1.0189	1.0358	1.0475	1.0546	1.0618	1.0667	1.071	1.0734	1.0791	1.0885	1.0877	1.0886	1.0936
352	Iceland	1.5769	1.3652	1.2279	1.1817	1.1749	1.1684	1.1675	1.1602	1.1475	1.1483	1.1478	1.146	1.1393	1.1419	1.1436	1.1516
372	Ireland	1.613	1.4087	1.2759	1.2268	1.2199	1.2134	1.2107	1.2115	1.2032	1.192	1.1941	1.1897	1.1899	1.187	1.1896	1.1923
833	Isle of Man	1.4187	1.234	1.1157	1.0799	1.0761	1.0859	1.0966	1.0998	1.0989	1.0932	1.099	1.1058	1.1076	1.1143	1.1153	1.1138
832	Jersey	1.335	1.1626	1.0562	1.0333	1.0401	1.0523	1.0676	1.0772	1.0818	1.08	1.0825	1.0865	1.0926	1.0931	1.0995	1.1069
428	Latvia	1.4348	1.2515	1.1391	1.1061	1.1045	1.1108	1.1215	1.1289	1.1326	1.1264	1.1264	1.1276	1.13	1.1345	1.1366	1.1337
440	Lithuania	1.4779	1.303	1.1982	1.1715	1.1761	1.1841	1.1913	1.1911	1.191	1.1943	1.2012	1.206	1.2092	1.2089	1.2075	1.2043
578	Norway	1.3572	1.1912	1.0899	1.0707	1.0856	1.103	1.1135	1.1192	1.1177	1.1231	1.1306	1.1385	1.1394	1.1396	1.1482	1.1409
752	Sweden	1.5197	1.3383	1.2205	1.1811	1.1843	1.1911	1.1938	1.1932	1.1919	1.1899	1.1923	1.1983	1.1931	1.1893	1.1919	1.1925
826	United Kingdom	1.4167	1.2436	1.1374	1.1107	1.1266	1.137	1.1477	1.1528	1.161	1.1658	1.1732	1.1703	1.1676	1.1703	1.1723	1.1732
925	Southern Europe	1.1821	1.0223	0.9334	0.9158	0.9371	0.9599	0.9752	0.9855	0.9939	0.9986	1.0076	1.0178	1.0272	1.0329	1.0356	1.0396
8	Albania	1.2324	1.0446	0.94	0.9242	0.9446	0.9606	0.9748	0.996	1.004	1.0173	1.0281	1.0422	1.047	1.0601	1.0632	1.0694
20	Andorra	0.996	0.8381	0.7603	0.7598	0.8005	0.8341	0.8651	0.8824	0.9046	0.9189	0.9411	0.9584	0.9713	0.9878	0.997	1.0102
70	Bosnia and Herzegovina	1.1999	1.0191	0.9281	0.9071	0.9313	0.947	0.9593	0.9772	0.9936	1.0064	1.0179	1.027	1.0384	1.0488	1.0576	1.056
191	Croatia	1.3025	1.1127	1.0023	0.9761	0.9904	1.0104	1.0251	1.0442	1.0461	1.0531	1.0603	1.0643	1.0796	1.0849	1.0807	1.0922
292	Gibraltar	1.6854	1.4638	1.3186	1.2564	1.2468	1.2355	1.2185	1.2134	1.1989	1.1883	1.1921	1.1899	1.1953	1.1951	1.1985	1.1932
300	Greece	1.2231	1.0581	0.9601	0.9393	0.9509	0.9682	0.982	0.9836	0.9962	0.998	1.0038	1.0115	1.0173	1.0228	1.0296	1.0329
380	Italy	1.1388	0.9916	0.9085	0.8896	0.9103	0.9342	0.948	0.9567	0.9687	0.9738	0.9842	0.9947	1.0071	1.0115	1.0112	1.0162
412	Kosovo (under UNSC res. 1244)	1.3659	1.1722	1.0607	1.0257	1.0394	1.0461	1.0525	1.0594	1.0694	1.0741	1.0781	1.0846	1.0821	1.0877	1.0936	1.0984
470	Malta	1.048	0.9378	0.8818	0.8898	0.9251	0.9604	0.9881	1.0146	1.0264	1.0342	1.0443	1.0527	1.0556	1.0693	1.0675	1.0722
499	Montenegro	1.5329	1.3148	1.1839	1.1434	1.1393	1.1376	1.1407	1.1388	1.1416	1.1374	1.1435	1.1407	1.1456	1.1532	1.1538	1.1543
807	North Macedonia	1.2224	1.0689	0.9801	0.9688	0.9855	1.0027	1.013	1.0277	1.035	1.043	1.0479	1.0506	1.0532	1.06	1.0621	1.0688
620	Portugal	1.2238	1.047	0.9507	0.9288	0.9465	0.9677	0.9774	0.9922	1.0083	1.0138	1.0215	1.0312	1.0498	1.0525	1.0529	1.0607
674	San Marino	0.9892	0.8419	0.7708	0.7686	0.7949	0.8288	0.8576	0.8878	0.9075	0.9154	0.9363	0.9598	0.9734	0.9848	0.9972	1.0039
688	Serbia	1.3792	1.2006	1.0912	1.0648	1.0741	1.0778	1.0901	1.0971	1.0956	1.1016	1.1069	1.1115	1.1127	1.1202	1.122	1.12
705	Slovenia	1.472	1.3061	1.1991	1.1681	1.1797	1.1845	1.1898	1.1875	1.1867	1.1885	1.1936	1.1956	1.1992	1.1935	1.1954	1.1989
724	Spain	1.1296	0.9862	0.9073	0.8925	0.9161	0.9427	0.9636	0.9776	0.9835	0.9891	0.9992	1.0127	1.0202	1.0292	1.0361	1.0389
926	Western Europe	1.4724	1.2966	1.1868	1.1496	1.1542	1.1556	1.157	1.1581	1.1637	1.1662	1.1645	1.1681	1.1679	1.1676	1.167	1.1688
40	Austria	1.3185	1.1582	1.0575	1.0362	1.0487	1.0646	1.0719	1.0773	1.083	1.0841	1.0911	1.0947	1.1005	1.093	1.0904	1.0962
56	Belgium	1.4351	1.2649	1.1646	1.1394	1.1497	1.1553	1.1632	1.1694	1.1663	1.1666	1.1655	1.1707	1.1736	1.1739	1.1849	1.1849
250	France	1.6376	1.4419	1.3208	1.2746	1.2801	1.2739	1.2689	1.261	1.2599	1.2591	1.2547	1.2553	1.2543	1.2574	1.2519	1.2485
276	Germany	1.3809	1.2069	1.0975	1.0612	1.0677	1.0794	1.0841	1.0849	1.0944	1.0994	1.0994	1.1087	1.1102	1.1089	1.1103	1.1157
438	Liechtenstein	1.3419	1.1652	1.0516	1.0228	1.04	1.0517	1.0619	1.0668	1.0725	1.0744	1.0842	1.0877	1.0897	1.0932	1.0949	1.0994
442	Luxembourg	1.2422	1.088	0.9961	0.9764	0.9949	1.0132	1.0282	1.0454	1.0523	1.0567	1.0669	1.0764	1.079	1.0809	1.085	1.0852
492	Monaco	1.945	1.6948	1.5257	1.4462	1.4071	1.3777	1.3573	1.3416	1.3265	1.3047	1.2891	1.2808	1.2685	1.2604	1.2487	1.245
528	Netherlands	1.4785	1.3026	1.1863	1.1513	1.1566	1.1547	1.1516	1.1591	1.1626	1.1631	1.1684	1.1727	1.1702	1.1679	1.1656	1.1691
756	Switzerland	1.3482	1.1841	1.0822	1.0558	1.0673	1.0801	1.0874	1.0931	1.0992	1.1056	1.1094	1.1209	1.1292	1.1236	1.1226	1.1258
904	Latin America and the Caribbean	1.7036	1.4709	1.3259	1.2641	1.2431	1.2342	1.2242	1.2156	1.2084	1.1973	1.191	1.1859	1.1842	1.1856	1.1834	1.1822
915	Caribbean	1.8899	1.6412	1.4876	1.4209	1.3953	1.3767	1.3539	1.3394	1.3151	1.2955	1.2838	1.2725	1.2658	1.257	1.2511	1.2377
660	Anguilla	1.1253	0.9621	0.8681	0.8567	0.8794	0.9069	0.9307	0.9422	0.9563	0.9705	0.9874	1.0026	1.015	1.0226	1.037	1.0467
28	Antigua and Barbuda	1.4259	1.2362	1.1208	1.08	1.0786	1.086	1.0906	1.0978	1.0981	1.1031	1.1104	1.1164	1.117	1.1252	1.1251	1.1294
533	Aruba	1.0624	0.8721	0.7917	0.7879	0.8207	0.8518	0.8775	0.9019	0.923	0.943	0.9616	0.9693	0.9868	1.0006	1.0097	1.0181
44	Bahamas	1.2325	1.0461	0.9481	0.9342	0.9527	0.9673	0.9821	0.9907	1.0062	1.0157	1.0296	1.0347	1.0423	1.0556	1.0555	1.0711
52	Barbados	1.4803	1.2895	1.1668	1.1265	1.1294	1.1376	1.1391	1.1378	1.1378	1.1401	1.1391	1.1327	1.1366	1.1369	1.1423	1.1406
535	Bonaire, Sint Eustatius and Saba	1.4978	1.3042	1.181	1.1306	1.1285	1.1292	1.1264	1.1302	1.1255	1.1286	1.1281	1.1217	1.126	1.1305	1.1361	1.1395
92	British Virgin Islands	0.8613	0.7288	0.6632	0.6694	0.7093	0.7506	0.7913	0.8207	0.8541	0.8772	0.9022	0.9168	0.935	0.9476	0.9572	0.9723
136	Cayman Islands	1.112	0.8948	0.8088	0.8067	0.8373	0.8597	0.8919	0.9236	0.9393	0.9506	0.9643	0.9777	0.993	1.0016	1.0072	1.0181
192	Cuba	1.3117	1.138	1.0473	1.0333	1.0491	1.0624	1.0756	1.0911	1.0913	1.0889	1.0963	1.0985	1.1029	1.1118	1.1106	1.1087
531	Curaçao	1.4952	1.2971	1.1741	1.1373	1.1355	1.1359	1.1405	1.1385	1.1417	1.1398	1.1422	1.1444	1.1429	1.1352	1.1378	1.1415
212	Dominica	1.4383	1.2469	1.123	1.084	1.0873	1.0889	1.0965	1.0999	1.1004	1.1036	1.1045	1.1049	1.1153	1.1231	1.1253	1.1296
214	Dominican Republic	2.0941	1.7878	1.5782	1.4685	1.4141	1.3757	1.3429	1.3221	1.3018	1.2799	1.2693	1.2615	1.2523	1.2422	1.2384	1.228
308	Grenada	1.8346	1.5717	1.4056	1.3386	1.3096	1.2915	1.2739	1.2606	1.2419	1.2333	1.2238	1.2146	1.2081	1.2027	1.2001	1.1959
312	Guadeloupe	1.8854	1.6353	1.4779	1.4056	1.3718	1.3452	1.325	1.3087	1.2961	1.283	1.2739	1.264	1.2597	1.2566	1.2603	1.2463
332	Haiti	2.6238	2.2496	1.9948	1.8407	1.7346	1.6559	1.5854	1.5366	1.4755	1.4324	1.3988	1.3674	1.3488	1.328	1.3139	1.2906
388	Jamaica	1.1952	1.0122	0.9165	0.8993	0.9225	0.9386	0.958	0.9709	0.9848	0.9989	1.0114	1.02	1.0334	1.0439	1.0545	1.0589
474	Martinique	1.757	1.5238	1.3741	1.3122	1.2908	1.2777	1.2549	1.2504	1.2489	1.2371	1.2293	1.2231	1.2191	1.2185	1.2111	1.2139
500	Montserrat	1.4176	1.2111	1.0908	1.0547	1.0562	1.0649	1.0731	1.0818	1.0888	1.0936	1.0981	1.1039	1.1099	1.1082	1.1141	1.1164
630	Puerto Rico	1.1358	0.961	0.8707	0.8623	0.8808	0.91	0.9286	0.9492	0.9589	0.9802	0.9871	1.0025	1.0157	1.0156	1.0262	1.0373
652	Saint Barthélemy	0.8698	0.7386	0.6736	0.6753	0.7175	0.7564	0.7908	0.8213	0.8433	0.8612	0.8847	0.9045	0.9212	0.942	0.9666	0.9833
659	Saint Kitts and Nevis	1.3695	1.1626	1.0488	1.0208	1.0331	1.0431	1.0491	1.0581	1.0585	1.062	1.0723	1.0772	1.0804	1.0908	1.0954	1.1008
662	Saint Lucia	1.2412	1.0518	0.9492	0.9282	0.9445	0.9606	0.9805	0.9917	1.0071	1.0239	1.0395	1.048	1.0599	1.0674	1.0661	1.0766
663	Saint Martin (French part)	2.2382	1.9176	1.7038	1.5929	1.5373	1.495	1.4606	1.4231	1.3878	1.367	1.3511	1.3281	1.3085	1.299	1.2973	1.2838
670	Saint Vincent and the Grenadines	1.6319	1.4027	1.2574	1.2044	1.1986	1.1938	1.1871	1.187	1.1833	1.1768	1.1764	1.1726	1.1669	1.1647	1.1669	1.166
534	Sint Maarten (Dutch part)	1.4233	1.2244	1.1085	1.0734	1.0771	1.0852	1.0927	1.0954	1.0938	1.1027	1.1099	1.1114	1.1137	1.1161	1.1181	1.1232
780	Trinidad and Tobago	1.4636	1.2621	1.1387	1.0965	1.096	1.1004	1.1	1.1034	1.1075	1.1105	1.1196	1.1265	1.1251	1.1266	1.1332	1.1357
796	Turks and Caicos Islands	1.5062	1.2889	1.1576	1.1165	1.1117	1.1147	1.1148	1.1176	1.1196	1.1203	1.1245	1.1247	1.1228	1.1219	1.1254	1.1295
850	United States Virgin Islands	1.9667	1.7088	1.5229	1.4358	1.404	1.3698	1.3438	1.3304	1.31	1.2962	1.2866	1.2743	1.2553	1.2485	1.2485	1.2388
916	Central America	1.778	1.5107	1.3561	1.2885	1.2638	1.2465	1.2354	1.2223	1.2126	1.1999	1.1978	1.1923	1.192	1.1904	1.1875	1.1846
84	Belize	1.8363	1.5841	1.4213	1.3435	1.3156	1.2919	1.2722	1.2503	1.2329	1.2184	1.213	1.2078	1.2056	1.1985	1.1972	1.1864
188	Costa Rica	1.3771	1.1756	1.0612	1.0241	1.027	1.0354	1.0449	1.06	1.0629	1.0745	1.0776	1.0822	1.0874	1.0922	1.1005	1.1012
222	El Salvador	1.6398	1.4035	1.2587	1.194	1.1803	1.1725	1.1666	1.1623	1.1588	1.1518	1.1511	1.154	1.1555	1.1529	1.1502	1.1611
320	Guatemala	2.215	1.8593	1.6313	1.5129	1.4436	1.387	1.3585	1.3265	1.2973	1.2713	1.2548	1.244	1.2402	1.2279	1.2232	1.2189
340	Honduras	2.1839	1.8718	1.659	1.5402	1.48	1.4259	1.3898	1.3623	1.332	1.3026	1.2801	1.2641	1.2591	1.2541	1.2501	1.2418
484	Mexico	1.6685	1.4093	1.2689	1.2123	1.196	1.187	1.1813	1.1713	1.1688	1.1609	1.165	1.1605	1.1614	1.163	1.1597	1.158
558	Nicaragua	2.1335	1.816	1.6024	1.4913	1.4318	1.3869	1.3494	1.3276	1.3019	1.274	1.263	1.255	1.2489	1.2398	1.2338	1.22
591	Panama	2.1482	1.8655	1.6685	1.5592	1.502	1.4615	1.4146	1.384	1.3516	1.3309	1.3133	1.299	1.2804	1.2676	1.2627	1.2552
931	South America	1.6501	1.4332	1.2936	1.2358	1.2184	1.215	1.2061	1.1991	1.1948	1.1863	1.18	1.176	1.1738	1.1767	1.1751	1.176
32	Argentina	1.7266	1.4963	1.3502	1.2929	1.2702	1.2546	1.2392	1.2252	1.2165	1.2109	1.1974	1.1933	1.1925	1.1918	1.1928	1.1935
68	Bolivia (Plurinational State of)	2.4325	2.11	1.8842	1.7483	1.6681	1.5991	1.5396	1.4944	1.4577	1.4142	1.3856	1.3593	1.3407	1.3284	1.3137	1.2971
76	Brazil	1.4802	1.2745	1.1505	1.1075	1.1003	1.1085	1.1057	1.1048	1.115	1.1142	1.1137	1.1133	1.1133	1.1223	1.1244	1.1339
152	Chile	1.3836	1.1917	1.0781	1.0481	1.05	1.0555	1.0583	1.0694	1.0776	1.0797	1.0841	1.0873	1.0915	1.0973	1.1017	1.1024
170	Colombia	1.5521	1.331	1.1991	1.1514	1.1376	1.1338	1.1333	1.1356	1.132	1.1314	1.1352	1.1333	1.1387	1.1389	1.1373	1.1405
218	Ecuador	1.8578	1.5956	1.4248	1.3402	1.3179	1.2937	1.2779	1.2614	1.2545	1.2339	1.2226	1.2134	1.2042	1.1974	1.2009	1.1997
238	Falkland Islands (Malvinas)	1.4355	1.2428	1.1307	1.0927	1.0947	1.105	1.1064	1.1155	1.1191	1.1199	1.1235	1.1269	1.1274	1.125	1.1267	1.1346
254	French Guiana	3.3102	2.9036	2.6161	2.4293	2.3083	2.2024	2.0998	2.0094	1.9214	1.8365	1.7774	1.7046	1.6584	1.6039	1.5673	1.5355
328	Guyana	2.2206	1.9275	1.724	1.6062	1.5499	1.4995	1.4582	1.4266	1.395	1.3679	1.3443	1.3259	1.3071	1.2918	1.2882	1.2794
600	Paraguay	2.2941	1.9977	1.7763	1.6564	1.5875	1.534	1.4789	1.439	1.4003	1.3651	1.3396	1.3312	1.3043	1.2975	1.2807	1.2721
604	Peru	2.0152	1.7252	1.5325	1.4349	1.3842	1.3491	1.3157	1.2976	1.2802	1.2727	1.2607	1.2486	1.2381	1.2362	1.226	1.2206
740	Suriname	2.1699	1.8667	1.6653	1.5491	1.4937	1.4557	1.4184	1.3868	1.3536	1.3306	1.3092	1.294	1.2851	1.2701	1.2688	1.2648
858	Uruguay	1.3325	1.1454	1.0336	1.005	1.0167	1.0276	1.0405	1.0491	1.0589	1.0645	1.0754	1.0736	1.0888	1.0918	1.0936	1.0942
862	Venezuela (Bolivarian Republic of)	2.0381	1.7641	1.57	1.4717	1.4216	1.3882	1.3492	1.324	1.2988	1.2815	1.2669	1.2535	1.2406	1.238	1.235	1.2248
905	Northern America	1.4893	1.3113	1.2056	1.1707	1.1731	1.181	1.1808	1.1849	1.1866	1.1926	1.1958	1.1958	1.1962	1.2001	1.2004	1.1991
60	Bermuda	1.2204	1.0549	0.958	0.9379	0.964	0.9799	0.99	1.0034	1.0146	1.0272	1.0461	1.0505	1.0574	1.0575	1.0618	1.0715
124	Canada	1.3151	1.1456	1.0421	1.0202	1.0304	1.041	1.0499	1.0496	1.051	1.0617	1.068	1.0653	1.0656	1.067	1.0748	1.0758
304	Greenland	1.8104	1.5745	1.4215	1.3563	1.334	1.3106	1.2918	1.2798	1.2661	1.2591	1.2529	1.2486	1.2372	1.2357	1.223	1.2166
666	Saint Pierre and Miquelon	1.4129	1.2301	1.1185	1.083	1.0856	1.0918	1.0998	1.1078	1.1057	1.1033	1.1103	1.1134	1.1152	1.1164	1.1178	1.1238
840	United States of America	1.5074	1.3279	1.2225	1.187	1.1891	1.1972	1.1962	1.2009	1.2026	1.2083	1.2117	1.2128	1.2138	1.2182	1.2175	1.2161
909	Oceania	1.9881	1.7603	1.6048	1.5337	1.5063	1.4821	1.4564	1.4324	1.404	1.3818	1.3612	1.3393	1.327	1.3093	1.2972	1.2815
927	Australia/New Zealand	1.4751	1.2941	1.1823	1.1498	1.1565	1.1604	1.1628	1.1688	1.1707	1.1756	1.1759	1.1807	1.1867	1.1865	1.186	1.1865
36	Australia	1.4472	1.2747	1.1685	1.1411	1.1498	1.1559	1.159	1.1669	1.1701	1.1769	1.1786	1.1839	1.1905	1.1908	1.1908	1.1918
554	New Zealand	1.615	1.3925	1.2528	1.1959	1.1936	1.1869	1.1841	1.1797	1.1748	1.1683	1.1599	1.16	1.162	1.1587	1.1542	1.1508
928	Melanesia	2.9837	2.5941	2.3221	2.1433	2.0174	1.9175	1.8288	1.751	1.682	1.6319	1.5906	1.5368	1.5033	1.4654	1.4441	1.4132
242	Fiji	2.305	2.0043	1.7838	1.6647	1.586	1.534	1.4945	1.4512	1.4072	1.3677	1.3519	1.3339	1.318	1.2977	1.2893	1.2728
540	New Caledonia	1.8524	1.5938	1.4246	1.3455	1.3199	1.304	1.2855	1.2731	1.2625	1.2503	1.2373	1.2254	1.2201	1.2204	1.2124	1.2048
598	Papua New Guinea	3.0069	2.6018	2.3207	2.132	1.9974	1.8916	1.7982	1.7167	1.6465	1.5978	1.5581	1.5032	1.4725	1.4346	1.4172	1.3876
90	Solomon Islands	3.7711	3.322	2.9843	2.7605	2.6004	2.4513	2.3126	2.2015	2.0906	1.9974	1.9119	1.8288	1.7561	1.7005	1.6403	1.5849
548	Vanuatu	3.5401	3.1649	2.8761	2.6833	2.5494	2.4285	2.3184	2.2141	2.1218	2.0339	1.9586	1.886	1.8105	1.7461	1.6937	1.6512
954	Micronesia	2.6221	2.2794	2.0283	1.8942	1.8138	1.7435	1.6813	1.6243	1.5756	1.531	1.4939	1.4632	1.4339	1.4101	1.3828	1.3632
316	Guam	2.3951	2.0855	1.8498	1.7256	1.6494	1.5875	1.5329	1.4907	1.453	1.4135	1.3851	1.3585	1.3415	1.3239	1.3006	1.291
296	Kiribati	3.1155	2.7633	2.4808	2.3069	2.2031	2.1004	1.9953	1.9067	1.83	1.7566	1.6884	1.6322	1.5806	1.5387	1.4961	1.4599
584	Marshall Islands	2.5341	2.1416	1.8648	1.6999	1.6104	1.5284	1.4673	1.4218	1.374	1.3397	1.3106	1.3	1.282	1.2701	1.257	1.2478
583	Micronesia (Fed. States of)	2.5228	2.1751	1.918	1.769	1.6701	1.5894	1.5335	1.4819	1.4381	1.4043	1.3745	1.3471	1.319	1.308	1.2935	1.2846
520	Nauru	3.3165	2.8965	2.5842	2.3738	2.2483	2.1325	2.0344	1.9448	1.8657	1.7761	1.7063	1.6429	1.5982	1.5596	1.5181	1.4797
580	Northern Mariana Islands	2	1.7208	1.5414	1.4538	1.4123	1.3812	1.3549	1.3341	1.3142	1.2977	1.2815	1.2724	1.2651	1.2571	1.2467	1.2409
585	Palau	2.225	1.8856	1.6632	1.5445	1.4941	1.4463	1.4139	1.385	1.3587	1.3342	1.3192	1.3099	1.2954	1.2795	1.2667	1.256
957	Polynesia	2.4711	2.2042	2.0282	1.9401	1.8951	1.8593	1.8174	1.7749	1.7304	1.6719	1.6242	1.5774	1.5365	1.4966	1.4644	1.4303
16	American Samoa	2.1064	1.8173	1.6199	1.5132	1.4605	1.4195	1.3827	1.3523	1.3273	1.3082	1.2903	1.2785	1.2683	1.2576	1.2491	1.2409
184	Cook Islands	2.0766	1.7763	1.575	1.4731	1.4203	1.3768	1.3489	1.3314	1.3127	1.2923	1.2764	1.2638	1.2503	1.2369	1.2315	1.2229
258	French Polynesia	1.5377	1.3211	1.1923	1.1429	1.1371	1.1356	1.1338	1.13	1.1371	1.1313	1.1349	1.1341	1.1344	1.1347	1.1353	1.1306
570	Niue	2.269	1.9606	1.7462	1.6227	1.5571	1.5018	1.4538	1.418	1.3868	1.3513	1.3251	1.3055	1.2906	1.2809	1.2759	1.2587
882	Samoa	3.7268	3.2943	2.9639	2.7317	2.5595	2.4229	2.2877	2.173	2.0588	1.9453	1.8568	1.7774	1.7082	1.644	1.5921	1.5442
772	Tokelau	2.521	2.145	1.8927	1.7442	1.6567	1.579	1.5252	1.4758	1.4347	1.3935	1.3697	1.3421	1.3229	1.3084	1.2898	1.2819
776	Tonga	3.0449	2.6882	2.4375	2.2776	2.1673	2.0656	1.9833	1.8871	1.8176	1.7434	1.686	1.6265	1.5706	1.5144	1.4824	1.4539
798	Tuvalu	2.985	2.6606	2.4256	2.2826	2.1867	2.0957	2.0108	1.9267	1.8451	1.7717	1.7033	1.6443	1.6052	1.5702	1.53	1.4844
876	Wallis and Futuna Islands	1.7867	1.5315	1.3774	1.3047	1.2815	1.2626	1.2451	1.2388	1.2226	1.2128	1.212	1.2057	1.1968	1.1954	1.1969	1.1939
