country_code	name	2020-2025	2025-2030	2030-2035	2035-2040	2040-2045	2045-2050	2050-2055	2055-2060	2060-2065	2065-2070	2070-2075	2075-2080	2080-2085	2085-2090	2090-2095	2095-2100
900	World	2.3609	2.3974	2.3849	2.3645	2.3596	2.3526	2.3189	2.2863	2.2485	2.2194	2.1876	2.171	2.1596	2.1504	2.1384	2.1304
1834	Sub-Saharan Africa	4.5723	4.3822	4.1261	3.8808	3.6513	3.4458	3.2603	3.0977	2.9801	2.8812	2.7768	2.6882	2.6282	2.5653	2.5121	2.4777
1833	Northern Africa and Western Asia	2.8649	2.8044	2.7134	2.6314	2.5559	2.5002	2.4612	2.4218	2.3783	2.3363	2.2957	2.2732	2.2604	2.2419	2.2256	2.2072
1831	Central and Southern Asia	2.3009	2.3461	2.3283	2.2992	2.279	2.2644	2.2482	2.2348	2.2095	2.186	2.1694	2.155	2.1422	2.1372	2.1306	2.1376
1832	Eastern and South-Eastern Asia	1.5895	1.6825	1.7294	1.7558	1.7936	1.834	1.8302	1.8236	1.8208	1.8236	1.8314	1.8462	1.854	1.8608	1.8692	1.8772
1830	Latin America and the Caribbean	1.9373	1.938	1.9396	1.9352	1.9238	1.9212	1.9176	1.9212	1.924	1.9206	1.9108	1.9134	1.918	1.9258	1.9302	1.9336
1835	Oceania (excluding Australia and New Zealand)	3.4438	3.3749	3.2467	3.135	3.0279	2.9571	2.8868	2.8179	2.7548	2.6768	2.6396	2.5726	2.5216	2.4699	2.4199	2.3857
1836	Australia/New Zealand	1.7625	1.791	1.8383	1.8683	1.8903	1.9182	1.9364	1.945	1.9492	1.9588	1.9632	1.9754	1.9738	1.9768	1.9848	1.9982
1829	Europe and Northern America	1.627	1.6734	1.726	1.7548	1.7698	1.7968	1.8132	1.833	1.8374	1.847	1.853	1.8564	1.8616	1.8756	1.8814	1.895
901	More developed regions	1.6068	1.6524	1.703	1.7336	1.7508	1.775	1.7916	1.81	1.8174	1.8268	1.8328	1.8376	1.8432	1.8594	1.8602	1.8718
902	Less developed regions	2.4714	2.5056	2.4819	2.4503	2.4372	2.4245	2.3859	2.3455	2.3015	2.2697	2.2318	2.2104	2.1966	2.1864	2.173	2.1642
941	Least developed countries	3.9357	3.8364	3.6595	3.494	3.3454	3.2169	3.0923	2.983	2.8983	2.813	2.7312	2.6412	2.5821	2.5182	2.46	2.4498
934	Less developed regions, excluding least developed countries	2.1707	2.2072	2.2034	2.1835	2.1824	2.1948	2.175	2.1528	2.1282	2.1002	2.078	2.0672	2.0654	2.0568	2.0508	2.0448
948	Less developed regions, excluding China	2.7436	2.73	2.6787	2.6215	2.5752	2.5334	2.478	2.4246	2.3775	2.3391	2.2951	2.2605	2.2398	2.225	2.2096	2.198
1636	Land-locked Developing Countries (LLDC)	3.9252	3.8011	3.5934	3.4148	3.2501	3.1087	2.9907	2.8701	2.7565	2.6803	2.6145	2.5646	2.52	2.4806	2.4471	2.4247
1637	Small Island Developing States (SIDS)	2.3892	2.3649	2.3447	2.3179	2.2807	2.2621	2.2336	2.2098	2.1826	2.1592	2.1478	2.124	2.1114	2.0904	2.094	2.0956
1503	High-income countries	1.6214	1.6662	1.71	1.737	1.7564	1.7762	1.79	1.8092	1.8152	1.8236	1.8284	1.8318	1.8348	1.8444	1.8502	1.8604
1517	Middle-income countries	2.2247	2.2558	2.2474	2.2275	2.23	2.2414	2.2184	2.1954	2.165	2.1332	2.1084	2.096	2.091	2.0834	2.0708	2.0596
1502	Upper-middle-income countries	1.6138	1.6679	1.7104	1.7432	1.7834	1.8172	1.816	1.81	1.8098	1.8108	1.8198	1.8274	1.843	1.8484	1.8562	1.8564
1501	Lower-middle-income countries	2.628	2.6184	2.5716	2.5207	2.4771	2.4523	2.4063	2.3663	2.3257	2.2831	2.2405	2.2136	2.1976	2.183	2.1638	2.1454
1500	Low-income countries	4.5669	4.3854	4.1102	3.8578	3.6476	3.4688	3.2943	3.1515	3.0474	2.9512	2.8611	2.763	2.682	2.5991	2.5517	2.5091
1518	No income group available	2.3998	2.4527	2.3904	2.3467	2.2961	2.2645	2.2445	2.2235	2.2041	2.1844	2.1832	2.1766	2.1816	2.1646	2.1738	2.1672
903	Africa	4.2977	4.1285	3.9036	3.6892	3.4876	3.3114	3.1453	3.0039	2.8946	2.8011	2.7083	2.626	2.5709	2.512	2.4651	2.4343
910	Eastern Africa	4.2494	4.0416	3.7841	3.5441	3.3323	3.1675	3.0201	2.8956	2.7752	2.672	2.5867	2.5147	2.4648	2.4156	2.3775	2.3507
108	Burundi	5.547	5.2226	4.9217	4.631	4.3803	4.1566	3.9517	3.8068	3.6722	3.4625	3.3258	3.2036	3.1307	3.0466	2.9413	2.8631
174	Comoros	4.301	4.1035	3.941	3.7727	3.653	3.4934	3.3444	3.244	3.1576	3.068	2.9823	2.9	2.8361	2.7642	2.7157	2.6598
262	Djibouti	3.272	3.1416	3.0069	2.8866	2.7692	2.6872	2.6027	2.5452	2.5008	2.4616	2.4201	2.3751	2.3548	2.3285	2.2962	2.2914
232	Eritrea	4.5732	4.1967	3.9526	3.713	3.5441	3.3848	3.2529	3.1339	3.0093	2.9203	2.8512	2.7544	2.6785	2.6258	2.5579	2.5143
231	Ethiopia	4.4634	4.1677	3.9039	3.6957	3.5173	3.3698	3.2221	3.1008	2.9866	2.8823	2.7827	2.7097	2.6535	2.6027	2.5324	2.4914
404	Kenya	3.575	3.4474	3.3113	3.1837	3.0773	2.9785	2.898	2.8068	2.7226	2.6445	2.5714	2.5062	2.4721	2.4301	2.4017	2.3579
450	Madagascar	4.2078	4.0478	3.8839	3.7345	3.5944	3.4774	3.3601	3.2657	3.1926	3.0883	3.0095	2.9319	2.8732	2.8181	2.7508	2.709
454	Malawi	4.3596	4.1434	3.9647	3.7753	3.5867	3.4601	3.3478	3.2305	3.1008	2.9918	2.9114	2.8391	2.7978	2.7364	2.6661	2.6103
480	Mauritius	1.5029	1.5919	1.6546	1.701	1.7416	1.777	1.8018	1.8247	1.8482	1.8662	1.8688	1.8842	1.9069	1.9226	1.9332	1.935
175	Mayotte	4.5724	4.4556	4.3096	4.1508	3.9928	3.8583	3.7393	3.6419	3.5012	3.3891	3.3172	3.2155	3.1565	3.0669	2.9764	2.8954
508	Mozambique	5.1168	4.8667	4.6277	4.3423	4.1075	3.8644	3.6889	3.504	3.3603	3.2242	3.1078	3.0227	2.9415	2.8945	2.8092	2.7297
638	Réunion	2.3993	2.3644	2.3235	2.2963	2.2864	2.2696	2.258	2.2526	2.2328	2.2088	2.2126	2.2232	2.2214	2.2326	2.2392	2.2332
646	Rwanda	4.1238	3.9561	3.7793	3.6159	3.4583	3.314	3.1959	3.0878	2.9747	2.8729	2.7883	2.6975	2.6497	2.5815	2.5096	2.4615
690	Seychelles	2.5601	2.4777	2.4115	2.3474	2.3114	2.292	2.2838	2.2772	2.274	2.2616	2.2752	2.2756	2.2868	2.2772	2.264	2.2458
706	Somalia	6.6092	6.3468	6.0205	5.699	5.3589	5.0686	4.7763	4.5178	4.2621	4.0508	3.8845	3.728	3.556	3.3942	3.2546	3.1754
728	South Sudan	5.2092	4.8922	4.5685	4.3001	4.07	3.8433	3.645	3.4585	3.3152	3.1931	3.0464	2.9493	2.8673	2.7922	2.7097	2.6484
800	Uganda	4.8585	4.4973	4.2225	3.9268	3.6874	3.4926	3.2912	3.1496	3.0242	2.9249	2.8321	2.7625	2.6869	2.5927	2.5413	2.4816
834	United Republic of Tanzania	5.0743	4.8677	4.6151	4.3983	4.1878	4.0216	3.865	3.7124	3.5638	3.4226	3.3152	3.2397	3.1643	3.0867	2.9974	2.9265
894	Zambia	4.7458	4.5501	4.3468	4.1786	4.0048	3.877	3.7547	3.6165	3.5075	3.3751	3.2942	3.2064	3.1078	3.0322	2.9588	2.8884
716	Zimbabwe	3.759	3.6282	3.4849	3.3344	3.2271	3.1072	3.0175	2.934	2.8618	2.786	2.7044	2.6293	2.5676	2.513	2.4586	2.419
911	Middle Africa	5.6139	5.6273	5.3857	5.1533	4.9432	4.7434	4.5356	4.3319	4.1665	3.9588	3.73	3.5181	3.3221	3.1717	3.0103	2.9031
24	Angola	5.6677	5.4647	5.1975	4.9173	4.64	4.413	4.1881	3.9985	3.8274	3.6393	3.507	3.4126	3.3072	3.1847	3.094	3.0236
120	Cameroon	4.7379	4.5363	4.3371	4.1459	3.9712	3.8135	3.6601	3.5377	3.4097	3.2904	3.1943	3.1192	3.0362	2.9542	2.8932	2.8444
140	Central African Republic	6.1212	5.8778	5.764	5.5802	5.3036	4.9874	4.6127	4.2643	3.9039	3.6528	3.4184	3.2287	3.0762	2.9432	2.8264	2.7269
148	Chad	6.9666	6.8609	6.6968	6.5073	6.2217	5.9337	5.6291	5.2513	4.9422	4.6273	4.3088	4.0822	3.839	3.6001	3.424	3.271
178	Congo	4.6251	4.4393	4.2269	4.0449	3.8862	3.7584	3.6269	3.5131	3.4014	3.3062	3.2162	3.1248	3.0599	2.995	2.9488	2.8817
180	Democratic Republic of the Congo	6.5767	6.5019	6.3992	6.2728	6.1249	5.938	5.7032	5.4266	5.1496	4.8381	4.5107	4.1251	3.8634	3.6373	3.4126	3.2294
226	Equatorial Guinea	5.0679	4.7463	4.4672	4.1379	3.8325	3.5781	3.3741	3.1903	3.0396	2.9066	2.8143	2.739	2.661	2.5958	2.5593	2.5083
266	Gabon	4.0599	3.8551	3.6367	3.473	3.3366	3.1857	3.0707	2.9803	2.909	2.849	2.7781	2.7151	2.6427	2.577	2.5302	2.4889
678	Sao Tome and Principe	4.1267	3.9429	3.7781	3.6173	3.4969	3.3701	3.2596	3.1782	3.0943	2.9973	2.9317	2.8598	2.8	2.729	2.6663	2.6252
912	Northern Africa	3.1725	3.0847	2.9782	2.8836	2.8008	2.729	2.6861	2.6391	2.5932	2.5475	2.5092	2.4822	2.4544	2.4281	2.4075	2.3886
12	Algeria	3.1057	2.9136	2.7258	2.5884	2.489	2.4099	2.3525	2.3275	2.3076	2.2876	2.2776	2.2626	2.2592	2.2598	2.265	2.2648
818	Egypt	3.1015	3.0677	2.9884	2.9085	2.85	2.7776	2.7369	2.679	2.6228	2.5871	2.5459	2.4998	2.4529	2.4354	2.4	2.3752
434	Libya	2.7758	2.5776	2.436	2.3362	2.2843	2.2545	2.2326	2.2234	2.21	2.2028	2.1952	2.181	2.1798	2.179	2.1808	2.1902
504	Morocco	2.6163	2.536	2.4565	2.3782	2.3217	2.2839	2.2486	2.2436	2.2262	2.2282	2.2218	2.2172	2.2108	2.2012	2.2062	2.1928
729	Sudan	5.0024	4.7193	4.4864	4.2676	4.1089	3.9227	3.769	3.6305	3.5096	3.4315	3.338	3.2404	3.1633	3.0775	2.9863	2.9267
788	Tunisia	2.2591	2.2241	2.2102	2.1954	2.1868	2.1822	2.179	2.1734	2.1756	2.1646	2.16	2.1592	2.1598	2.1642	2.1724	2.1758
732	Western Sahara	2.6678	2.5953	2.4946	2.4312	2.3811	2.3319	2.2862	2.2545	2.2291	2.2168	2.2156	2.2065	2.2032	2.1998	2.208	2.2042
913	Southern Africa	2.5675	2.5723	2.5055	2.4454	2.401	2.3657	2.3269	2.2978	2.278	2.2655	2.2433	2.2204	2.2006	2.194	2.1956	2.1842
72	Botswana	3.0341	2.9148	2.8194	2.7321	2.6404	2.5597	2.4883	2.4364	2.3964	2.3645	2.3358	2.3157	2.3047	2.2868	2.2822	2.272
748	Eswatini	3.2039	3.0542	2.9217	2.8088	2.7142	2.6338	2.5454	2.4908	2.4442	2.3947	2.3578	2.3242	2.3178	2.2978	2.2882	2.2771
426	Lesotho	3.3106	3.2075	3.0765	2.9844	2.9127	2.8557	2.7691	2.7176	2.6411	2.5679	2.5181	2.4825	2.4475	2.4213	2.4068	2.373
516	Namibia	3.6808	3.532	3.3938	3.2783	3.1607	3.0624	2.977	2.9009	2.8206	2.74	2.6644	2.6079	2.5643	2.5148	2.4706	2.4303
710	South Africa	2.5964	2.53	2.4694	2.4129	2.3803	2.3576	2.3257	2.3028	2.281	2.2788	2.2575	2.2358	2.2216	2.2112	2.2174	2.21
914	Western Africa	5.0536	4.8949	4.632	4.3702	4.11	3.8783	3.6538	3.445	3.2791	3.1294	3.0035	2.9098	2.8482	2.7887	2.7221	2.6636
204	Benin	5.3614	5.113	4.8661	4.674	4.4716	4.2815	4.0925	3.9018	3.7733	3.6492	3.5233	3.4282	3.33	3.2487	3.168	3.098
854	Burkina Faso	5.0693	4.7881	4.5257	4.2903	4.0963	3.9	3.716	3.5572	3.4235	3.3066	3.1928	3.0877	3.0078	2.9238	2.8546	2.7887
132	Cabo Verde	2.0797	2.0856	2.0765	2.0728	2.0728	2.0772	2.082	2.092	2.1058	2.1	2.0984	2.1002	2.1008	2.1164	2.1142	2.112
384	Côte d'Ivoire	4.6855	4.5363	4.3578	4.2101	4.0592	3.9171	3.775	3.6544	3.5725	3.4652	3.387	3.2742	3.1953	3.1133	3.0308	2.9539
270	Gambia	5.0384	4.7984	4.4997	4.2253	3.9697	3.7311	3.5127	3.3227	3.1739	3.0277	2.9128	2.7969	2.7514	2.6879	2.6211	2.5557
288	Ghana	3.8233	3.6993	3.5623	3.4365	3.3165	3.2277	3.1377	3.0625	2.9847	2.9173	2.8452	2.7754	2.738	2.7129	2.6468	2.5842
324	Guinea	4.7026	4.4611	4.2227	4.0069	3.83	3.6757	3.5311	3.3963	3.2716	3.1521	3.0545	2.9867	2.9028	2.8312	2.7667	2.7243
624	Guinea-Bissau	4.33	4.097	3.8925	3.7128	3.5585	3.4313	3.3036	3.1993	3.0729	2.955	2.8727	2.797	2.738	2.7041	2.6556	2.6056
430	Liberia	4.4245	4.2182	4.0266	3.8508	3.6902	3.5474	3.4209	3.307	3.199	3.0944	3.0297	2.9295	2.8662	2.7838	2.7404	2.7006
466	Mali	6.4304	6.2641	6.0583	5.8084	5.5549	5.2351	4.9101	4.6373	4.3379	4.0501	3.8105	3.5736	3.4029	3.2352	3.1121	3.0131
478	Mauritania	4.9775	4.7711	4.535	4.3218	4.1228	3.9255	3.755	3.5886	3.4597	3.3458	3.248	3.1613	3.0642	3.002	2.9338	2.8695
562	Niger	7.2654	7.1242	6.9482	6.76	6.5363	6.2911	5.9851	5.6128	5.265	4.9333	4.6714	4.3871	4.1427	3.9197	3.7384	3.5767
566	Nigeria	5.6541	5.418	5.1585	4.9065	4.6244	4.361	4.0891	3.8432	3.6105	3.4225	3.2534	3.1352	3.0238	2.9105	2.8244	2.7481
654	Saint Helena	1.8555	1.9005	1.9237	1.933	1.9493	1.9584	1.9685	1.9742	1.9883	1.9942	1.9976	2.0096	2.0286	2.0298	2.042	2.0408
686	Senegal	4.6808	4.5123	4.3217	4.1736	4.032	3.8748	3.7411	3.6249	3.5096	3.3882	3.2722	3.1999	3.1412	3.0639	3.0067	2.9312
694	Sierra Leone	4.3409	4.0292	3.7718	3.5431	3.3643	3.2012	3.0602	2.9581	2.8578	2.7507	2.6484	2.578	2.5116	2.4595	2.433	2.4121
768	Togo	4.6132	4.4511	4.2895	4.1263	3.9978	3.855	3.7216	3.6011	3.5056	3.4083	3.3474	3.2499	3.157	3.1018	3.0328	2.9797
935	Asia	1.9936	2.0532	2.0552	2.037	2.0507	2.0738	2.0632	2.0504	2.0382	2.0138	2.006	2.0032	2.0014	1.9976	1.9954	1.9978
5500	Central Asia	2.9517	2.9768	2.8709	2.7659	2.6962	2.6317	2.5641	2.5064	2.4472	2.3912	2.3607	2.3265	2.3202	2.2986	2.2773	2.2572
398	Kazakhstan	3.2238	3.2441	3.205	3.1385	3.0875	3.0254	2.9758	2.9148	2.8522	2.7904	2.7297	2.6774	2.6301	2.5902	2.5597	2.5246
417	Kyrgyzstan	3.1618	3.0998	3.0272	2.9569	2.885	2.8376	2.7789	2.7067	2.65	2.5904	2.555	2.4991	2.4611	2.4421	2.4169	2.384
762	Tajikistan	3.5054	3.3991	3.2972	3.1836	3.0882	3.0149	2.9521	2.8776	2.8025	2.73	2.6755	2.6248	2.5692	2.5225	2.4896	2.4488
795	Turkmenistan	2.943	2.8481	2.7572	2.6645	2.5979	2.5432	2.4946	2.4451	2.4063	2.3579	2.3335	2.307	2.304	2.2759	2.2686	2.251
860	Uzbekistan	3.0494	2.9373	2.8194	2.7215	2.6375	2.5562	2.5043	2.4402	2.3996	2.3679	2.3444	2.3101	2.2942	2.288	2.2868	2.2582
906	Eastern Asia	1.2896	1.4248	1.5098	1.569	1.6202	1.6609	1.682	1.6994	1.7122	1.7211	1.7398	1.7498	1.7537	1.7713	1.7847	1.7958
156	China	1.334	1.4346	1.5178	1.5814	1.6346	1.6806	1.7117	1.7276	1.7342	1.7405	1.7602	1.7786	1.7871	1.807	1.8211	1.8268
344	China, Hong Kong SAR	0.8837	1.0263	1.1505	1.2392	1.3162	1.3904	1.4449	1.4883	1.5453	1.5761	1.6105	1.6482	1.6703	1.6959	1.7186	1.7358
446	China, Macao SAR	1.2592	1.4051	1.5131	1.6046	1.6708	1.7197	1.7493	1.7697	1.7961	1.8163	1.8418	1.8542	1.8718	1.876	1.8886	1.906
158	China, Taiwan Province of China	1.2674	1.4073	1.5118	1.594	1.661	1.707	1.7437	1.7684	1.7952	1.8164	1.8318	1.8491	1.8663	1.8792	1.8933	1.9086
408	Dem. People's Republic of Korea	2.1342	2.1164	2.1078	2.0978	2.0798	2.0782	2.0792	2.0748	2.07	2.0668	2.0642	2.073	2.0804	2.0868	2.093	2.085
392	Japan	1.4225	1.5364	1.6105	1.6763	1.7159	1.7525	1.7804	1.805	1.8257	1.843	1.8433	1.8702	1.8854	1.9056	1.909	1.9128
496	Mongolia	2.9495	2.8021	2.6694	2.5497	2.4649	2.4182	2.3789	2.3676	2.3371	2.3102	2.2938	2.2966	2.288	2.2836	2.282	2.2895
410	Republic of Korea	0.9976	1.137	1.2564	1.3529	1.4283	1.4965	1.5572	1.5985	1.6223	1.6641	1.6979	1.7184	1.7395	1.7559	1.7734	1.7889
5501	Southern Asia	2.2809	2.3317	2.3159	2.29	2.2702	2.2606	2.2468	2.2344	2.2133	2.187	2.1756	2.1622	2.1498	2.1462	2.1398	2.1474
4	Afghanistan	5.155	4.7509	4.42	4.1263	3.8655	3.6495	3.4507	3.2787	3.1425	2.974	2.8652	2.7637	2.6825	2.6028	2.554	2.5133
50	Bangladesh	2.1116	2.1124	2.1044	2.1058	2.1076	2.1124	2.114	2.1108	2.1158	2.1284	2.1282	2.1312	2.137	2.1364	2.1412	2.1366
64	Bhutan	1.5548	1.6142	1.6613	1.7073	1.7429	1.7734	1.8024	1.8124	1.8456	1.8654	1.8766	1.8876	1.8944	1.9064	1.924	1.9244
356	India	2.179	2.1865	2.189	2.1737	2.1586	2.1602	2.1596	2.1614	2.1602	2.148	2.144	2.1448	2.1436	2.1378	2.1418	2.153
364	Iran (Islamic Republic of)	1.7945	1.8687	1.9039	1.9344	1.9502	1.979	1.9964	2.0102	2.024	2.0164	2.0298	2.0312	2.0332	2.0386	2.0556	2.0562
462	Maldives	1.8836	1.9098	1.9299	1.9559	1.9616	1.9739	1.9958	2.0036	2.0202	2.0226	2.0204	2.0184	2.0348	2.0426	2.0478	2.0492
524	Nepal	2.2586	2.2013	2.1738	2.1395	2.133	2.13	2.1094	2.1136	2.1118	2.1182	2.1328	2.1348	2.1408	2.1592	2.1692	2.168
586	Pakistan	3.8225	3.6509	3.4864	3.3434	3.2171	3.0989	3.0053	2.9182	2.8404	2.7377	2.6784	2.6054	2.5529	2.516	2.4633	2.4285
144	Sri Lanka	2.2535	2.2478	2.2171	2.2022	2.1806	2.179	2.1768	2.176	2.1594	2.1438	2.1382	2.1298	2.1344	2.124	2.1358	2.141
920	South-Eastern Asia	2.213	2.2393	2.2197	2.1963	2.1764	2.159	2.135	2.1126	2.1034	2.0964	2.0862	2.0804	2.073	2.0718	2.0794	2.072
96	Brunei Darussalam	1.9674	1.9786	1.9914	1.9924	1.9982	2.0014	2.0042	2.0088	2.017	2.0328	2.0324	2.032	2.0466	2.0594	2.0602	2.0542
116	Cambodia	2.6893	2.587	2.5083	2.4403	2.3931	2.3537	2.3062	2.2735	2.2456	2.222	2.21	2.2134	2.2128	2.2068	2.2074	2.2042
360	Indonesia	2.3972	2.3748	2.3339	2.3038	2.2934	2.2656	2.252	2.241	2.2164	2.2204	2.2104	2.214	2.1992	2.1948	2.1946	2.19
418	Lao People's Democratic Republic	2.7635	2.652	2.5502	2.4506	2.3851	2.3278	2.2969	2.2609	2.234	2.2309	2.2174	2.2238	2.2044	2.195	2.1876	2.1912
458	Malaysia	1.9705	1.9968	2.0102	1.997	2.0038	2.006	2.0228	2.0262	2.033	2.044	2.0448	2.0486	2.0518	2.058	2.0588	2.0698
104	Myanmar	2.4404	2.3875	2.3398	2.2829	2.2608	2.2508	2.2332	2.2216	2.1936	2.1752	2.166	2.1582	2.1576	2.1538	2.166	2.1724
608	Philippines	3.0886	3.0162	2.9389	2.8692	2.8067	2.7268	2.6655	2.6087	2.5619	2.4872	2.4455	2.4083	2.3741	2.3429	2.3172	2.309
702	Singapore	1.1557	1.2841	1.3726	1.4383	1.4871	1.5326	1.5702	1.6054	1.631	1.6606	1.6844	1.701	1.72	1.7384	1.7548	1.7738
764	Thailand	1.4919	1.5629	1.6158	1.6662	1.7134	1.7496	1.7708	1.7928	1.8116	1.8321	1.8554	1.8644	1.8852	1.896	1.9157	1.9316
626	Timor-Leste	3.5521	3.255	3.0303	2.8599	2.7118	2.6183	2.5126	2.4409	2.3734	2.3263	2.3074	2.2832	2.2632	2.2536	2.2502	2.2398
704	Viet Nam	2.0697	2.1049	2.1347	2.154	2.1538	2.1598	2.1714	2.1702	2.1732	2.1818	2.1898	2.2006	2.1958	2.1984	2.2022	2.209
922	Western Asia	2.6473	2.6633	2.6036	2.5266	2.4688	2.435	2.4075	2.3741	2.3134	2.2894	2.2537	2.2289	2.2162	2.204	2.1806	2.1662
51	Armenia	1.735	1.7934	1.8252	1.8412	1.8612	1.8774	1.9004	1.9246	1.9242	1.9306	1.9352	1.9424	1.956	1.958	1.953	1.9571
31	Azerbaijan	1.8669	1.902	1.9214	1.93	1.9398	1.958	1.9684	1.9932	2.0024	2.0018	2.016	2.0278	2.0326	2.0434	2.048	2.06
48	Bahrain	1.9933	2.0066	2.009	2.0184	2.0296	2.0376	2.0478	2.0609	2.0668	2.0686	2.0684	2.0762	2.0762	2.0986	2.0884	2.0984
196	Cyprus	1.4639	1.5424	1.6049	1.6565	1.6949	1.7254	1.7599	1.7936	1.817	1.8262	1.8452	1.856	1.8668	1.882	1.8958	1.9076
268	Georgia	2.216	2.2626	2.254	2.2442	2.2446	2.2456	2.2322	2.2278	2.2054	2.1938	2.1998	2.203	2.1984	2.21	2.2148	2.1972
368	Iraq	3.8042	3.6788	3.5466	3.4356	3.3361	3.266	3.179	3.1125	3.0385	2.9641	2.8846	2.8146	2.7404	2.6907	2.6449	2.5922
376	Israel	3.0946	3.1247	3.1026	3.0618	3.0291	2.984	2.9365	2.9006	2.8501	2.7959	2.7428	2.6895	2.6368	2.5983	2.5654	2.5414
400	Jordan	3.129	3.0177	2.8922	2.7863	2.6999	2.6007	2.5117	2.4477	2.3796	2.3383	2.2973	2.2733	2.263	2.248	2.2284	2.22
414	Kuwait	2.3187	2.2834	2.2386	2.2179	2.1989	2.1937	2.1874	2.1834	2.1968	2.1918	2.1844	2.188	2.1844	2.1972	2.1975	2.201
422	Lebanon	2.4514	2.3842	2.331	2.3011	2.2623	2.2273	2.207	2.1798	2.1754	2.1688	2.1578	2.1578	2.1504	2.1462	2.165	2.1568
512	Oman	2.7501	2.6286	2.5122	2.4116	2.343	2.2964	2.2744	2.2708	2.265	2.2579	2.2588	2.2533	2.2492	2.2452	2.2486	2.2524
634	Qatar	1.962	1.9736	1.9901	1.9998	2.0173	2.029	2.0341	2.0283	2.0391	2.0497	2.0517	2.0506	2.0489	2.0595	2.0639	2.0651
682	Saudi Arabia	2.6837	2.5701	2.4829	2.3989	2.3177	2.2826	2.2538	2.2329	2.2172	2.2184	2.2125	2.1942	2.191	2.1876	2.1885	2.193
275	State of Palestine	3.8323	3.6408	3.4825	3.3367	3.2171	3.1006	3.0135	2.9156	2.8141	2.7533	2.6664	2.5965	2.5466	2.4953	2.458	2.413
760	Syrian Arab Republic	3.2193	3.0364	2.9073	2.7877	2.6651	2.5842	2.4911	2.4278	2.3752	2.3204	2.2859	2.2628	2.2646	2.2626	2.257	2.2448
792	Türkiye	2.0579	2.0656	2.0768	2.0796	2.0712	2.0826	2.0816	2.0902	2.089	2.0964	2.091	2.0958	2.0922	2.0892	2.1016	2.1082
784	United Arab Emirates	1.5529	1.6358	1.6986	1.7374	1.77	1.8058	1.8353	1.8577	1.8699	1.8823	1.9003	1.9142	1.9357	1.9448	1.9532	1.9609
887	Yemen	4.566	4.1241	3.8499	3.6279	3.4107	3.2467	3.1083	3.0014	2.872	2.7598	2.6512	2.5798	2.5154	2.4513	2.4044	2.3623
908	Europe	1.5696	1.6234	1.6812	1.7136	1.7294	1.7492	1.7656	1.7848	1.7938	1.8008	1.806	1.812	1.82	1.8252	1.8298	1.8336
923	Eastern Europe	1.6296	1.6799	1.7481	1.785	1.809	1.8366	1.8629	1.8818	1.893	1.9056	1.9202	1.9156	1.9314	1.9348	1.9414	1.941
112	Belarus	1.6318	1.7443	1.8157	1.8702	1.9094	1.9372	1.9542	1.9686	1.9794	1.9822	1.9912	2.0072	2.0208	2.0122	2.0238	2.0362
100	Bulgaria	1.7065	1.7842	1.8355	1.8623	1.8937	1.9139	1.9343	1.9539	1.9668	1.9742	1.978	1.972	1.9807	1.9932	2.0084	2.0044
203	Czechia	1.8014	1.8822	1.9252	1.957	1.971	1.9962	2.0012	2.0134	2.0252	2.0244	2.0322	2.0366	2.0348	2.0294	2.0388	2.03
348	Hungary	1.6576	1.7611	1.8145	1.8533	1.8852	1.9124	1.923	1.939	1.9564	1.9668	1.9802	1.985	1.986	1.989	1.9858	1.9872
616	Poland	1.5838	1.6731	1.7358	1.7764	1.8099	1.8406	1.859	1.8793	1.8988	1.902	1.9154	1.9241	1.9365	1.9402	1.9516	1.9562
498	Republic of Moldova	1.9	1.9656	1.9816	1.9976	2.0192	2.0232	2.0338	2.0376	2.0362	2.0422	2.0442	2.0508	2.0532	2.0504	2.0524	2.0542
642	Romania	1.865	1.9222	1.9376	1.9526	1.9718	1.9864	1.9926	1.9972	1.9994	2.019	2.026	2.0332	2.0214	2.0202	2.0226	2.0238
643	Russian Federation	1.6257	1.7573	1.8472	1.8992	1.9386	1.965	1.9908	2.0188	2.0294	2.0432	2.0512	2.0522	2.0594	2.0696	2.0784	2.075
703	Slovakia	1.6891	1.7752	1.8236	1.8712	1.903	1.9268	1.9476	1.9648	1.9804	1.9882	1.9958	1.9932	2.0048	1.9998	2.0116	2.0088
804	Ukraine	1.3834	1.5226	1.6063	1.6577	1.7115	1.7505	1.7865	1.8179	1.8369	1.8481	1.8701	1.8764	1.885	1.8948	1.9152	1.9292
924	Northern Europe	1.6946	1.7333	1.7764	1.8092	1.832	1.8542	1.8682	1.8866	1.8968	1.9014	1.9086	1.9138	1.9192	1.9222	1.9362	1.942
208	Denmark	1.8139	1.8941	1.9379	1.9636	1.9804	2.0042	2.0144	2.0256	2.0368	2.0322	2.0386	2.0522	2.0508	2.0578	2.0538	2.0554
233	Estonia	1.7965	1.8621	1.8972	1.9178	1.9264	1.9402	1.9624	1.9744	1.9744	1.982	1.9794	1.9894	1.9858	1.9978	2.013	2.0084
234	Faroe Islands	2.9413	2.9184	2.8862	2.8297	2.7907	2.7509	2.7005	2.6575	2.6247	2.5666	2.5436	2.5098	2.472	2.4478	2.4278	2.4076
246	Finland	1.4943	1.6123	1.6888	1.7436	1.7726	1.8052	1.8298	1.8456	1.8638	1.884	1.8934	1.9016	1.903	1.9172	1.9242	1.9246
831	Guernsey	1.6024	1.6763	1.7284	1.7616	1.798	1.827	1.8508	1.8676	1.8808	1.8848	1.8944	1.8998	1.9178	1.9398	1.946	1.9398
352	Iceland	1.8869	1.9325	1.963	1.9736	1.9934	1.9952	2.0058	2.0282	2.0332	2.0322	2.0464	2.0564	2.0556	2.062	2.0708	2.0724
372	Ireland	1.8822	1.9369	1.9631	1.9862	2.0052	2.0178	2.0202	2.025	2.0326	2.0332	2.0368	2.047	2.047	2.048	2.0394	2.0408
833	Isle of Man	1.7215	1.7811	1.8256	1.859	1.886	1.9002	1.9158	1.9244	1.9256	1.9452	1.9628	1.9784	1.9858	1.9986	1.9972	2.0082
832	Jersey	1.6108	1.688	1.737	1.7753	1.8053	1.845	1.859	1.8771	1.8888	1.891	1.9078	1.9206	1.9366	1.9398	1.957	1.965
428	Latvia	1.6736	1.7711	1.8201	1.8567	1.8925	1.9194	1.9331	1.951	1.9692	1.9674	1.9803	1.9938	2.0036	2.0154	2.0284	2.0324
440	Lithuania	1.7445	1.8315	1.8683	1.9045	1.9361	1.9711	1.9789	1.995	2.0059	2.0161	2.0278	2.0304	2.0368	2.0378	2.0414	2.051
578	Norway	1.6146	1.7171	1.7892	1.8325	1.8546	1.8789	1.8874	1.905	1.922	1.93	1.9508	1.966	1.976	1.9864	1.9986	2.0028
752	Sweden	1.7396	1.8391	1.8919	1.9299	1.9592	1.9794	1.9912	2.005	2.0028	2.0102	2.0172	2.0212	2.0192	2.0218	2.0294	2.0402
826	United Kingdom	1.6728	1.7659	1.8243	1.865	1.8896	1.9126	1.9308	1.96	1.9708	1.9736	1.987	1.9898	1.999	2.0026	2.0158	2.0244
925	Southern Europe	1.3923	1.4709	1.5281	1.5746	1.6131	1.6448	1.6689	1.6798	1.6987	1.7137	1.7252	1.735	1.7478	1.7594	1.7614	1.7668
8	Albania	1.5722	1.624	1.6734	1.7037	1.7399	1.7703	1.7934	1.8141	1.8385	1.8587	1.8764	1.8838	1.8979	1.9064	1.925	1.9354
20	Andorra	1.2584	1.3686	1.4589	1.5317	1.589	1.6376	1.6872	1.7266	1.7444	1.7625	1.7888	1.808	1.8292	1.8488	1.8616	1.8672
70	Bosnia and Herzegovina	1.4884	1.5671	1.6221	1.6749	1.7123	1.7482	1.7709	1.8067	1.8275	1.8428	1.8701	1.8818	1.8942	1.9154	1.9326	1.9426
191	Croatia	1.5954	1.6655	1.7165	1.7529	1.7961	1.8228	1.8406	1.8556	1.8664	1.8861	1.9074	1.9165	1.9333	1.9506	1.9624	1.9582
292	Gibraltar	2.0982	2.111	2.0996	2.0932	2.085	2.0832	2.096	2.0996	2.0938	2.0996	2.1002	2.1084	2.1078	2.1142	2.1284	2.121
300	Greece	1.48	1.5795	1.6437	1.6895	1.726	1.7535	1.7825	1.804	1.8225	1.8361	1.8502	1.855	1.8754	1.888	1.9034	1.9088
380	Italy	1.3746	1.4999	1.5705	1.6326	1.6917	1.7287	1.7553	1.7733	1.7994	1.8085	1.8267	1.844	1.855	1.8654	1.8692	1.8824
412	Kosovo (under UNSC res. 1244)	1.671	1.7433	1.7842	1.8188	1.8452	1.8818	1.8904	1.8964	1.903	1.9228	1.935	1.9488	1.9523	1.9651	1.9751	1.9804
470	Malta	1.323	1.4782	1.5844	1.6584	1.715	1.7654	1.7914	1.8056	1.8266	1.8422	1.8504	1.8639	1.8794	1.8784	1.8898	1.9054
499	Montenegro	1.7976	1.8656	1.8942	1.917	1.9322	1.948	1.972	1.9802	1.9844	2.0018	2.0098	2.012	2.0224	2.0308	2.035	2.0416
807	North Macedonia	1.4923	1.5956	1.6614	1.713	1.7528	1.7809	1.8101	1.8334	1.8491	1.8606	1.8673	1.8808	1.8831	1.8878	1.8952	1.8984
620	Portugal	1.4787	1.5715	1.6406	1.6942	1.7311	1.7737	1.8043	1.8306	1.8516	1.8546	1.8707	1.8901	1.9028	1.9262	1.9416	1.9466
674	San Marino	1.2873	1.3932	1.4754	1.5406	1.6016	1.649	1.6861	1.7261	1.7546	1.7772	1.7988	1.8142	1.841	1.843	1.8564	1.8762
688	Serbia	1.6494	1.7225	1.7767	1.8141	1.8351	1.8641	1.8741	1.8953	1.9074	1.9175	1.9288	1.9358	1.9453	1.9524	1.967	1.9646
705	Slovenia	1.6862	1.8084	1.86	1.899	1.934	1.9552	1.9662	1.9764	1.9854	1.9876	1.989	2.0026	2.0018	1.9966	2.0082	2.012
724	Spain	1.3811	1.5168	1.5876	1.6458	1.6866	1.7334	1.759	1.7774	1.7993	1.8144	1.8255	1.8435	1.8576	1.8788	1.8916	1.8944
926	Western Europe	1.6741	1.7698	1.8088	1.8342	1.8486	1.859	1.8658	1.8928	1.9054	1.9132	1.9168	1.9266	1.931	1.9298	1.9312	1.9364
40	Austria	1.5346	1.6613	1.7256	1.7746	1.81	1.845	1.8642	1.8868	1.8972	1.9128	1.922	1.942	1.9414	1.946	1.9526	1.9596
56	Belgium	1.6838	1.7851	1.8377	1.8776	1.9038	1.931	1.9454	1.9608	1.9652	1.9786	1.9908	1.998	2.0016	2.003	2.0044	2.008
250	France	1.8555	1.9553	2.0006	2.0272	2.0468	2.059	2.0718	2.0718	2.0814	2.0928	2.1012	2.099	2.1034	2.1094	2.1072	2.1142
276	Germany	1.598	1.7178	1.7776	1.8146	1.837	1.8652	1.8798	1.9026	1.9296	1.9424	1.9564	1.9658	1.9784	1.9722	1.97	1.9844
438	Liechtenstein	1.6141	1.6979	1.7507	1.7902	1.8206	1.8488	1.861	1.889	1.912	1.9282	1.9466	1.9576	1.9606	1.971	1.9736	1.9836
442	Luxembourg	1.4843	1.6018	1.6784	1.7253	1.7673	1.8031	1.8263	1.8472	1.8703	1.8824	1.891	1.9022	1.9152	1.9232	1.9328	1.9446
492	Monaco	2.2659	2.2952	2.2928	2.2764	2.264	2.2584	2.2464	2.2429	2.2298	2.2282	2.225	2.2151	2.2134	2.2249	2.2239	2.214
528	Netherlands	1.7201	1.8209	1.8602	1.8904	1.9112	1.9328	1.9384	1.9534	1.967	1.9836	1.9962	2.0026	1.9972	1.985	1.9898	2.0032
756	Switzerland	1.6211	1.7102	1.7671	1.8015	1.8257	1.8606	1.8678	1.8808	1.8996	1.9106	1.9254	1.9464	1.9518	1.9548	1.948	1.9614
904	Latin America and the Caribbean	1.9373	1.938	1.9396	1.9352	1.9238	1.9212	1.9176	1.9212	1.924	1.9206	1.9108	1.9134	1.918	1.9258	1.9302	1.9336
915	Caribbean	2.1543	2.1698	2.163	2.1596	2.1566	2.1512	2.1402	2.1378	2.1302	2.1064	2.1036	2.0986	2.093	2.0834	2.0816	2.0802
660	Anguilla	1.5463	1.5985	1.644	1.6862	1.7166	1.7544	1.7782	1.7944	1.811	1.8306	1.8515	1.8642	1.8895	1.9052	1.911	1.9272
28	Antigua and Barbuda	1.6856	1.7691	1.8159	1.856	1.8834	1.8996	1.9198	1.9458	1.9614	1.9626	1.972	1.9754	1.9784	1.9922	1.995	2.0164
533	Aruba	1.3142	1.4124	1.494	1.5505	1.6023	1.6605	1.7088	1.7359	1.7619	1.7885	1.8141	1.8322	1.8378	1.8593	1.8788	1.89
44	Bahamas	1.5848	1.6416	1.6915	1.7263	1.7647	1.801	1.8196	1.8322	1.8506	1.8678	1.8838	1.9064	1.9176	1.934	1.9498	1.9544
52	Barbados	1.8402	1.8644	1.8824	1.891	1.903	1.9106	1.9244	1.9362	1.948	1.9456	1.9526	1.9546	1.9646	1.9712	1.9842	1.9998
535	Bonaire, Sint Eustatius and Saba	1.7896	1.8403	1.8734	1.8928	1.9162	1.9366	1.9608	1.9752	1.9816	1.9888	2.005	2.0102	2.0276	2.033	2.039	2.0396
92	British Virgin Islands	1.1628	1.2827	1.3804	1.4644	1.5355	1.5938	1.641	1.6618	1.6972	1.7254	1.7464	1.7644	1.7874	1.8116	1.8218	1.8316
136	Cayman Islands	1.4125	1.4611	1.5324	1.5867	1.6395	1.6859	1.716	1.754	1.7822	1.7994	1.824	1.8368	1.8494	1.8772	1.8828	1.8942
192	Cuba	1.5299	1.6508	1.7196	1.7771	1.8158	1.8477	1.8664	1.8835	1.8914	1.9026	1.9138	1.9182	1.9302	1.9401	1.9471	1.9546
531	Curaçao	1.8342	1.8784	1.9011	1.9246	1.935	1.9602	1.98	1.9876	1.993	2.0036	2.0078	2.014	2.019	2.0278	2.0416	2.0434
212	Dominica	1.8429	1.8621	1.8786	1.8884	1.8978	1.9262	1.943	1.9516	1.9614	1.9724	1.9818	1.9896	1.9978	2.0046	2.0108	2.0308
214	Dominican Republic	2.4612	2.4129	2.3632	2.3175	2.2823	2.2499	2.2272	2.2242	2.2252	2.2282	2.233	2.2132	2.2052	2.21	2.2168	2.2198
308	Grenada	2.2672	2.2421	2.2035	2.1768	2.16	2.1498	2.1482	2.138	2.1392	2.1348	2.1358	2.1424	2.141	2.1456	2.156	2.1534
312	Guadeloupe	2.2562	2.2264	2.2132	2.1972	2.2016	2.2034	2.2002	2.1904	2.1896	2.2004	2.2106	2.2062	2.2006	2.2008	2.1982	2.2062
332	Haiti	3.1421	3.0282	2.9203	2.8512	2.7535	2.6868	2.6201	2.5652	2.5158	2.4641	2.4145	2.3766	2.3451	2.3188	2.2967	2.2812
388	Jamaica	1.5198	1.5854	1.639	1.689	1.726	1.7573	1.7774	1.8057	1.8168	1.8288	1.8505	1.8675	1.891	1.9062	1.9214	1.9314
474	Martinique	2.0932	2.1036	2.1084	2.1172	2.1258	2.123	2.129	2.129	2.139	2.1352	2.1314	2.1406	2.14	2.1502	2.1672	2.1732
500	Montserrat	1.7855	1.808	1.824	1.8552	1.8792	1.9034	1.9108	1.9251	1.9316	1.9588	1.9522	1.9714	1.9854	1.9958	2.0164	2.0182
630	Puerto Rico	1.3871	1.5025	1.5845	1.6402	1.6927	1.7307	1.7541	1.7811	1.8107	1.8266	1.8408	1.86	1.8719	1.8834	1.8967	1.9126
652	Saint Barthélemy	1.179	1.3096	1.4046	1.4792	1.5389	1.5882	1.6291	1.6617	1.6952	1.7163	1.7415	1.7663	1.7828	1.8135	1.8247	1.8405
659	Saint Kitts and Nevis	1.8371	1.8222	1.8468	1.8666	1.879	1.8942	1.9006	1.9118	1.9288	1.9438	1.955	1.9528	1.9528	1.97	1.9776	1.9974
662	Saint Lucia	1.744	1.7184	1.7476	1.7688	1.7916	1.8214	1.8386	1.8646	1.8736	1.8782	1.8958	1.904	1.9152	1.9378	1.9466	1.949
663	Saint Martin (French part)	2.6119	2.5433	2.4831	2.4361	2.394	2.3658	2.3352	2.322	2.319	2.3026	2.285	2.2862	2.2798	2.2728	2.2712	2.2774
670	Saint Vincent and the Grenadines	1.9908	1.999	2.002	2.014	2.0174	2.0302	2.0374	2.0476	2.064	2.0576	2.0592	2.0714	2.0828	2.0828	2.078	2.0706
534	Sint Maarten (Dutch part)	1.8356	1.8746	1.8916	1.9088	1.9253	1.9322	1.9494	1.9548	1.9714	1.9848	1.9844	1.9958	2.0072	2.0118	2.0272	2.03
780	Trinidad and Tobago	1.9551	1.936	1.9372	1.9454	1.9544	1.972	1.9678	1.9726	1.9754	1.9826	1.9882	2.0072	2.0058	2.0244	2.0274	2.0416
796	Turks and Caicos Islands	1.8325	1.8609	1.8833	1.9005	1.9127	1.9308	1.9444	1.9662	1.98	1.9896	1.9898	1.994	2.0044	2.011	2.0134	2.0044
850	United States Virgin Islands	2.4325	2.3842	2.3483	2.3091	2.2865	2.2641	2.2488	2.2479	2.233	2.2332	2.2315	2.223	2.2182	2.2186	2.2287	2.2318
916	Central America	2.0476	2.0555	2.0446	2.0379	2.0285	2.0176	2.0184	2.018	2.0116	2.0064	2.0172	2.0186	2.023	2.032	2.0242	2.0242
84	Belize	2.1656	2.1749	2.1609	2.1449	2.139	2.1485	2.1475	2.1316	2.1372	2.1327	2.1244	2.125	2.1306	2.1308	2.1338	2.1376
188	Costa Rica	1.6718	1.7315	1.7783	1.805	1.8357	1.8606	1.875	1.8954	1.9058	1.916	1.9344	1.9574	1.9624	1.9676	1.99	1.992
222	El Salvador	2.0192	2.0152	2.0254	2.0338	2.0334	2.0232	2.0294	2.035	2.0366	2.0502	2.0576	2.059	2.0644	2.0688	2.0766	2.0946
320	Guatemala	2.5484	2.4978	2.4426	2.388	2.3448	2.313	2.2763	2.2415	2.2111	2.1877	2.1708	2.1712	2.166	2.1684	2.1602	2.1626
340	Honduras	2.6674	2.6092	2.5384	2.4828	2.4256	2.3826	2.3313	2.3155	2.2989	2.2555	2.2454	2.229	2.2176	2.221	2.2094	2.1976
484	Mexico	2.017	2.0116	2.017	2.021	2.0218	2.0278	2.0344	2.0394	2.0404	2.0408	2.0602	2.0748	2.0878	2.083	2.0976	2.0886
558	Nicaragua	2.6926	2.5591	2.4682	2.3895	2.3389	2.2979	2.2627	2.2475	2.2434	2.2207	2.2064	2.1962	2.2052	2.1978	2.1908	2.1702
591	Panama	2.5197	2.5077	2.4778	2.4304	2.3951	2.3581	2.3213	2.3051	2.2838	2.2714	2.2559	2.253	2.2464	2.2352	2.2412	2.2444
931	South America	1.8998	1.9198	1.9364	1.9402	1.9364	1.9506	1.9568	1.9566	1.962	1.9572	1.9564	1.9684	1.9668	1.9694	1.9778	1.9826
32	Argentina	2.0621	2.0892	2.0928	2.0986	2.0932	2.1016	2.1046	2.0984	2.1072	2.1068	2.1122	2.1184	2.1278	2.1212	2.1218	2.126
68	Bolivia (Plurinational State of)	2.9606	2.8757	2.8047	2.7454	2.6761	2.6139	2.5674	2.511	2.4669	2.4321	2.4081	2.3731	2.3455	2.3083	2.274	2.2724
76	Brazil	1.7417	1.8107	1.8533	1.8833	1.904	1.9222	1.935	1.958	1.9642	1.971	1.976	1.9874	1.9924	1.9928	2.0102	2.0162
152	Chile	1.7322	1.7801	1.8089	1.8236	1.8422	1.8652	1.8916	1.8962	1.9214	1.934	1.9374	1.9526	1.9598	1.976	1.995	2.0042
170	Colombia	1.8871	1.9136	1.929	1.9387	1.9578	1.969	1.9734	1.989	1.9948	2.0106	2.017	2.0266	2.0288	2.0296	2.0386	2.0392
218	Ecuador	2.208	2.1995	2.1901	2.1774	2.1629	2.1535	2.1472	2.1446	2.156	2.1528	2.1516	2.1468	2.1368	2.1334	2.1418	2.1258
238	Falkland Islands (Malvinas)	1.7967	1.8287	1.8636	1.8826	1.8982	1.9196	1.9338	1.9566	1.976	1.9882	1.9934	2.008	2.0258	2.036	2.0324	2.0462
254	French Guiana	3.7701	3.6478	3.5167	3.4198	3.3091	3.2117	3.1133	3.0445	2.9865	2.9085	2.8423	2.7856	2.7266	2.6744	2.6457	2.6111
328	Guyana	2.6619	2.6164	2.5525	2.4975	2.4549	2.4112	2.366	2.335	2.3176	2.2868	2.279	2.2738	2.2668	2.272	2.255	2.2374
600	Paraguay	2.805	2.7384	2.6893	2.6252	2.5607	2.4992	2.4531	2.4207	2.3771	2.3531	2.319	2.3038	2.2894	2.28	2.273	2.2586
604	Peru	2.4664	2.4233	2.3627	2.3205	2.2794	2.2501	2.2216	2.2066	2.2026	2.1784	2.1746	2.1606	2.1536	2.1494	2.157	2.1592
740	Suriname	2.569	2.5438	2.4881	2.4357	2.3891	2.3639	2.3333	2.303	2.2824	2.2726	2.2608	2.2434	2.2406	2.2472	2.2466	2.2472
858	Uruguay	1.6332	1.7064	1.754	1.7934	1.8242	1.8534	1.8624	1.8854	1.916	1.9334	1.949	1.9508	1.9652	1.975	1.986	1.9942
862	Venezuela (Bolivarian Republic of)	2.4999	2.4581	2.3959	2.3529	2.3039	2.2705	2.2499	2.2305	2.2117	2.1924	2.1936	2.1848	2.1902	2.1732	2.1848	2.1758
905	Northern America	1.7525	1.8238	1.8823	1.9144	1.9376	1.9632	1.9864	1.9974	2.0034	2.0102	2.0236	2.0248	2.027	2.0348	2.0522	2.0586
60	Bermuda	1.4613	1.5659	1.6351	1.6871	1.7339	1.7817	1.8108	1.8309	1.8479	1.8623	1.8803	1.9009	1.9184	1.9374	1.9454	1.9536
124	Canada	1.5856	1.6708	1.7201	1.7583	1.7863	1.8154	1.8445	1.8634	1.8736	1.8746	1.8932	1.9006	1.9107	1.9246	1.9384	1.941
304	Greenland	2.1701	2.1748	2.1764	2.1758	2.1732	2.1778	2.1854	2.1872	2.184	2.1874	2.1778	2.1812	2.1856	2.1884	2.1958	2.1902
666	Saint Pierre and Miquelon	1.7461	1.8061	1.8498	1.8724	1.902	1.919	1.9266	1.944	1.9517	1.9725	1.9812	1.983	1.988	1.9876	1.9866	2.0084
840	United States of America	1.7589	1.852	1.9117	1.9448	1.9702	1.9988	2.0218	2.0358	2.0408	2.0528	2.0652	2.0636	2.0704	2.0726	2.0854	2.0998
909	Oceania	2.3196	2.3098	2.3006	2.2815	2.271	2.2579	2.2438	2.2259	2.2086	2.183	2.1709	2.1439	2.1376	2.1156	2.1096	2.1012
927	Australia/New Zealand	1.7625	1.791	1.8383	1.8683	1.8903	1.9182	1.9364	1.945	1.9492	1.9588	1.9632	1.9754	1.9738	1.9768	1.9848	1.9982
36	Australia	1.6935	1.7951	1.8514	1.8911	1.9075	1.9493	1.963	1.9814	1.9874	1.9934	2.0024	2.0126	2.0106	2.0136	2.0184	2.0306
554	New Zealand	1.8814	1.9353	1.9691	1.9876	2.0014	2.0104	2.0174	2.027	2.0286	2.032	2.0502	2.064	2.0732	2.077	2.075	2.076
928	Melanesia	3.5135	3.443	3.3108	3.192	3.0754	3.0041	2.9284	2.8561	2.7944	2.7127	2.673	2.6064	2.5522	2.4968	2.4435	2.4109
242	Fiji	2.7779	2.735	2.6707	2.6146	2.5544	2.495	2.4309	2.4035	2.3711	2.3304	2.3076	2.2962	2.2928	2.276	2.252	2.241
540	New Caledonia	2.2569	2.2375	2.2152	2.1968	2.1699	2.1536	2.1528	2.1522	2.15	2.147	2.1576	2.1572	2.164	2.1612	2.1584	2.1674
598	Papua New Guinea	3.794	3.5502	3.4082	3.2736	3.1656	3.0811	3.0029	2.9312	2.862	2.7883	2.7423	2.6761	2.6218	2.5632	2.5102	2.4805
90	Solomon Islands	4.4302	4.2357	4.0627	3.8952	3.761	3.6277	3.5156	3.4131	3.3278	3.2389	3.1445	3.0554	2.9855	2.9303	2.8751	2.8214
548	Vanuatu	4.3091	4.103	3.9845	3.8623	3.7619	3.651	3.5725	3.4925	3.3983	3.3303	3.2772	3.2084	3.1282	3.0913	3.0176	2.9732
954	Micronesia	2.8901	2.8457	2.7512	2.6701	2.5956	2.5389	2.4843	2.4315	2.3929	2.3475	2.3224	2.2871	2.271	2.2642	2.2416	2.252
316	Guam	2.7812	2.7555	2.6974	2.6521	2.5824	2.5291	2.4749	2.4332	2.3875	2.351	2.3334	2.308	2.294	2.2902	2.2934	2.2828
296	Kiribati	3.5952	3.5325	3.4401	3.3447	3.2448	3.1777	3.1003	3.0178	2.9447	2.8796	2.8283	2.7647	2.7266	2.6841	2.6299	2.5882
584	Marshall Islands	3.14	3.0038	2.8777	2.7586	2.653	2.5639	2.5016	2.4412	2.3917	2.3555	2.3129	2.2721	2.2594	2.231	2.2184	2.2076
583	Micronesia (Fed. States of)	3.2356	3.0487	2.9369	2.825	2.7391	2.6534	2.5656	2.4877	2.4407	2.3851	2.3456	2.3103	2.2772	2.2658	2.2536	2.2448
520	Nauru	3.9121	3.7326	3.5607	3.4175	3.3108	3.2175	3.1126	3.03	2.9579	2.8786	2.8259	2.7713	2.7282	2.6994	2.6477	2.6142
580	Northern Mariana Islands	2.4488	2.3737	2.3147	2.2874	2.2604	2.2486	2.2454	2.2382	2.2346	2.2496	2.2402	2.2152	2.2112	2.2166	2.2164	2.2238
585	Palau	2.5929	2.5225	2.4366	2.3682	2.3346	2.3142	2.304	2.2964	2.273	2.2542	2.2608	2.2518	2.2538	2.2476	2.2526	2.2426
957	Polynesia	2.7574	2.7623	2.756	2.7456	2.7161	2.7029	2.6747	2.652	2.643	2.6071	2.5725	2.5253	2.4916	2.4579	2.43	2.4048
16	American Samoa	2.5023	2.4783	2.4402	2.4231	2.3855	2.3583	2.3315	2.2963	2.277	2.2634	2.2477	2.2346	2.2329	2.2171	2.2112	2.2128
184	Cook Islands	2.5006	2.4547	2.3935	2.3411	2.3166	2.2912	2.2628	2.253	2.2278	2.2172	2.2136	2.2036	2.1986	2.1876	2.18	2.1868
258	French Polynesia	1.8005	1.8619	1.8981	1.9156	1.9395	1.9658	1.9826	2	2.0072	2.0218	2.0344	2.0298	2.0444	2.0382	2.0526	2.0584
570	Niue	2.765	2.6933	2.6273	2.542	2.4848	2.4271	2.3695	2.332	2.3206	2.2927	2.2721	2.2598	2.2618	2.2496	2.2346	2.219
882	Samoa	4.2902	4.136	3.9891	3.8552	3.7032	3.5703	3.4727	3.3763	3.2709	3.1822	3.0796	3.0066	2.9238	2.8451	2.7775	2.7272
772	Tokelau	3.109	3.0177	2.8795	2.7464	2.6642	2.6037	2.5416	2.4739	2.4184	2.3908	2.3587	2.3255	2.2993	2.2964	2.2787	2.278
776	Tonga	3.6194	3.5524	3.4498	3.3534	3.2662	3.1851	3.1021	3.0471	2.9966	2.9282	2.8751	2.8204	2.7747	2.7243	2.6635	2.6203
798	Tuvalu	3.4271	3.3873	3.3434	3.2812	3.2279	3.176	3.1205	3.0533	3.0105	2.9449	2.8917	2.8333	2.8011	2.746	2.6927	2.6543
876	Wallis and Futuna Islands	2.2512	2.2092	2.1685	2.1478	2.1288	2.1218	2.1136	2.1124	2.1156	2.1192	2.1078	2.1018	2.112	2.1236	2.11	2.1238
