country_code	name	2020-2025	2025-2030	2030-2035	2035-2040	2040-2045	2045-2050	2050-2055	2055-2060	2060-2065	2065-2070	2070-2075	2075-2080	2080-2085	2085-2090	2090-2095	2095-2100
900	World	2.3206	2.2923	2.2581	2.2213	2.1966	2.1716	2.131	2.0851	2.0421	2.0024	1.9692	1.9393	1.9155	1.8912	1.8673	1.8466
1834	Sub-Saharan Africa	4.5201	4.1842	3.8666	3.5703	3.3069	3.0794	2.8796	2.7089	2.5675	2.448	2.3458	2.2575	2.1891	2.1269	2.0735	2.0276
1833	Northern Africa and Western Asia	2.7829	2.6439	2.5219	2.4145	2.3263	2.2597	2.202	2.147	2.0906	2.0399	2.0013	1.9643	1.9375	1.9126	1.8871	1.8659
1831	Central and Southern Asia	2.2324	2.1415	2.0747	2.0267	1.9923	1.9602	1.9236	1.8944	1.8677	1.8432	1.8197	1.8	1.7856	1.7756	1.7634	1.7524
1832	Eastern and South-Eastern Asia	1.5212	1.5425	1.5646	1.5737	1.5971	1.623	1.6303	1.6215	1.6187	1.6138	1.6183	1.6237	1.6283	1.6257	1.6216	1.6214
1830	Latin America and the Caribbean	1.855	1.8123	1.7873	1.7647	1.7424	1.7321	1.7214	1.7124	1.7056	1.695	1.6894	1.6843	1.682	1.6826	1.6802	1.6794
1835	Oceania (excluding Australia and New Zealand)	3.0982	2.9066	2.7599	2.627	2.5067	2.4095	2.322	2.2451	2.1775	2.1274	2.0863	2.0334	1.9997	1.9618	1.9401	1.9096
1836	Australia/New Zealand	1.6264	1.6348	1.6426	1.6498	1.6564	1.6603	1.6628	1.6688	1.6707	1.6756	1.6758	1.6806	1.6867	1.6865	1.6858	1.6862
1829	Europe and Northern America	1.5473	1.5828	1.6114	1.6242	1.6302	1.642	1.6514	1.6589	1.6634	1.6683	1.6722	1.6743	1.6771	1.6818	1.6842	1.6844
901	More developed regions	1.5294	1.566	1.5954	1.61	1.6184	1.6308	1.6406	1.6477	1.6525	1.6579	1.6626	1.6654	1.6687	1.6733	1.6759	1.6767
902	Less developed regions	2.4337	2.3903	2.3433	2.295	2.2616	2.2298	2.1824	2.13	2.0816	2.0367	1.9989	1.9652	1.9385	1.9118	1.8857	1.8632
941	Least developed countries	3.9144	3.6728	3.4519	3.2487	3.0664	2.907	2.7557	2.618	2.4963	2.3956	2.3044	2.224	2.1622	2.1045	2.0545	2.0114
934	Less developed regions, excluding least developed countries	2.119	2.0868	2.0537	2.0176	1.999	1.9862	1.9595	1.9268	1.8971	1.8671	1.8461	1.8289	1.816	1.8025	1.787	1.7739
948	Less developed regions, excluding China	2.7041	2.6122	2.5314	2.4568	2.3901	2.328	2.2622	2.2001	2.1436	2.0916	2.0455	2.0035	1.9709	1.9406	1.9124	1.8875
1636	Land-locked Developing Countries (LLDC)	3.8963	3.6056	3.3577	3.1459	2.9645	2.8046	2.6574	2.525	2.4084	2.3125	2.2274	2.1572	2.1021	2.0503	2.0058	1.9672
1637	Small Island Developing States (SIDS)	2.2642	2.1986	2.1541	2.1109	2.0685	2.0332	1.996	1.9648	1.9295	1.9021	1.8812	1.8566	1.8396	1.8204	1.8091	1.791
1503	High-income countries	1.5616	1.5809	1.6015	1.6138	1.6236	1.6341	1.6395	1.6454	1.6501	1.6541	1.6572	1.6587	1.6614	1.6648	1.6664	1.6673
1517	Middle-income countries	2.1729	2.1372	2.101	2.0664	2.0496	2.0361	2.0079	1.9727	1.9402	1.9089	1.8862	1.8669	1.8522	1.8361	1.8185	1.803
1502	Upper-middle-income countries	1.5403	1.5457	1.5649	1.5825	1.6118	1.635	1.6389	1.6337	1.6328	1.6305	1.6367	1.6411	1.6442	1.6443	1.6409	1.6414
1501	Lower-middle-income countries	2.5691	2.4699	2.3869	2.3178	2.2589	2.2036	2.1478	2.0975	2.0529	2.0098	1.9736	1.9409	1.916	1.8935	1.8718	1.8518
1500	Low-income countries	4.5414	4.176	3.847	3.5553	3.3019	3.086	2.8881	2.7156	2.5693	2.4504	2.3446	2.2535	2.183	2.1189	2.064	2.0182
1518	No income group available	2.1933	2.1086	2.0319	1.9715	1.9208	1.8883	1.8504	1.825	1.7991	1.7815	1.7669	1.7537	1.7412	1.7382	1.7352	1.7248
903	Africa	4.2434	3.9512	3.6716	3.4119	3.1795	2.9788	2.8013	2.6477	2.5185	2.4082	2.3137	2.231	2.1673	2.109	2.0585	2.0155
910	Eastern Africa	4.1606	3.7925	3.4799	3.2137	2.9896	2.8063	2.6506	2.515	2.3939	2.2958	2.2124	2.1408	2.0878	2.0393	1.9967	1.9587
108	Burundi	4.9782	4.484	4.0296	3.6553	3.3294	3.0733	2.8529	2.6735	2.526	2.4291	2.3167	2.2305	2.1664	2.0981	2.0478	2.0166
174	Comoros	3.9151	3.6164	3.3707	3.1623	2.9803	2.8256	2.6915	2.5826	2.4687	2.3652	2.2821	2.2085	2.1453	2.0886	2.0387	1.9882
262	Djibouti	2.7596	2.5636	2.416	2.2894	2.1855	2.105	2.0424	1.9918	1.9501	1.9036	1.8715	1.8465	1.8225	1.8088	1.801	1.7903
232	Eritrea	3.7859	3.4292	3.1433	2.9161	2.7349	2.5671	2.4361	2.3261	2.2306	2.155	2.0943	2.0484	1.9989	1.9609	1.9243	1.8959
231	Ethiopia	4.0632	3.6569	3.3241	3.0565	2.8586	2.6815	2.5362	2.3968	2.2798	2.186	2.1105	2.0432	1.9923	1.9503	1.9212	1.8873
404	Kenya	3.2909	3.0601	2.8706	2.698	2.5478	2.424	2.3002	2.2058	2.1125	2.0477	1.9961	1.9483	1.9172	1.8885	1.857	1.8386
450	Madagascar	3.7923	3.5061	3.2753	3.0664	2.8938	2.758	2.6401	2.5306	2.4327	2.3339	2.2637	2.186	2.116	2.0663	2.0205	1.9906
454	Malawi	3.8524	3.5206	3.2452	3.0243	2.821	2.6607	2.5195	2.4102	2.305	2.2243	2.1583	2.0871	2.0446	1.995	1.9593	1.9287
480	Mauritius	1.3983	1.4018	1.4149	1.4306	1.447	1.4617	1.4793	1.4918	1.504	1.5134	1.5269	1.5384	1.5444	1.553	1.5631	1.5638
175	Mayotte	4.3764	4.0597	3.8084	3.588	3.3854	3.2158	3.0651	2.9193	2.7943	2.6891	2.5844	2.492	2.4045	2.3216	2.244	2.1624
508	Mozambique	4.559	4.1543	3.7698	3.4315	3.1367	2.8974	2.7094	2.5562	2.4205	2.3145	2.2263	2.1583	2.1051	2.0486	2.002	1.9681
638	Réunion	2.2286	2.1223	2.0511	1.9881	1.9422	1.9117	1.8778	1.8592	1.837	1.8219	1.8	1.7864	1.7763	1.7616	1.7425	1.7439
646	Rwanda	3.7528	3.4687	3.224	3.0218	2.8307	2.6831	2.5453	2.4235	2.3108	2.216	2.1439	2.0799	2.0203	1.9761	1.9389	1.8962
690	Seychelles	2.3183	2.1906	2.0892	2.026	1.9832	1.9498	1.9177	1.8923	1.8585	1.8419	1.8256	1.8124	1.7953	1.7839	1.7731	1.7626
706	Somalia	6.2015	5.6479	5.1017	4.58	4.1114	3.7128	3.3707	3.0867	2.8494	2.6606	2.5115	2.3892	2.2905	2.2163	2.1487	2.0832
728	South Sudan	4.3484	3.8734	3.5004	3.1726	2.929	2.7326	2.5678	2.4276	2.3276	2.2401	2.1501	2.0845	2.0424	1.999	1.9579	1.9297
800	Uganda	4.4682	3.9324	3.4792	3.1465	2.8711	2.6757	2.5065	2.3785	2.2675	2.1693	2.0847	2.0309	1.9931	1.9523	1.9159	1.882
834	United Republic of Tanzania	4.6549	4.2879	3.9723	3.6689	3.3843	3.1472	2.9651	2.8056	2.6639	2.5434	2.4279	2.328	2.2645	2.2021	2.1445	2.0863
894	Zambia	4.2422	3.9111	3.6114	3.3529	3.1293	2.9649	2.8114	2.6857	2.5642	2.4712	2.3781	2.2949	2.2285	2.1687	2.0997	2.0531
716	Zimbabwe	3.439	3.2013	3.0122	2.8457	2.6968	2.5646	2.4447	2.3399	2.2405	2.1597	2.1082	2.0514	2.002	1.9671	1.9316	1.9001
911	Middle Africa	5.55	5.2084	4.8227	4.4139	4.0223	3.6789	3.3634	3.1029	2.8905	2.7206	2.5686	2.4364	2.3368	2.2498	2.1723	2.1107
24	Angola	5.2094	4.7865	4.3716	3.9769	3.6236	3.3197	3.0812	2.8793	2.6981	2.5543	2.4387	2.3303	2.2583	2.1955	2.1392	2.0876
120	Cameroon	4.3845	4.0362	3.7422	3.4896	3.272	3.0962	2.9254	2.7823	2.6661	2.5577	2.4604	2.3764	2.297	2.2339	2.1664	2.1087
140	Central African Republic	5.8911	5.4689	4.9198	4.3523	3.8359	3.3973	3.0527	2.7798	2.5621	2.4029	2.2766	2.1832	2.1082	2.0644	2.0146	1.9735
148	Chad	6.1939	5.7376	5.264	4.8174	4.3796	3.9756	3.6362	3.3296	3.0705	2.8731	2.6927	2.5489	2.4333	2.324	2.2261	2.1498
178	Congo	4.0992	3.805	3.559	3.3362	3.1563	3.0001	2.8592	2.7447	2.626	2.5271	2.4429	2.3554	2.2725	2.2145	2.1634	2.1168
180	Democratic Republic of the Congo	6.1021	5.7912	5.3818	4.9025	4.4274	4.0089	3.6059	3.2824	3.0296	2.8298	2.6484	2.4922	2.3776	2.2763	2.1893	2.123
226	Equatorial Guinea	4.1686	3.6965	3.3178	2.9997	2.7444	2.5482	2.391	2.2746	2.194	2.1075	2.0374	1.9881	1.9541	1.9217	1.8985	1.8764
266	Gabon	3.4436	3.1904	2.987	2.8092	2.6718	2.5449	2.4296	2.3434	2.2566	2.1769	2.1123	2.0483	1.9999	1.9673	1.9377	1.912
678	Sao Tome and Principe	3.7535	3.4557	3.2137	3.0154	2.8407	2.6959	2.5883	2.467	2.3635	2.2823	2.209	2.1422	2.0876	2.0298	1.994	1.9655
912	Northern Africa	3.0299	2.8469	2.6882	2.5596	2.4481	2.3692	2.3024	2.2372	2.174	2.1172	2.0721	2.0277	1.9959	1.966	1.9367	1.9154
12	Algeria	2.8276	2.5653	2.3747	2.2297	2.1204	2.0491	1.9903	1.9532	1.915	1.8881	1.8622	1.8459	1.8216	1.8027	1.7925	1.7862
818	Egypt	2.8828	2.7352	2.5994	2.4821	2.3824	2.2973	2.2152	2.1414	2.0828	2.0264	1.9889	1.9455	1.917	1.894	1.8655	1.854
434	Libya	2.4065	2.1986	2.054	1.9627	1.9078	1.8692	1.8378	1.8136	1.7945	1.7752	1.7733	1.7591	1.7467	1.7338	1.7293	1.7214
504	Morocco	2.2993	2.1684	2.0738	2.0078	1.955	1.9061	1.8813	1.8541	1.8263	1.8032	1.7833	1.7691	1.7575	1.7484	1.7498	1.7471
729	Sudan	4.3915	4.0516	3.751	3.481	3.237	3.0542	2.8963	2.749	2.6259	2.5337	2.4418	2.344	2.2708	2.205	2.1515	2.1032
788	Tunisia	2.0656	1.9862	1.9239	1.8776	1.849	1.8248	1.8052	1.7942	1.7768	1.7619	1.7498	1.7431	1.733	1.7276	1.7265	1.7193
732	Western Sahara	2.2778	2.1579	2.0703	1.994	1.9316	1.884	1.8586	1.8302	1.8013	1.7858	1.7717	1.7549	1.7518	1.7383	1.737	1.7271
913	Southern Africa	2.4225	2.2949	2.1985	2.1223	2.056	2.0021	1.9554	1.9123	1.8751	1.8477	1.8303	1.809	1.7898	1.7772	1.7593	1.7458
72	Botswana	2.7554	2.5733	2.4202	2.2993	2.201	2.1219	2.0502	1.9983	1.9414	1.9105	1.8869	1.8612	1.8355	1.8177	1.8052	1.7897
748	Eswatini	2.7946	2.6144	2.4585	2.3252	2.2165	2.1389	2.0675	2.0098	1.9539	1.912	1.8734	1.8511	1.8351	1.8158	1.798	1.7759
426	Lesotho	2.9785	2.7888	2.6352	2.5129	2.4024	2.3021	2.2164	2.1537	2.0956	2.0452	1.994	1.9523	1.9191	1.8926	1.8642	1.843
516	Namibia	3.2551	3.0441	2.8645	2.7246	2.592	2.475	2.3787	2.2914	2.2055	2.1361	2.0879	2.0336	1.9859	1.9482	1.9096	1.8762
710	South Africa	2.3452	2.2241	2.1335	2.063	2.0038	1.9558	1.914	1.8736	1.8405	1.8166	1.803	1.7844	1.7674	1.757	1.7404	1.7288
914	Western Africa	4.8951	4.5171	4.1404	3.7879	3.4819	3.2127	2.9834	2.7911	2.6429	2.5103	2.4019	2.3108	2.2372	2.1687	2.1141	2.0656
204	Benin	4.895	4.5421	4.2196	3.913	3.6694	3.4527	3.2636	3.0874	2.9448	2.8122	2.6838	2.5761	2.4795	2.3942	2.3158	2.2412
854	Burkina Faso	4.6692	4.2091	3.8069	3.4444	3.1504	2.9228	2.745	2.5807	2.4604	2.3571	2.261	2.1769	2.1168	2.0601	2.0185	1.9892
132	Cabo Verde	1.8781	1.8216	1.7914	1.7665	1.7496	1.7356	1.7223	1.7154	1.7028	1.6906	1.6873	1.6893	1.6791	1.6717	1.6753	1.6728
384	Côte d'Ivoire	4.3489	4.0493	3.7946	3.5552	3.3551	3.1876	3.0484	2.9185	2.7845	2.6646	2.5615	2.4641	2.3801	2.2979	2.2365	2.1871
270	Gambia	4.5915	4.1211	3.6716	3.2969	2.9727	2.7329	2.56	2.4171	2.3013	2.2074	2.1251	2.0635	2.0124	1.9675	1.9353	1.906
288	Ghana	3.5088	3.2678	3.0569	2.8985	2.7548	2.6213	2.5173	2.417	2.3359	2.2492	2.1828	2.1217	2.0659	2.0155	1.9773	1.948
324	Guinea	4.3071	3.9013	3.5564	3.2592	3.034	2.8401	2.6779	2.5395	2.4191	2.3242	2.2471	2.1736	2.1118	2.0531	2.0176	1.9752
624	Guinea-Bissau	3.9267	3.5797	3.2876	3.0457	2.8488	2.6898	2.5515	2.4338	2.3282	2.2527	2.1835	2.1179	2.0678	2.0217	1.9894	1.953
430	Liberia	4.0207	3.6729	3.365	3.133	2.9302	2.7591	2.6266	2.5096	2.3999	2.3188	2.2465	2.1751	2.1236	2.0651	2.019	1.9841
466	Mali	5.8713	5.432	4.9557	4.4912	4.0546	3.6655	3.3207	3.0489	2.8373	2.6465	2.4937	2.3794	2.2904	2.2028	2.1332	2.0708
478	Mauritania	4.3314	3.9841	3.671	3.4102	3.1657	2.9663	2.8159	2.6773	2.551	2.4381	2.349	2.2754	2.2084	2.1432	2.0823	2.0352
562	Niger	6.7449	6.3452	5.8792	5.4091	4.9341	4.4969	4.0802	3.7031	3.3827	3.1315	2.9042	2.7239	2.5825	2.4649	2.3575	2.2653
566	Nigeria	5.1491	4.7236	4.2734	3.8397	3.4697	3.1426	2.8749	2.6644	2.5187	2.384	2.2838	2.2015	2.1376	2.0777	2.0344	1.9955
654	Saint Helena	1.6428	1.634	1.6286	1.6311	1.6287	1.6334	1.6307	1.6273	1.6267	1.6233	1.6281	1.6297	1.6297	1.6276	1.6342	1.6368
686	Senegal	4.3181	4.0116	3.7506	3.5352	3.3347	3.1654	3.015	2.882	2.7564	2.6498	2.5472	2.4595	2.3748	2.2896	2.2153	2.1505
694	Sierra Leone	3.8837	3.4539	3.122	2.8512	2.6409	2.4886	2.3633	2.2647	2.1633	2.0938	2.043	1.991	1.9503	1.92	1.8895	1.865
768	Togo	4.1955	3.9021	3.6631	3.4555	3.2678	3.1222	2.9746	2.8449	2.7315	2.6114	2.5117	2.4149	2.3378	2.2695	2.2119	2.1492
935	Asia	1.9449	1.9168	1.8863	1.8557	1.8502	1.8543	1.8401	1.8156	1.7928	1.7725	1.7592	1.7503	1.7446	1.7369	1.7257	1.7163
5500	Central Asia	2.9298	2.7314	2.5765	2.454	2.3626	2.2876	2.216	2.1508	2.086	2.0295	1.9909	1.9581	1.9295	1.9011	1.8739	1.8523
398	Kazakhstan	3.0574	2.9205	2.7892	2.671	2.5744	2.4725	2.3945	2.3218	2.2407	2.1679	2.1199	2.0708	2.0291	1.9935	1.9521	1.9271
417	Kyrgyzstan	2.952	2.79	2.6532	2.5396	2.4392	2.35	2.2739	2.1975	2.134	2.0853	2.0368	1.9984	1.9643	1.9285	1.9012	1.8729
762	Tajikistan	3.1457	2.962	2.8057	2.6688	2.5619	2.4663	2.3674	2.2765	2.1971	2.1269	2.0724	2.0275	1.986	1.9479	1.9114	1.8869
795	Turkmenistan	2.6237	2.4718	2.3496	2.2394	2.1465	2.0677	2.0142	1.9702	1.9317	1.903	1.8782	1.8479	1.8292	1.81	1.8028	1.7953
860	Uzbekistan	2.8087	2.588	2.433	2.3077	2.2099	2.1375	2.069	2.0134	1.9641	1.9233	1.8959	1.8688	1.8407	1.8176	1.8068	1.7943
906	Eastern Asia	1.2053	1.2457	1.3002	1.3342	1.3617	1.3842	1.4059	1.4174	1.4373	1.4489	1.4607	1.4661	1.4727	1.4788	1.4857	1.4988
156	China	1.203	1.2365	1.2875	1.3229	1.3517	1.3758	1.4	1.4105	1.4276	1.4366	1.4485	1.4564	1.4659	1.472	1.4752	1.4852
344	China, Hong Kong SAR	0.7848	0.8221	0.88	0.9341	0.98	1.0261	1.0695	1.0999	1.1284	1.1583	1.1794	1.2013	1.2269	1.2517	1.2731	1.2933
446	China, Macao SAR	1.1105	1.2055	1.2854	1.3396	1.3864	1.4239	1.4496	1.4744	1.4924	1.5049	1.52	1.5296	1.5375	1.5466	1.5552	1.56
158	China, Taiwan Province of China	1.1325	1.2067	1.2641	1.3107	1.3533	1.3938	1.425	1.4498	1.4645	1.4737	1.4884	1.4969	1.5071	1.5127	1.5225	1.5279
408	Dem. People's Republic of Korea	1.7973	1.7648	1.7414	1.7231	1.7057	1.6987	1.6912	1.6867	1.6773	1.6677	1.6658	1.6595	1.6629	1.6712	1.6714	1.6759
392	Japan	1.3077	1.3497	1.3838	1.409	1.436	1.4548	1.4781	1.4861	1.4945	1.4991	1.5101	1.5158	1.5241	1.5304	1.5388	1.5481
496	Mongolia	2.7781	2.5296	2.356	2.2258	2.1357	2.0661	2.0063	1.964	1.9228	1.9001	1.8775	1.8603	1.838	1.8264	1.8113	1.8057
410	Republic of Korea	0.8833	0.9329	1.0033	1.0575	1.1045	1.1499	1.1965	1.2317	1.265	1.2974	1.3264	1.3498	1.369	1.3879	1.403	1.4257
5501	Southern Asia	2.2074	2.1212	2.0555	2.0085	1.9749	1.9453	1.9106	1.8817	1.8559	1.8329	1.8106	1.7917	1.7779	1.7685	1.757	1.7465
4	Afghanistan	4.5224	3.994	3.5704	3.2293	2.9581	2.7386	2.5598	2.4256	2.2978	2.1967	2.1033	2.0421	1.995	1.9435	1.9066	1.8872
50	Bangladesh	1.9585	1.8813	1.828	1.79	1.7654	1.758	1.7475	1.7429	1.7331	1.7221	1.7133	1.7069	1.7042	1.7006	1.7001	1.702
64	Bhutan	1.404	1.3883	1.4035	1.4273	1.4474	1.4635	1.4852	1.4994	1.5094	1.5174	1.5245	1.538	1.546	1.5529	1.5633	1.5635
356	India	2.0149	1.9408	1.8859	1.8477	1.8221	1.798	1.7738	1.7588	1.7458	1.7332	1.7205	1.7096	1.7044	1.7039	1.697	1.6906
364	Iran (Islamic Republic of)	1.6861	1.6687	1.6643	1.6609	1.6614	1.6634	1.6689	1.6667	1.6658	1.6609	1.6649	1.6617	1.6567	1.6586	1.6602	1.6612
462	Maldives	1.6819	1.6568	1.6519	1.6452	1.642	1.6439	1.6488	1.6507	1.6485	1.6419	1.639	1.6393	1.6354	1.6374	1.641	1.6434
524	Nepal	2.0095	1.9233	1.8648	1.8248	1.7988	1.7738	1.7578	1.7377	1.7331	1.7181	1.7095	1.7005	1.6963	1.6873	1.6847	1.6868
586	Pakistan	3.4128	3.1398	2.9297	2.7588	2.6077	2.4849	2.3718	2.2728	2.1889	2.1179	2.0542	2.0023	1.9606	1.9301	1.9036	1.8754
144	Sri Lanka	1.974	1.9178	1.8772	1.8422	1.8135	1.7953	1.7758	1.764	1.7527	1.7388	1.731	1.7189	1.7081	1.7109	1.7	1.6953
920	South-Eastern Asia	2.1222	2.0641	2.0171	1.974	1.9372	1.9106	1.8812	1.8523	1.8299	1.8081	1.7942	1.7821	1.7717	1.7585	1.7485	1.7391
96	Brunei Darussalam	1.7645	1.7229	1.7	1.6882	1.6751	1.6674	1.6672	1.6633	1.6643	1.6519	1.6473	1.6441	1.6464	1.6516	1.6491	1.6476
116	Cambodia	2.317	2.1845	2.0932	2.0155	1.9556	1.9137	1.8806	1.8532	1.8253	1.8071	1.7914	1.7797	1.7636	1.7529	1.742	1.7352
360	Indonesia	2.1545	2.0735	2.0047	1.9526	1.9142	1.8836	1.8504	1.8237	1.8063	1.7868	1.7759	1.7672	1.7591	1.7433	1.7353	1.7256
418	Lao People's Democratic Republic	2.4532	2.2848	2.1517	2.058	1.9785	1.9272	1.883	1.8553	1.8282	1.8091	1.7997	1.7798	1.7623	1.7524	1.7474	1.7419
458	Malaysia	1.7891	1.7461	1.725	1.7005	1.6907	1.6853	1.6774	1.6679	1.6638	1.6538	1.6525	1.6522	1.6544	1.6525	1.6527	1.6532
104	Myanmar	2.1326	2.0487	1.9797	1.9304	1.8897	1.8603	1.8298	1.8047	1.786	1.7658	1.7573	1.7436	1.7423	1.7321	1.7259	1.7164
608	Philippines	2.7212	2.5864	2.4736	2.3708	2.2721	2.1964	2.1279	2.057	2.0071	1.9609	1.9277	1.896	1.8688	1.8473	1.826	1.8104
702	Singapore	1.0302	1.0817	1.1307	1.1678	1.2042	1.2366	1.2651	1.2857	1.2919	1.3019	1.3205	1.338	1.3511	1.3571	1.362	1.3713
764	Thailand	1.3229	1.331	1.3611	1.3824	1.4083	1.4324	1.449	1.4684	1.4746	1.4848	1.501	1.5153	1.5208	1.5269	1.5341	1.5436
626	Timor-Leste	3.056	2.6932	2.4535	2.2837	2.1642	2.081	2.0141	1.9584	1.9072	1.8697	1.842	1.8295	1.8093	1.7931	1.7831	1.7683
704	Viet Nam	1.9396	1.9135	1.8908	1.8719	1.8553	1.8517	1.8415	1.8295	1.8124	1.8064	1.7994	1.7971	1.7898	1.7812	1.7749	1.772
922	Western Asia	2.5648	2.4639	2.3688	2.2715	2.2014	2.149	2.1027	2.055	2.001	1.9549	1.9234	1.8948	1.8732	1.8529	1.8307	1.8093
51	Armenia	1.5764	1.5812	1.5847	1.5877	1.5939	1.6018	1.6011	1.5979	1.6092	1.6049	1.6033	1.6075	1.6075	1.6043	1.6085	1.6122
31	Azerbaijan	1.6612	1.6409	1.6347	1.6298	1.6249	1.6333	1.6318	1.637	1.6334	1.6318	1.632	1.6335	1.6381	1.6415	1.6367	1.636
48	Bahrain	1.7995	1.7557	1.7305	1.7023	1.6903	1.6819	1.6758	1.6775	1.6722	1.6673	1.6618	1.6596	1.6513	1.6488	1.6563	1.6606
196	Cyprus	1.3168	1.3338	1.3647	1.3934	1.4144	1.4378	1.4533	1.4645	1.4757	1.4874	1.5023	1.514	1.5274	1.5361	1.5404	1.552
268	Georgia	2.0414	2.004	1.9567	1.9164	1.8827	1.859	1.8336	1.8156	1.8046	1.7805	1.7653	1.7566	1.7532	1.7465	1.7375	1.7326
368	Iraq	3.4462	3.2165	3.0302	2.8603	2.7251	2.6172	2.5155	2.4276	2.3232	2.2524	2.1894	2.1231	2.068	2.0259	1.9847	1.9469
376	Israel	2.9521	2.8258	2.7221	2.623	2.5383	2.4495	2.3697	2.2858	2.2154	2.16	2.1119	2.0607	2.0193	1.982	1.9571	1.9312
400	Jordan	2.7875	2.6063	2.444	2.3137	2.1956	2.0887	2.018	1.9683	1.9145	1.8841	1.8585	1.8302	1.8121	1.7892	1.7769	1.7629
414	Kuwait	2.0914	1.9983	1.932	1.8891	1.8552	1.8287	1.8093	1.791	1.7694	1.7624	1.7489	1.7329	1.7292	1.7247	1.7231	1.7139
422	Lebanon	2.0734	2.0006	1.9472	1.9014	1.8615	1.8333	1.8094	1.7843	1.7657	1.7575	1.7399	1.7304	1.7258	1.7214	1.72	1.7112
512	Oman	2.5747	2.3486	2.1942	2.0773	1.9953	1.9405	1.8965	1.8777	1.8507	1.8207	1.8048	1.7923	1.7829	1.7699	1.7656	1.7566
634	Qatar	1.7867	1.7379	1.7108	1.691	1.6702	1.6654	1.6646	1.6664	1.6604	1.6527	1.6508	1.6424	1.6415	1.6496	1.6515	1.6542
682	Saudi Arabia	2.3946	2.2403	2.1151	2.0264	1.9587	1.9121	1.87	1.8449	1.8184	1.7961	1.7838	1.7627	1.7559	1.7518	1.7379	1.7333
275	State of Palestine	3.4421	3.1596	2.9206	2.73	2.5849	2.4583	2.3419	2.2415	2.1536	2.0767	2.0308	1.9826	1.9441	1.9068	1.8823	1.8612
760	Syrian Arab Republic	2.7095	2.5257	2.3784	2.2411	2.1417	2.0635	2.0028	1.9492	1.9118	1.8745	1.8539	1.8243	1.8065	1.7848	1.7707	1.761
792	Türkiye	1.8811	1.8305	1.7963	1.7699	1.7565	1.7452	1.7336	1.715	1.709	1.6954	1.686	1.6808	1.6802	1.6807	1.6815	1.6774
784	United Arab Emirates	1.4472	1.4385	1.4528	1.4664	1.4752	1.4863	1.5005	1.518	1.5285	1.5396	1.551	1.5596	1.5648	1.5708	1.5771	1.5772
887	Yemen	3.722	3.3668	3.093	2.8523	2.6662	2.4954	2.3599	2.2522	2.1603	2.0753	2.0132	1.9626	1.9226	1.8945	1.8631	1.8323
908	Europe	1.4926	1.5394	1.5761	1.5948	1.6048	1.6175	1.6299	1.638	1.6448	1.6504	1.6557	1.6586	1.6614	1.6651	1.669	1.6711
923	Eastern Europe	1.4966	1.5532	1.5888	1.6111	1.6248	1.6494	1.6712	1.6814	1.6844	1.6907	1.6986	1.7012	1.7065	1.7125	1.7181	1.718
112	Belarus	1.4957	1.5479	1.5832	1.6088	1.6276	1.6508	1.6645	1.6799	1.6833	1.6906	1.6994	1.7077	1.7173	1.7113	1.7148	1.7211
100	Bulgaria	1.5897	1.6067	1.622	1.6322	1.6392	1.6479	1.6543	1.6505	1.6516	1.6577	1.6616	1.6679	1.6645	1.6624	1.6639	1.6677
203	Czechia	1.6998	1.7045	1.7082	1.7106	1.7153	1.7181	1.7131	1.7183	1.7184	1.7146	1.7151	1.7153	1.7191	1.7192	1.7176	1.7169
348	Hungary	1.5781	1.5872	1.5991	1.6062	1.6196	1.6245	1.6296	1.6372	1.6406	1.6377	1.6434	1.6499	1.6502	1.652	1.6514	1.6511
616	Poland	1.4633	1.4907	1.5117	1.5235	1.5374	1.5545	1.5596	1.5671	1.5696	1.576	1.5848	1.5868	1.5944	1.592	1.5967	1.5992
498	Republic of Moldova	1.7933	1.7851	1.7726	1.7627	1.7551	1.7543	1.7549	1.7506	1.7497	1.7424	1.7398	1.7383	1.7321	1.7384	1.7459	1.7469
642	Romania	1.7439	1.7299	1.7151	1.7106	1.7104	1.704	1.7125	1.7073	1.7078	1.7092	1.7099	1.7089	1.7117	1.7099	1.7031	1.7072
643	Russian Federation	1.5099	1.5745	1.6209	1.6563	1.6776	1.7007	1.7243	1.7358	1.7395	1.7465	1.7518	1.7522	1.7572	1.7666	1.7732	1.7692
703	Slovakia	1.5724	1.5855	1.6011	1.6116	1.6255	1.638	1.6432	1.6429	1.6437	1.6474	1.6515	1.6527	1.6518	1.658	1.6609	1.667
804	Ukraine	1.2614	1.3302	1.3737	1.4146	1.4429	1.4735	1.4958	1.5101	1.5237	1.5339	1.5489	1.5522	1.5597	1.5655	1.5727	1.5744
924	Northern Europe	1.5871	1.6006	1.613	1.624	1.6345	1.6437	1.654	1.6591	1.6642	1.6663	1.6717	1.671	1.6698	1.6718	1.6744	1.6746
208	Denmark	1.715	1.7235	1.7207	1.7195	1.7209	1.7171	1.7157	1.7187	1.7269	1.7288	1.726	1.7286	1.7284	1.7317	1.7316	1.7328
233	Estonia	1.6755	1.6712	1.671	1.6741	1.6717	1.6692	1.6719	1.6758	1.6767	1.675	1.6725	1.6687	1.6676	1.6737	1.6702	1.6737
234	Faroe Islands	2.7387	2.6047	2.4944	2.3976	2.313	2.2379	2.1793	2.1298	2.0845	2.0395	2	1.975	1.933	1.9082	1.8826	1.8631
246	Finland	1.3935	1.4295	1.4544	1.48	1.5004	1.5182	1.5323	1.5449	1.5587	1.559	1.571	1.5697	1.5779	1.5752	1.5813	1.5869
831	Guernsey	1.4624	1.4892	1.5035	1.5189	1.5358	1.5475	1.5546	1.5618	1.5667	1.571	1.5734	1.5791	1.5885	1.5877	1.5886	1.5937
352	Iceland	1.728	1.7055	1.688	1.6817	1.6749	1.6684	1.6674	1.6601	1.6475	1.6484	1.6478	1.646	1.6393	1.6419	1.6436	1.6516
372	Ireland	1.7639	1.749	1.736	1.7268	1.7199	1.7134	1.7107	1.7115	1.7031	1.692	1.6942	1.6897	1.6899	1.687	1.6896	1.6923
833	Isle of Man	1.5689	1.574	1.5756	1.5799	1.5761	1.586	1.5966	1.5998	1.5989	1.5932	1.599	1.6058	1.6076	1.6143	1.6153	1.6138
832	Jersey	1.4863	1.5032	1.5164	1.5333	1.5401	1.5523	1.5676	1.5772	1.5818	1.58	1.5824	1.5865	1.5926	1.5931	1.5995	1.6069
428	Latvia	1.5828	1.5904	1.5984	1.6062	1.6045	1.6109	1.6215	1.6289	1.6327	1.6264	1.6264	1.6275	1.63	1.6344	1.6366	1.6337
440	Lithuania	1.6259	1.6421	1.6576	1.6716	1.6761	1.6842	1.6913	1.6911	1.691	1.6944	1.7013	1.706	1.7092	1.7089	1.7075	1.7043
578	Norway	1.5079	1.5316	1.5501	1.5707	1.5856	1.603	1.6135	1.6192	1.6177	1.6231	1.6306	1.6385	1.6394	1.6396	1.6481	1.6409
752	Sweden	1.6706	1.6786	1.6806	1.6811	1.6843	1.6911	1.6938	1.6932	1.6919	1.6899	1.6923	1.6983	1.693	1.6893	1.692	1.6925
826	United Kingdom	1.567	1.5837	1.5974	1.6107	1.6266	1.637	1.6477	1.6528	1.661	1.6658	1.6732	1.6703	1.6676	1.6703	1.6723	1.6732
925	Southern Europe	1.3318	1.3616	1.3924	1.4162	1.438	1.46	1.4751	1.4857	1.4943	1.4988	1.5077	1.5184	1.5287	1.5349	1.5374	1.5409
8	Albania	1.3818	1.3842	1.3996	1.4243	1.4446	1.4607	1.4749	1.4961	1.5041	1.5175	1.5282	1.5423	1.5471	1.5603	1.5635	1.5694
20	Andorra	1.1472	1.1781	1.2203	1.2598	1.3005	1.3342	1.3652	1.3825	1.4047	1.419	1.4412	1.4585	1.4713	1.4878	1.4971	1.5102
70	Bosnia and Herzegovina	1.3482	1.3586	1.3877	1.4072	1.4314	1.447	1.4594	1.4773	1.4936	1.5065	1.5179	1.5271	1.5384	1.5489	1.5576	1.5561
191	Croatia	1.4512	1.452	1.4618	1.4762	1.4905	1.5105	1.5252	1.5443	1.5461	1.5532	1.5603	1.5643	1.5797	1.585	1.5808	1.5923
292	Gibraltar	1.8352	1.8036	1.7783	1.7563	1.7469	1.7354	1.7185	1.7134	1.6988	1.6883	1.6921	1.6899	1.6953	1.6952	1.6985	1.6931
300	Greece	1.3724	1.3976	1.4197	1.4393	1.4509	1.4682	1.482	1.4836	1.4963	1.498	1.5038	1.5116	1.5173	1.5229	1.5296	1.5329
380	Italy	1.2883	1.3312	1.3682	1.3897	1.4104	1.4342	1.448	1.4567	1.4687	1.4738	1.4843	1.4948	1.5071	1.5115	1.5112	1.5163
412	Kosovo (under UNSC res. 1244)	1.5157	1.5122	1.5206	1.5257	1.5394	1.5461	1.5525	1.5594	1.5694	1.5741	1.5781	1.5845	1.5822	1.5877	1.5937	1.5987
470	Malta	1.1989	1.2778	1.3417	1.3899	1.4252	1.4605	1.4882	1.5147	1.5264	1.5342	1.5443	1.5527	1.5557	1.5693	1.5674	1.5723
499	Montenegro	1.6826	1.6545	1.6436	1.6434	1.6393	1.6376	1.6407	1.6388	1.6416	1.6374	1.6436	1.6407	1.6456	1.6532	1.6538	1.6543
807	North Macedonia	1.3718	1.4086	1.4399	1.4689	1.4856	1.5028	1.5131	1.5277	1.535	1.543	1.5479	1.5506	1.5533	1.5599	1.5622	1.5689
620	Portugal	1.3734	1.3867	1.4104	1.4289	1.4465	1.4678	1.4775	1.4923	1.5083	1.5138	1.5216	1.5312	1.5498	1.5525	1.5529	1.5607
674	San Marino	1.1387	1.1817	1.2307	1.2687	1.295	1.3289	1.3578	1.3879	1.4076	1.4155	1.4365	1.4599	1.4734	1.4848	1.4972	1.5039
688	Serbia	1.5277	1.5398	1.5507	1.5649	1.5741	1.5778	1.5902	1.5971	1.5956	1.6017	1.6069	1.6116	1.6127	1.6203	1.622	1.62
705	Slovenia	1.6219	1.6459	1.6588	1.6681	1.6797	1.6846	1.6899	1.6875	1.6867	1.6885	1.6937	1.6956	1.6992	1.6935	1.6955	1.6989
724	Spain	1.2796	1.326	1.3671	1.3925	1.4162	1.4428	1.4637	1.4776	1.4836	1.4892	1.4992	1.5127	1.5203	1.5293	1.5361	1.5389
926	Western Europe	1.6226	1.6377	1.6489	1.6505	1.6512	1.6509	1.6548	1.659	1.6653	1.6668	1.663	1.6652	1.6658	1.6675	1.6685	1.6705
40	Austria	1.4686	1.4981	1.5174	1.5362	1.5487	1.5646	1.5719	1.5773	1.583	1.5841	1.5912	1.5947	1.6005	1.5929	1.5904	1.5963
56	Belgium	1.5854	1.6049	1.6245	1.6395	1.6497	1.6553	1.6632	1.6694	1.6663	1.6666	1.6655	1.6707	1.6736	1.674	1.685	1.6849
250	France	1.7878	1.782	1.7808	1.7746	1.7801	1.7739	1.7689	1.761	1.7599	1.7591	1.7547	1.7553	1.7543	1.7574	1.7519	1.7485
276	Germany	1.5307	1.5466	1.5573	1.5612	1.5678	1.5794	1.5841	1.5849	1.5945	1.5994	1.5994	1.6087	1.6102	1.6089	1.6103	1.6157
438	Liechtenstein	1.4928	1.5055	1.5116	1.5228	1.54	1.5517	1.5619	1.5668	1.5726	1.5744	1.5843	1.5877	1.5897	1.5932	1.5949	1.5994
442	Luxembourg	1.3937	1.4285	1.4563	1.4764	1.4949	1.5132	1.5282	1.5454	1.5523	1.5567	1.5669	1.5764	1.579	1.5809	1.585	1.5852
492	Monaco	2.0939	2.0345	1.9856	1.9462	1.9071	1.8777	1.8573	1.8416	1.8265	1.8047	1.7891	1.7808	1.7686	1.7604	1.7487	1.745
528	Netherlands	1.6288	1.6427	1.6462	1.6513	1.6566	1.6547	1.6516	1.6591	1.6626	1.6631	1.6684	1.6726	1.6702	1.6679	1.6655	1.6691
756	Switzerland	1.4989	1.5243	1.5423	1.5558	1.5673	1.5801	1.5874	1.5931	1.5992	1.6056	1.6094	1.6209	1.6292	1.6236	1.6226	1.6258
904	Latin America and the Caribbean	1.855	1.8123	1.7873	1.7647	1.7424	1.7321	1.7214	1.7124	1.7056	1.695	1.6894	1.6843	1.682	1.6826	1.6802	1.6794
915	Caribbean	2.0393	1.9789	1.9461	1.9203	1.8942	1.8723	1.8454	1.8286	1.804	1.7853	1.7743	1.7628	1.7549	1.7454	1.7397	1.7277
660	Anguilla	1.2762	1.3022	1.328	1.3567	1.3794	1.407	1.4307	1.4423	1.4565	1.4706	1.4875	1.5027	1.515	1.5228	1.537	1.5467
28	Antigua and Barbuda	1.5766	1.5764	1.5808	1.58	1.5786	1.586	1.5906	1.5979	1.5981	1.6031	1.6104	1.6164	1.617	1.6252	1.6251	1.6293
533	Aruba	1.212	1.2119	1.2515	1.2879	1.3208	1.3519	1.3775	1.4021	1.4232	1.4432	1.4616	1.4695	1.4869	1.5007	1.5098	1.518
44	Bahamas	1.3833	1.3865	1.4082	1.4342	1.4527	1.4673	1.4822	1.4907	1.5063	1.5157	1.5296	1.5348	1.5424	1.5556	1.5556	1.5711
52	Barbados	1.6303	1.6293	1.6266	1.6265	1.6295	1.6376	1.6391	1.6378	1.6378	1.6401	1.6391	1.6327	1.6366	1.6369	1.6423	1.6406
535	Bonaire, Sint Eustatius and Saba	1.6496	1.6445	1.6411	1.6306	1.6285	1.6293	1.6264	1.6302	1.6255	1.6286	1.6281	1.6216	1.626	1.6305	1.6362	1.6395
92	British Virgin Islands	1.012	1.069	1.1232	1.1694	1.2093	1.2507	1.2914	1.3207	1.3542	1.3773	1.4022	1.4169	1.435	1.4477	1.4573	1.4724
136	Cayman Islands	1.2642	1.2352	1.269	1.3067	1.3373	1.3597	1.3919	1.4236	1.4393	1.4507	1.4644	1.4777	1.493	1.5017	1.5072	1.5181
192	Cuba	1.4612	1.4777	1.507	1.5333	1.5492	1.5625	1.5757	1.5911	1.5912	1.589	1.5963	1.5985	1.6029	1.6119	1.6106	1.6087
531	Curaçao	1.6457	1.6372	1.634	1.6373	1.6355	1.6359	1.6405	1.6385	1.6417	1.6397	1.6422	1.6444	1.6429	1.6351	1.6378	1.6415
212	Dominica	1.589	1.587	1.583	1.584	1.5873	1.589	1.5965	1.5999	1.6004	1.6036	1.6045	1.6049	1.6154	1.6232	1.6254	1.6295
214	Dominican Republic	2.246	2.1285	2.0385	1.9686	1.9141	1.8757	1.8428	1.8221	1.8018	1.7798	1.7692	1.7615	1.7522	1.7422	1.7384	1.728
308	Grenada	1.9857	1.912	1.8657	1.8386	1.8096	1.7915	1.7739	1.7605	1.7419	1.7333	1.7238	1.7145	1.708	1.7027	1.7001	1.6959
312	Guadeloupe	2.0354	1.9753	1.9378	1.9055	1.8717	1.8451	1.8249	1.8087	1.796	1.783	1.7739	1.764	1.7597	1.7566	1.7602	1.7463
332	Haiti	2.7765	2.591	2.4556	2.341	2.2348	2.156	2.0854	2.0366	1.9755	1.9323	1.8988	1.8674	1.8488	1.828	1.8138	1.7905
388	Jamaica	1.3451	1.3519	1.3762	1.3994	1.4225	1.4387	1.4581	1.471	1.485	1.499	1.5116	1.5201	1.5336	1.5444	1.5548	1.5588
474	Martinique	1.9065	1.8634	1.8338	1.8121	1.7907	1.7776	1.7549	1.7504	1.7489	1.737	1.7293	1.7231	1.7191	1.7185	1.7111	1.7139
500	Montserrat	1.5663	1.551	1.5505	1.5547	1.5562	1.5649	1.5731	1.5818	1.5888	1.5936	1.5981	1.6039	1.6099	1.6083	1.6142	1.6164
630	Puerto Rico	1.2858	1.3009	1.3303	1.3625	1.3809	1.4101	1.4287	1.4493	1.459	1.4803	1.4872	1.5027	1.5158	1.5156	1.5264	1.5371
652	Saint Barthélemy	1.0208	1.0785	1.1335	1.1754	1.2176	1.2565	1.291	1.3213	1.3433	1.3614	1.3849	1.4047	1.4213	1.4421	1.4669	1.4834
659	Saint Kitts and Nevis	1.5197	1.5027	1.5087	1.5208	1.5332	1.5432	1.5491	1.5581	1.5586	1.562	1.5724	1.5772	1.5805	1.5909	1.5954	1.6008
662	Saint Lucia	1.3915	1.3918	1.4091	1.4282	1.4445	1.4607	1.4805	1.4917	1.5071	1.524	1.5396	1.5481	1.56	1.5675	1.566	1.5766
663	Saint Martin (French part)	2.3877	2.2582	2.164	2.0929	2.0373	1.9949	1.9605	1.923	1.8878	1.8669	1.851	1.8281	1.8084	1.799	1.7973	1.7837
670	Saint Vincent and the Grenadines	1.7815	1.7427	1.7173	1.7044	1.6986	1.6938	1.6871	1.687	1.6833	1.6768	1.6765	1.6726	1.6668	1.6648	1.6668	1.6659
534	Sint Maarten (Dutch part)	1.5738	1.5646	1.5685	1.5734	1.5771	1.5852	1.5928	1.5953	1.5938	1.6027	1.6099	1.6114	1.6137	1.6161	1.6181	1.6233
780	Trinidad and Tobago	1.614	1.6021	1.5985	1.5965	1.596	1.6003	1.6	1.6034	1.6075	1.6106	1.6197	1.6265	1.6251	1.6267	1.6332	1.6357
796	Turks and Caicos Islands	1.6582	1.6294	1.6178	1.6165	1.6117	1.6147	1.6148	1.6176	1.6196	1.6203	1.6245	1.6247	1.6228	1.6219	1.6254	1.6295
850	United States Virgin Islands	2.116	2.0479	1.982	1.9357	1.9039	1.8695	1.8438	1.8302	1.8098	1.7962	1.7865	1.7742	1.7551	1.7484	1.7485	1.7388
916	Central America	1.9293	1.8511	1.8164	1.7888	1.7637	1.7452	1.7332	1.7197	1.7102	1.6979	1.6959	1.6901	1.6892	1.6873	1.6839	1.6811
84	Belize	1.9884	1.9253	1.882	1.8435	1.8157	1.7919	1.7722	1.7503	1.7328	1.7184	1.7129	1.7078	1.7056	1.6985	1.6971	1.6864
188	Costa Rica	1.528	1.5159	1.5214	1.5241	1.527	1.5354	1.5449	1.56	1.5629	1.5745	1.5776	1.5822	1.5875	1.5923	1.6005	1.6012
222	El Salvador	1.7903	1.7436	1.7186	1.694	1.6803	1.6725	1.6666	1.6623	1.6588	1.6518	1.6511	1.654	1.6554	1.6529	1.6503	1.6612
320	Guatemala	2.3681	2.2009	2.0922	2.0131	1.9438	1.8871	1.8585	1.8266	1.7973	1.7713	1.7548	1.744	1.7402	1.7279	1.7231	1.7189
340	Honduras	2.3368	2.2134	2.1199	2.0404	1.9801	1.926	1.8898	1.8623	1.8319	1.8026	1.7801	1.7642	1.759	1.7541	1.75	1.7419
484	Mexico	1.8198	1.7497	1.729	1.7123	1.696	1.687	1.6813	1.6713	1.6688	1.661	1.665	1.6606	1.6613	1.663	1.6596	1.658
558	Nicaragua	2.2862	2.1573	2.0631	1.9914	1.9319	1.8869	1.8495	1.8276	1.8019	1.7739	1.763	1.755	1.7489	1.7398	1.7337	1.72
591	Panama	2.3006	2.2068	2.1292	2.0594	2.0021	1.9615	1.9146	1.884	1.8516	1.8309	1.8132	1.7989	1.7803	1.7675	1.7627	1.7552
931	South America	1.8014	1.7748	1.7548	1.7362	1.7175	1.7133	1.7039	1.6964	1.6923	1.6843	1.6786	1.6745	1.6718	1.6742	1.6725	1.674
32	Argentina	1.8774	1.8366	1.8104	1.7929	1.7702	1.7546	1.7392	1.7252	1.7165	1.7109	1.6974	1.6933	1.6925	1.6918	1.6928	1.6935
68	Bolivia (Plurinational State of)	2.5851	2.4516	2.3451	2.2486	2.1682	2.0992	2.0397	1.9944	1.9577	1.9141	1.8855	1.8593	1.8406	1.8284	1.8136	1.797
76	Brazil	1.6309	1.6148	1.6105	1.6075	1.6003	1.6085	1.6057	1.6048	1.615	1.6142	1.6136	1.6134	1.6134	1.6223	1.6245	1.634
152	Chile	1.5341	1.5317	1.5382	1.5481	1.55	1.5555	1.5583	1.5694	1.5776	1.5797	1.5841	1.5873	1.5915	1.5973	1.6018	1.6025
170	Colombia	1.7031	1.6713	1.6593	1.6514	1.6376	1.6338	1.6333	1.6356	1.632	1.6314	1.6352	1.6333	1.6387	1.6389	1.6373	1.6406
218	Ecuador	2.0097	1.9365	1.8852	1.8403	1.8179	1.7937	1.7779	1.7613	1.7545	1.7339	1.7226	1.7133	1.7042	1.6974	1.7009	1.6997
238	Falkland Islands (Malvinas)	1.586	1.5829	1.5906	1.5927	1.5947	1.605	1.6064	1.6155	1.6191	1.6198	1.6235	1.6269	1.6274	1.625	1.6267	1.6346
254	French Guiana	3.4657	3.247	3.0783	2.9302	2.809	2.7031	2.6002	2.5097	2.4217	2.3367	2.2776	2.2047	2.1585	2.104	2.0673	2.0356
328	Guyana	2.3715	2.2678	2.184	2.1062	2.0498	1.9994	1.9581	1.9265	1.8949	1.8678	1.8441	1.8257	1.807	1.7917	1.7881	1.7793
600	Paraguay	2.4463	2.3389	2.2369	2.1565	2.0876	2.034	1.9789	1.939	1.9002	1.8651	1.8396	1.8312	1.8043	1.7974	1.7807	1.7721
604	Peru	2.167	2.066	1.993	1.935	1.8843	1.8491	1.8157	1.7976	1.7802	1.7727	1.7607	1.7486	1.7381	1.7362	1.726	1.7206
740	Suriname	2.3216	2.2075	2.1257	2.0492	1.9937	1.9557	1.9184	1.8868	1.8536	1.8305	1.8091	1.794	1.7851	1.7701	1.7688	1.7647
858	Uruguay	1.4822	1.4851	1.4934	1.505	1.5167	1.5276	1.5405	1.5492	1.5589	1.5645	1.5754	1.5737	1.5889	1.5918	1.5935	1.5942
862	Venezuela (Bolivarian Republic of)	2.1895	2.1055	2.0305	1.9718	1.9216	1.8882	1.8492	1.824	1.7988	1.7815	1.7669	1.7535	1.7406	1.738	1.735	1.7247
905	Northern America	1.64	1.6521	1.6663	1.6711	1.6733	1.6811	1.6811	1.6854	1.6872	1.6931	1.6963	1.6965	1.6973	1.7014	1.7018	1.7004
60	Bermuda	1.3703	1.3946	1.4177	1.438	1.4641	1.4799	1.4901	1.5035	1.5147	1.5274	1.5463	1.5505	1.5575	1.5576	1.5618	1.5715
124	Canada	1.466	1.486	1.5023	1.5202	1.5304	1.541	1.5499	1.5496	1.551	1.5617	1.568	1.5653	1.5656	1.567	1.5748	1.5758
304	Greenland	1.9613	1.9146	1.8813	1.8563	1.834	1.8105	1.7918	1.7797	1.766	1.7591	1.7529	1.7485	1.7371	1.7357	1.723	1.7165
666	Saint Pierre and Miquelon	1.5623	1.5697	1.5782	1.583	1.5856	1.5918	1.5999	1.6078	1.6057	1.6033	1.6105	1.6134	1.6152	1.6163	1.6179	1.6238
840	United States of America	1.658	1.6682	1.6826	1.687	1.6891	1.6972	1.6962	1.7009	1.7026	1.7083	1.7117	1.7128	1.7138	1.7182	1.7175	1.7161
909	Oceania	2.1425	2.1071	2.0718	2.0404	2.0106	1.9798	1.9491	1.9244	1.8977	1.8779	1.8594	1.8388	1.8268	1.8094	1.7983	1.7837
927	Australia/New Zealand	1.6264	1.6348	1.6426	1.6498	1.6564	1.6603	1.6628	1.6688	1.6707	1.6756	1.6758	1.6806	1.6867	1.6865	1.6858	1.6862
36	Australia	1.5984	1.6153	1.6288	1.6411	1.6498	1.6559	1.659	1.6669	1.6701	1.6769	1.6786	1.6839	1.6905	1.6908	1.6908	1.6918
554	New Zealand	1.7665	1.733	1.713	1.6959	1.6936	1.6869	1.6841	1.6797	1.6748	1.6683	1.6599	1.66	1.6621	1.6587	1.6542	1.6508
928	Melanesia	3.1381	2.9363	2.7838	2.6443	2.518	2.4173	2.3277	2.2492	2.1798	2.1296	2.0883	2.0344	2.0009	1.9628	1.9416	1.9107
242	Fiji	2.456	2.3449	2.2442	2.1648	2.0861	2.034	1.9945	1.9512	1.9071	1.8677	1.8519	1.8339	1.818	1.7977	1.7892	1.7727
540	New Caledonia	2.0039	1.9346	1.885	1.8455	1.8199	1.8041	1.7855	1.7731	1.7625	1.7503	1.7373	1.7254	1.7201	1.7204	1.7123	1.7047
598	Papua New Guinea	3.1618	2.9444	2.7823	2.6326	2.4979	2.3919	2.2984	2.2168	2.1465	2.0979	2.0581	2.0031	1.9725	1.9346	1.9172	1.8876
90	Solomon Islands	3.9268	3.6656	3.4467	3.2615	3.1014	2.9521	2.8131	2.7019	2.5909	2.4976	2.412	2.329	2.2562	2.2005	2.1403	2.0848
548	Vanuatu	3.6954	3.5079	3.3385	3.1842	3.0502	2.9292	2.8189	2.7145	2.6222	2.5341	2.4588	2.3862	2.3107	2.2462	2.1937	2.1512
954	Micronesia	2.7735	2.6197	2.4892	2.3968	2.3149	2.2426	2.179	2.1192	2.07	2.026	1.9897	1.9586	1.928	1.903	1.8749	1.8556
316	Guam	2.5465	2.4261	2.3101	2.2257	2.1494	2.0875	2.0329	1.9906	1.9529	1.9134	1.8851	1.8584	1.8414	1.8237	1.8006	1.7909
296	Kiribati	3.2689	3.1051	2.9419	2.8073	2.7034	2.6007	2.4954	2.4068	2.33	2.2566	2.1884	2.1322	2.0806	2.0386	1.996	1.9598
584	Marshall Islands	2.6825	2.4828	2.3255	2.2001	2.1105	2.0285	1.9673	1.9218	1.8739	1.8396	1.8106	1.7999	1.782	1.77	1.757	1.7479
583	Micronesia (Fed. States of)	2.6747	2.5161	2.3785	2.2691	2.1701	2.0894	2.0335	1.9819	1.938	1.9042	1.8744	1.8469	1.8189	1.8079	1.7935	1.7845
520	Nauru	3.4692	3.2372	3.0445	2.8739	2.7484	2.6324	2.5342	2.4446	2.3655	2.2758	2.206	2.1426	2.0979	2.0594	2.0177	1.9794
580	Northern Mariana Islands	2.1503	2.0611	2.0014	1.9538	1.9122	1.8811	1.8549	1.834	1.8142	1.7976	1.7815	1.7724	1.7651	1.757	1.7467	1.7409
585	Palau	2.3756	2.2254	2.1228	2.0444	1.994	1.9462	1.9138	1.8849	1.8586	1.8341	1.8192	1.8099	1.7954	1.7795	1.7667	1.7558
957	Polynesia	2.6219	2.5443	2.4891	2.4437	2.3982	2.3538	2.3011	2.2518	2.2079	2.153	2.1081	2.062	2.0205	1.9803	1.9499	1.9192
16	American Samoa	2.2535	2.1559	2.0788	2.0128	1.9602	1.9193	1.8826	1.8521	1.8271	1.808	1.7901	1.7782	1.7681	1.7573	1.7491	1.7407
184	Cook Islands	2.2268	2.1163	2.035	1.9731	1.9203	1.8768	1.8488	1.8314	1.8127	1.7923	1.7763	1.7637	1.7502	1.7369	1.7315	1.7228
258	French Polynesia	1.6889	1.6616	1.6525	1.6429	1.6371	1.6356	1.6338	1.63	1.6371	1.6313	1.6349	1.6342	1.6344	1.6346	1.6353	1.6306
570	Niue	2.4188	2.3004	2.2061	2.1227	2.0571	2.0018	1.9538	1.918	1.8868	1.8512	1.8251	1.8055	1.7905	1.7809	1.7759	1.7586
882	Samoa	3.8807	3.6364	3.4254	3.2324	3.0601	2.9233	2.7879	2.6732	2.559	2.4453	2.3569	2.2774	2.2081	2.1439	2.0921	2.0441
772	Tokelau	2.6732	2.4862	2.3534	2.2444	2.1569	2.0791	2.0252	1.9758	1.9346	1.8934	1.8697	1.842	1.8228	1.8083	1.7898	1.7818
776	Tonga	3.1964	3.029	2.898	2.7778	2.6674	2.5656	2.4832	2.387	2.3175	2.2433	2.1859	2.1263	2.0704	2.0141	1.9822	1.9537
798	Tuvalu	3.137	3.0013	2.8859	2.7826	2.6867	2.5957	2.5108	2.4267	2.345	2.2716	2.2032	2.1442	2.1051	2.0701	2.0298	1.9842
876	Wallis and Futuna Islands	1.9362	1.8711	1.8372	1.8047	1.7815	1.7626	1.7451	1.7388	1.7226	1.7128	1.712	1.7057	1.6968	1.6954	1.6968	1.6939
