country_code	name	2020-2025	2025-2030	2030-2035	2035-2040	2040-2045	2045-2050	2050-2055	2055-2060	2060-2065	2065-2070	2070-2075	2075-2080	2080-2085	2085-2090	2090-2095	2095-2100
900	World	2.4728	2.6354	2.7211	2.7228	2.6938	2.6619	2.6165	2.5669	2.5231	2.4857	2.454	2.4244	2.4002	2.3754	2.3518	2.3328
1834	Sub-Saharan Africa	4.6701	4.5222	4.3237	4.066	3.8023	3.574	3.3733	3.202	3.0604	2.9406	2.8385	2.7505	2.6826	2.6207	2.5677	2.5222
1833	Northern Africa and Western Asia	2.9349	2.9856	2.9833	2.9149	2.8248	2.7557	2.6969	2.642	2.5849	2.5333	2.495	2.4588	2.4318	2.4062	2.3808	2.3606
1831	Central and Southern Asia	2.3838	2.4823	2.5358	2.5283	2.4914	2.4543	2.4159	2.388	2.3644	2.3425	2.3188	2.2957	2.2789	2.2695	2.2607	2.2528
1832	Eastern and South-Eastern Asia	1.6718	1.8846	2.0275	2.0738	2.0966	2.1243	2.1327	2.1179	2.1085	2.1058	2.1147	2.1256	2.1321	2.1249	2.1141	2.1118
1830	Latin America and the Caribbean	2.0062	2.154	2.2488	2.2651	2.2412	2.2301	2.2196	2.2114	2.2056	2.1958	2.1907	2.1852	2.1815	2.1812	2.1792	2.1798
1835	Oceania (excluding Australia and New Zealand)	3.2491	3.2469	3.22	3.1266	3.0062	2.9082	2.8198	2.7424	2.6748	2.6252	2.5843	2.5314	2.4975	2.4593	2.4378	2.4075
1836	Australia/New Zealand	1.7781	1.976	2.1036	2.1499	2.1565	2.1603	2.1629	2.1689	2.1707	2.1756	2.1757	2.1801	2.1859	2.1859	2.1856	2.1861
1829	Europe and Northern America	1.6964	1.9228	2.0737	2.1278	2.1308	2.1391	2.1504	2.1587	2.1623	2.1666	2.1706	2.1733	2.1767	2.1812	2.183	2.1828
901	More developed regions	1.6785	1.906	2.0579	2.1138	2.1192	2.1278	2.1391	2.1469	2.1511	2.1562	2.1612	2.1645	2.1681	2.1723	2.1742	2.1747
902	Less developed regions	2.5857	2.7324	2.8044	2.794	2.7569	2.7196	2.668	2.6113	2.5612	2.5178	2.481	2.4478	2.4216	2.3949	2.369	2.3476
941	Least developed countries	4.0641	4.0088	3.9046	3.7389	3.5563	3.3965	3.2442	3.1041	2.98	2.8782	2.7881	2.7096	2.6487	2.5912	2.5416	2.4996
934	Less developed regions, excluding least developed countries	2.271	2.4297	2.5161	2.5177	2.4964	2.4804	2.4519	2.4157	2.384	2.3556	2.3354	2.3191	2.3071	2.2931	2.2766	2.2634
948	Less developed regions, excluding China	2.8555	2.9529	2.9917	2.9558	2.8843	2.8153	2.7452	2.683	2.6279	2.5765	2.5296	2.4863	2.4534	2.4247	2.3988	2.3758
1636	Land-locked Developing Countries (LLDC)	4.0454	3.9409	3.811	3.6387	3.458	3.2974	3.1481	3.0137	2.8958	2.7996	2.7151	2.6457	2.5908	2.5391	2.4951	2.4576
1637	Small Island Developing States (SIDS)	2.4149	2.5384	2.6123	2.6054	2.5575	2.5188	2.4822	2.453	2.4197	2.3936	2.373	2.348	2.3303	2.3115	2.3017	2.2859
1503	High-income countries	1.7125	1.9228	2.0636	2.115	2.1249	2.1332	2.1353	2.1404	2.1465	2.1519	2.1561	2.1578	2.1594	2.1615	2.1628	2.1644
1517	Middle-income countries	2.3248	2.4794	2.5621	2.5657	2.5462	2.5294	2.4992	2.46	2.425	2.3951	2.3734	2.3548	2.3405	2.3239	2.3054	2.2901
1502	Upper-middle-income countries	1.6912	1.8861	2.0245	2.0814	2.1114	2.1361	2.1405	2.1297	2.123	2.1217	2.1307	2.139	2.1435	2.1398	2.1317	2.1307
1501	Lower-middle-income countries	2.7205	2.8104	2.847	2.8175	2.7544	2.6932	2.635	2.5857	2.5426	2.5002	2.4627	2.4278	2.4022	2.3812	2.3619	2.3436
1500	Low-income countries	4.6915	4.515	4.3051	4.0511	3.7967	3.5795	3.3806	3.2072	3.0604	2.9411	2.8353	2.7446	2.6747	2.611	2.5567	2.5114
1518	No income group available	2.3444	2.4501	2.4925	2.4712	2.4206	2.3885	2.3509	2.3253	2.2993	2.2817	2.2672	2.254	2.2414	2.2384	2.2353	2.2249
903	Africa	4.3942	4.29	4.1291	3.9084	3.6752	3.473	3.2941	3.1397	3.01	2.8994	2.8052	2.723	2.6598	2.6018	2.5517	2.5092
910	Eastern Africa	4.3106	4.1318	3.9392	3.7116	3.4872	3.3037	3.1484	3.0134	2.8926	2.7942	2.7102	2.6386	2.5861	2.5379	2.4952	2.4569
108	Burundi	5.1268	4.8215	4.4869	4.1518	3.8266	3.5712	3.3515	3.1722	3.0253	2.9285	2.8161	2.7301	2.666	2.5978	2.5477	2.5165
174	Comoros	4.0655	3.9561	3.8304	3.661	3.4792	3.3246	3.1909	3.082	2.9682	2.8648	2.7818	2.7083	2.645	2.5884	2.5386	2.4881
262	Djibouti	2.9105	2.904	2.8762	2.7887	2.685	2.6048	2.5422	2.4917	2.4499	2.4035	2.3715	2.3465	2.3224	2.3088	2.3009	2.2903
232	Eritrea	3.9358	3.7685	3.6023	3.4145	3.2337	3.066	2.9353	2.8254	2.7301	2.6546	2.5941	2.5481	2.4987	2.4608	2.4241	2.3958
231	Ethiopia	4.2123	3.9956	3.7826	3.5544	3.3571	3.1803	3.0352	2.8959	2.7792	2.6855	2.61	2.5429	2.4921	2.4501	2.4211	2.3872
404	Kenya	3.4419	3.4002	3.3304	3.1968	3.0469	2.9232	2.7995	2.7053	2.6121	2.5475	2.4959	2.4481	2.4171	2.3884	2.3569	2.3387
450	Madagascar	3.943	3.8459	3.7346	3.5648	3.3924	3.257	3.1394	3.0299	2.932	2.8334	2.7632	2.6856	2.6157	2.5661	2.5203	2.4905
454	Malawi	4.0027	3.8597	3.704	3.5223	3.3193	3.1595	3.0185	2.9095	2.8043	2.724	2.6578	2.5867	2.5444	2.4948	2.4592	2.4286
480	Mauritius	1.5486	1.7421	1.8751	1.9306	1.947	1.9617	1.9793	1.9918	2.004	2.0134	2.0269	2.0384	2.0444	2.053	2.0631	2.0638
175	Mayotte	4.5262	4.3991	4.2675	4.0857	3.8835	3.7144	3.5638	3.4181	3.2934	3.1884	3.0836	2.9914	2.904	2.8211	2.7437	2.662
508	Mozambique	4.7087	4.4922	4.2277	3.9283	3.6342	3.3953	3.208	3.0549	2.9195	2.8138	2.7258	2.6578	2.6048	2.5484	2.5018	2.4679
638	Réunion	2.3795	2.4628	2.5114	2.488	2.442	2.4116	2.3778	2.3592	2.337	2.3218	2.3	2.2864	2.2763	2.2616	2.2425	2.2439
646	Rwanda	3.9034	3.8084	3.6834	3.5201	3.3294	3.1821	3.0445	2.9226	2.8102	2.7156	2.6435	2.5796	2.5201	2.4759	2.4388	2.3961
690	Seychelles	2.4691	2.531	2.5494	2.5258	2.4831	2.4496	2.4176	2.3922	2.3585	2.3418	2.3255	2.3123	2.2953	2.2839	2.2731	2.2626
706	Somalia	6.3493	5.9838	5.5574	5.0743	4.6069	4.2091	3.868	3.5844	3.3477	3.1593	3.0106	2.8884	2.7901	2.7159	2.6483	2.583
728	South Sudan	4.4975	4.2118	3.9586	3.6701	3.4276	3.2315	3.0667	2.9269	2.827	2.7397	2.6496	2.5843	2.5423	2.4988	2.4578	2.4297
800	Uganda	4.6159	4.2694	3.9366	3.6435	3.369	3.1742	3.0053	2.8778	2.7669	2.6688	2.5842	2.5307	2.4929	2.4521	2.4157	2.3819
834	United Republic of Tanzania	4.8051	4.6266	4.4307	4.1657	3.8817	3.6451	3.4636	3.3043	3.1628	3.0427	2.9271	2.8275	2.7641	2.7017	2.6442	2.586
894	Zambia	4.3926	4.2501	4.07	3.8508	3.6275	3.4634	3.3103	3.1846	3.0635	2.9706	2.8777	2.7944	2.7282	2.6684	2.5994	2.5528
716	Zimbabwe	3.59	3.5414	3.472	3.3444	3.1959	3.0637	2.944	2.8394	2.74	2.6594	2.6079	2.5512	2.5019	2.467	2.4315	2.4
911	Middle Africa	5.7004	5.5462	5.2786	4.9078	4.5168	4.174	3.8587	3.5984	3.3866	3.2169	3.0656	2.9339	2.8347	2.7481	2.6711	2.6097
24	Angola	5.3588	5.1241	4.8284	4.4725	4.1201	3.8171	3.5792	3.3776	3.197	3.0533	2.9379	2.8297	2.7578	2.6951	2.639	2.5873
120	Cameroon	4.5343	4.3754	4.2011	3.9873	3.7701	3.5948	3.4243	3.2813	3.1653	3.057	2.9598	2.8759	2.7967	2.7336	2.6661	2.6084
140	Central African Republic	6.0415	5.8052	5.3748	4.8455	4.3308	3.8936	3.5503	3.2776	3.0607	2.9019	2.7759	2.6827	2.6079	2.5641	2.5144	2.4734
148	Chad	6.3438	6.0743	5.72	5.3126	4.875	4.4719	4.1336	3.827	3.5687	3.3718	3.1916	3.048	2.9327	2.8235	2.7258	2.6494
178	Congo	4.2495	4.1448	4.0182	3.8344	3.6548	3.4988	3.3583	3.2438	3.1252	3.0266	2.9423	2.8549	2.7722	2.7142	2.6632	2.6165
180	Democratic Republic of the Congo	6.2535	6.1295	5.838	5.3962	4.922	4.5047	4.1024	3.7797	3.5277	3.3282	3.1473	2.9913	2.8769	2.7757	2.6889	2.6226
226	Equatorial Guinea	4.3177	4.0345	3.7757	3.4972	3.2424	3.0469	2.8902	2.774	2.6935	2.607	2.5371	2.4879	2.4539	2.4217	2.3984	2.3763
266	Gabon	3.5945	3.5303	3.4466	3.3079	3.1708	3.044	2.929	2.8428	2.7561	2.6766	2.612	2.548	2.4997	2.4672	2.4376	2.4119
678	Sao Tome and Principe	3.9037	3.7953	3.6731	3.514	3.3395	3.195	3.0876	2.9663	2.8629	2.7819	2.7086	2.642	2.5873	2.5296	2.4939	2.4654
912	Northern Africa	3.1822	3.1885	3.1486	3.059	2.9461	2.8662	2.7982	2.7317	2.6668	2.609	2.5643	2.5208	2.4888	2.458	2.4282	2.4075
12	Algeria	2.9782	2.9053	2.8346	2.729	2.6199	2.5487	2.4901	2.453	2.4149	2.388	2.3621	2.3458	2.3215	2.3026	2.2925	2.2862
818	Egypt	3.0341	3.0758	3.0597	2.9813	2.8818	2.7968	2.7148	2.6411	2.5825	2.5262	2.4887	2.4453	2.4169	2.3939	2.3654	2.354
434	Libya	2.5571	2.5389	2.5141	2.4623	2.4077	2.3691	2.3377	2.3135	2.2945	2.2752	2.2732	2.2591	2.2467	2.2338	2.2292	2.2214
504	Morocco	2.4504	2.5089	2.5341	2.5076	2.4548	2.406	2.3813	2.354	2.3262	2.3032	2.2833	2.2691	2.2575	2.2484	2.2498	2.2471
729	Sudan	4.5417	4.3905	4.2099	3.9785	3.735	3.5528	3.395	3.2479	3.125	3.0331	2.9412	2.8434	2.7705	2.7048	2.6512	2.603
788	Tunisia	2.2166	2.3268	2.3842	2.3775	2.3489	2.3248	2.3052	2.2942	2.2768	2.2619	2.2497	2.2431	2.233	2.2275	2.2265	2.2193
732	Western Sahara	2.4295	2.4988	2.5307	2.4935	2.4313	2.3838	2.3585	2.3301	2.3012	2.2858	2.2716	2.2549	2.2517	2.2383	2.237	2.2271
913	Southern Africa	2.5732	2.6349	2.6582	2.6215	2.5552	2.5013	2.4544	2.4111	2.3739	2.3466	2.3291	2.3076	2.2883	2.2758	2.258	2.2446
72	Botswana	2.9066	2.9137	2.8803	2.7986	2.7005	2.6216	2.55	2.4981	2.4412	2.4104	2.3868	2.3611	2.3354	2.3176	2.3051	2.2897
748	Eswatini	2.9452	2.9547	2.9184	2.8244	2.7159	2.6385	2.5673	2.5096	2.4537	2.4118	2.3733	2.351	2.3351	2.3158	2.298	2.2759
426	Lesotho	3.1294	3.1291	3.0953	3.0123	2.9019	2.8017	2.7161	2.6534	2.5955	2.5451	2.4939	2.4522	2.419	2.3925	2.3642	2.343
516	Namibia	3.406	3.3844	3.3244	3.2237	3.0912	2.9744	2.8782	2.7908	2.7051	2.6358	2.5877	2.5333	2.4857	2.448	2.4095	2.3761
710	South Africa	2.4961	2.5646	2.5938	2.5627	2.5036	2.4556	2.4138	2.3735	2.3404	2.3165	2.303	2.2844	2.2674	2.257	2.2404	2.2288
914	Western Africa	5.0452	4.8556	4.5983	4.2849	3.9791	3.7094	3.4791	3.2867	3.1388	3.0062	2.8979	2.8066	2.7328	2.6644	2.6102	2.5621
204	Benin	5.0449	4.8809	4.6779	4.4103	4.1672	3.9508	3.7619	3.586	3.4437	3.3112	3.1831	3.0755	2.9788	2.8936	2.8154	2.7407
854	Burkina Faso	4.8178	4.547	4.2646	3.9413	3.648	3.4214	3.2437	3.0796	2.9599	2.8565	2.7605	2.6765	2.6165	2.5598	2.5185	2.4891
132	Cabo Verde	2.0293	2.1625	2.252	2.2663	2.2495	2.2355	2.2222	2.2153	2.2028	2.1905	2.1874	2.1893	2.1791	2.1717	2.1753	2.1729
384	Côte d'Ivoire	4.4995	4.3888	4.2537	4.0529	3.8535	3.6863	3.5473	3.4175	3.2834	3.1638	3.061	2.9635	2.8796	2.7975	2.7362	2.6868
270	Gambia	4.7406	4.4584	4.1291	3.7938	3.4705	3.2312	3.059	2.9163	2.8007	2.7068	2.6247	2.5633	2.5121	2.4673	2.4351	2.4059
288	Ghana	3.6596	3.608	3.5166	3.3973	3.2539	3.1206	3.0166	2.9166	2.8354	2.7488	2.6824	2.6215	2.5657	2.5154	2.4771	2.4479
324	Guinea	4.4563	4.2397	4.015	3.7569	3.5323	3.3388	3.1768	3.0387	2.9185	2.8237	2.7467	2.6733	2.6115	2.5528	2.5175	2.4751
624	Guinea-Bissau	4.0764	3.9189	3.7466	3.544	3.3475	3.1888	3.0508	2.9331	2.8276	2.7524	2.6831	2.6177	2.5675	2.5216	2.4892	2.4529
430	Liberia	4.1708	4.0119	3.8238	3.6312	3.4288	3.2581	3.1257	3.0087	2.8991	2.8184	2.7461	2.6747	2.6232	2.5649	2.5189	2.484
466	Mali	6.0208	5.7686	5.4119	4.9856	4.5504	4.1615	3.8177	3.5467	3.3356	3.1453	2.9928	2.8788	2.7899	2.7023	2.6329	2.5706
478	Mauritania	4.4819	4.3228	4.1299	3.9073	3.6639	3.4647	3.3147	3.1761	3.0502	2.9374	2.8485	2.7748	2.7081	2.6428	2.5821	2.535
562	Niger	6.8949	6.6819	6.3345	5.9024	5.4278	4.9916	4.5753	4.1987	3.8799	3.6289	3.4024	3.2224	3.0815	2.964	2.8569	2.7648
566	Nigeria	5.2988	5.0615	4.7306	4.3364	3.967	3.6405	3.373	3.1632	3.0179	2.8833	2.7834	2.7012	2.6373	2.5775	2.5343	2.4954
654	Saint Helena	1.7941	1.9735	2.0881	2.1311	2.1287	2.1334	2.1307	2.1273	2.1267	2.1233	2.1281	2.1297	2.1297	2.1276	2.1342	2.1368
686	Senegal	4.4684	4.351	4.2096	4.033	3.833	3.664	3.5137	3.3809	3.2557	3.149	3.0466	2.959	2.8743	2.7892	2.715	2.6502
694	Sierra Leone	4.0327	3.7926	3.5809	3.3494	3.1397	2.9877	2.8626	2.7641	2.6628	2.5936	2.5429	2.4908	2.4502	2.4199	2.3894	2.3649
768	Togo	4.346	4.2418	4.1223	3.9537	3.7664	3.6209	3.4733	3.3441	3.2305	3.1106	3.011	2.9143	2.8374	2.7692	2.7117	2.6489
935	Asia	2.0972	2.2604	2.349	2.3552	2.3489	2.353	2.3387	2.3096	2.2834	2.2654	2.2546	2.2477	2.2425	2.2327	2.2192	2.2098
5500	Central Asia	3.0818	3.0724	3.0352	2.9514	2.8616	2.7886	2.7169	2.6511	2.5853	2.5292	2.4918	2.4601	2.4306	2.4004	2.3725	2.3518
398	Kazakhstan	3.2082	3.2609	3.2493	3.1706	3.074	2.9721	2.8942	2.8214	2.7404	2.6676	2.6197	2.5706	2.5289	2.4934	2.452	2.427
417	Kyrgyzstan	3.1031	3.1305	3.1133	3.039	2.9386	2.8495	2.7735	2.6971	2.6337	2.5851	2.5366	2.4983	2.4641	2.4284	2.4011	2.3729
762	Tajikistan	3.2971	3.3024	3.2657	3.1681	3.0611	2.9657	2.8668	2.7761	2.6967	2.6265	2.5721	2.5273	2.4858	2.4478	2.4113	2.3869
795	Turkmenistan	2.7748	2.8123	2.8098	2.7389	2.6462	2.5674	2.5141	2.4701	2.4316	2.4029	2.3781	2.3478	2.3292	2.31	2.3028	2.2953
860	Uzbekistan	2.9594	2.9282	2.893	2.8072	2.7095	2.6372	2.5688	2.5133	2.464	2.4231	2.3958	2.3687	2.3406	2.3176	2.3067	2.2943
906	Eastern Asia	1.3548	1.5863	1.7629	1.8352	1.8609	1.884	1.9077	1.9185	1.935	1.9461	1.9592	1.9676	1.9758	1.9804	1.9841	1.9954
156	China	1.3532	1.5767	1.7476	1.8229	1.8517	1.8757	1.9	1.9105	1.9276	1.9366	1.9485	1.9564	1.9659	1.972	1.9752	1.9851
344	China, Hong Kong SAR	0.9351	1.1624	1.3401	1.4341	1.48	1.5261	1.5695	1.5999	1.6283	1.6583	1.6793	1.7012	1.7269	1.7517	1.7731	1.7933
446	China, Macao SAR	1.2634	1.5473	1.7465	1.8398	1.8866	1.924	1.9497	1.9744	1.9925	2.005	2.0201	2.0296	2.0375	2.0466	2.0553	2.0601
158	China, Taiwan Province of China	1.2831	1.5471	1.7243	1.8107	1.8533	1.8937	1.925	1.9498	1.9645	1.9737	1.9884	1.9969	2.0071	2.0127	2.0224	2.0279
408	Dem. People's Republic of Korea	1.9478	2.1051	2.2015	2.2231	2.2057	2.1987	2.1912	2.1867	2.1773	2.1677	2.1658	2.1595	2.1629	2.1712	2.1714	2.1759
392	Japan	1.457	1.6893	1.8435	1.909	1.936	1.9547	1.9781	1.9861	1.9945	1.9991	2.0101	2.0158	2.0241	2.0304	2.0388	2.0481
496	Mongolia	2.9286	2.8698	2.816	2.7252	2.6353	2.5658	2.5061	2.4639	2.4226	2.4	2.3774	2.3602	2.338	2.3264	2.3113	2.3057
410	Republic of Korea	1.0335	1.273	1.4634	1.5575	1.6044	1.6499	1.6964	1.7316	1.7649	1.7973	1.8263	1.8498	1.8689	1.8878	1.9029	1.9257
5501	Southern Asia	2.3589	2.4621	2.5165	2.5099	2.4737	2.4397	2.4032	2.3752	2.3522	2.3319	2.3098	2.2878	2.2713	2.2622	2.2538	2.2467
4	Afghanistan	4.67	4.3313	4.0279	3.7265	3.456	3.2369	3.0586	2.9246	2.797	2.6962	2.603	2.5418	2.4948	2.4434	2.4065	2.3871
50	Bangladesh	2.1099	2.2221	2.2885	2.2898	2.2654	2.2579	2.2474	2.2429	2.2331	2.2221	2.2133	2.2069	2.2042	2.2006	2.2001	2.202
64	Bhutan	1.5551	1.7292	1.8642	1.9273	1.9474	1.9636	1.9853	1.9994	2.0095	2.0174	2.0245	2.038	2.046	2.0529	2.0633	2.0635
356	India	2.166	2.2815	2.3463	2.3475	2.322	2.298	2.2738	2.2587	2.2458	2.2332	2.2204	2.2096	2.2044	2.2039	2.197	2.1906
364	Iran (Islamic Republic of)	1.8373	2.0095	2.1247	2.1609	2.1614	2.1634	2.1689	2.1667	2.1658	2.1609	2.1649	2.1617	2.1567	2.1586	2.1602	2.1612
462	Maldives	1.8328	1.9972	2.1124	2.1452	2.142	2.1439	2.1488	2.1507	2.1485	2.1419	2.139	2.1393	2.1354	2.1374	2.141	2.1434
524	Nepal	2.1612	2.2641	2.3253	2.3246	2.2987	2.2737	2.2578	2.2376	2.2331	2.218	2.2095	2.2005	2.1963	2.1873	2.1847	2.1868
586	Pakistan	3.5631	3.4798	3.3893	3.2576	3.1069	2.9839	2.8711	2.7723	2.6885	2.6175	2.554	2.5021	2.4605	2.4301	2.4035	2.3754
144	Sri Lanka	2.1245	2.2581	2.3374	2.3421	2.3134	2.2953	2.2758	2.264	2.2527	2.2388	2.231	2.2189	2.2081	2.2109	2.2	2.1953
920	South-Eastern Asia	2.2731	2.4052	2.4792	2.4759	2.4381	2.4092	2.3783	2.3502	2.3299	2.3097	2.296	2.2827	2.2708	2.2572	2.2482	2.2404
96	Brunei Darussalam	1.9157	2.0636	2.1604	2.1881	2.1751	2.1674	2.1672	2.1633	2.1643	2.1519	2.1473	2.1441	2.1464	2.1516	2.1491	2.1476
116	Cambodia	2.4681	2.5251	2.5535	2.5152	2.4554	2.4135	2.3805	2.3531	2.3253	2.307	2.2914	2.2796	2.2636	2.2529	2.242	2.2352
360	Indonesia	2.3054	2.4141	2.465	2.4524	2.4141	2.3835	2.3503	2.3236	2.3063	2.2868	2.2759	2.2672	2.2591	2.2433	2.2353	2.2256
418	Lao People's Democratic Republic	2.6041	2.6253	2.6119	2.5576	2.4782	2.4271	2.3829	2.3552	2.3281	2.3091	2.2996	2.2798	2.2622	2.2524	2.2474	2.2418
458	Malaysia	1.9407	2.0871	2.1856	2.2005	2.1907	2.1853	2.1774	2.1679	2.1638	2.1538	2.1525	2.1522	2.1544	2.1525	2.1527	2.1532
104	Myanmar	2.2836	2.3892	2.44	2.4302	2.3896	2.3602	2.3298	2.3047	2.2859	2.2658	2.2573	2.2435	2.2423	2.2321	2.2259	2.2164
608	Philippines	2.8727	2.9271	2.9338	2.8703	2.7716	2.696	2.6276	2.5567	2.5069	2.4608	2.4276	2.3959	2.3687	2.3473	2.3259	2.3103
702	Singapore	1.1815	1.4226	1.5913	1.6678	1.7042	1.7367	1.7651	1.7857	1.7919	1.8019	1.8206	1.838	1.8511	1.8571	1.862	1.8713
764	Thailand	1.4734	1.6713	1.8213	1.8824	1.9083	1.9324	1.949	1.9683	1.9746	1.9848	2.001	2.0153	2.0208	2.0269	2.0341	2.0436
626	Timor-Leste	3.2054	3.0328	2.9133	2.7829	2.6637	2.5806	2.5139	2.4582	2.407	2.3697	2.342	2.3294	2.3092	2.2931	2.2831	2.2682
704	Viet Nam	2.0907	2.2541	2.3511	2.3719	2.3553	2.3517	2.3414	2.3295	2.3124	2.3064	2.2994	2.2971	2.2898	2.2812	2.2749	2.272
922	Western Asia	2.7166	2.8053	2.8297	2.7703	2.6989	2.6452	2.5996	2.5522	2.4968	2.4491	2.4185	2.3917	2.3706	2.3494	2.3272	2.3067
51	Armenia	1.7263	1.9213	2.0447	2.0877	2.0939	2.1018	2.1011	2.0979	2.1092	2.1049	2.1033	2.1075	2.1075	2.1043	2.1084	2.1122
31	Azerbaijan	1.8119	1.9815	2.0951	2.1298	2.1249	2.1333	2.1318	2.137	2.1334	2.1318	2.132	2.1335	2.1381	2.1415	2.1367	2.136
48	Bahrain	1.9506	2.0968	2.1912	2.2022	2.1902	2.1819	2.1757	2.1775	2.1722	2.1672	2.1618	2.1596	2.1513	2.1489	2.1563	2.1605
196	Cyprus	1.4679	1.6746	1.8252	1.8935	1.9144	1.9379	1.9533	1.9645	1.9757	1.9874	2.0023	2.014	2.0274	2.0361	2.0404	2.052
268	Georgia	2.191	2.3439	2.4166	2.4164	2.3827	2.359	2.3336	2.3156	2.3046	2.2805	2.2653	2.2566	2.2532	2.2465	2.2375	2.2326
368	Iraq	3.5972	3.5567	3.4899	3.359	3.2241	3.1165	3.0149	2.9271	2.8227	2.752	2.6891	2.6228	2.5678	2.5257	2.4845	2.4467
376	Israel	3.1034	3.1665	3.1824	3.1225	3.0378	2.949	2.8692	2.7855	2.7152	2.6597	2.6117	2.5604	2.5192	2.4819	2.457	2.4311
400	Jordan	2.9384	2.9465	2.904	2.8128	2.6949	2.5883	2.5177	2.468	2.4143	2.384	2.3584	2.3302	2.312	2.2891	2.2769	2.2628
414	Kuwait	2.242	2.339	2.3926	2.3889	2.3551	2.3286	2.3093	2.291	2.2694	2.2624	2.2489	2.2329	2.2292	2.2246	2.2231	2.2139
422	Lebanon	2.2213	2.3395	2.4071	2.4013	2.3614	2.3333	2.3094	2.2843	2.2657	2.2574	2.2399	2.2304	2.2258	2.2214	2.2199	2.2112
512	Oman	2.7256	2.689	2.6543	2.5766	2.4949	2.4402	2.3963	2.3777	2.3505	2.3206	2.3047	2.2922	2.2829	2.2699	2.2656	2.2566
634	Qatar	1.9373	2.079	2.1717	2.1908	2.1701	2.1654	2.1647	2.1663	2.1604	2.1526	2.1508	2.1423	2.1416	2.1497	2.1515	2.1542
682	Saudi Arabia	2.5459	2.5809	2.5754	2.526	2.4584	2.4119	2.3698	2.3448	2.3184	2.296	2.2838	2.2627	2.2558	2.2518	2.2379	2.2333
275	State of Palestine	3.5927	3.4993	3.38	3.2286	3.0839	2.9573	2.8412	2.7409	2.6531	2.5764	2.5305	2.4823	2.4439	2.4067	2.3822	2.3611
760	Syrian Arab Republic	2.8621	2.8665	2.8384	2.7404	2.6413	2.5632	2.5025	2.4489	2.4116	2.3744	2.3538	2.3242	2.3064	2.2847	2.2706	2.261
792	Türkiye	2.032	2.171	2.2567	2.2698	2.2564	2.2452	2.2335	2.215	2.209	2.1954	2.186	2.1808	2.1802	2.1807	2.1815	2.1774
784	United Arab Emirates	1.5993	1.7799	1.9138	1.9664	1.9753	1.9864	2.0006	2.018	2.0286	2.0396	2.051	2.0596	2.0648	2.0708	2.0771	2.0772
887	Yemen	3.8718	3.7061	3.552	3.3505	3.1649	2.9942	2.859	2.7517	2.6597	2.5749	2.5129	2.4624	2.4224	2.3944	2.363	2.3322
908	Europe	1.6404	1.8784	2.0401	2.1009	2.1048	2.1129	2.1288	2.1383	2.1438	2.1482	2.1532	2.1569	2.1607	2.1646	2.1676	2.1688
923	Eastern Europe	1.6453	1.8937	2.0508	2.1142	2.1226	2.1442	2.1726	2.1838	2.1833	2.1874	2.1947	2.1983	2.2054	2.212	2.2164	2.2145
112	Belarus	1.6452	1.8876	2.043	2.1088	2.1276	2.1508	2.1645	2.1799	2.1833	2.1906	2.1994	2.2077	2.2173	2.2113	2.2148	2.2211
100	Bulgaria	1.7376	1.9461	2.0815	2.1322	2.1392	2.1479	2.1543	2.1505	2.1516	2.1576	2.1616	2.1679	2.1645	2.1624	2.1639	2.1677
203	Czechia	1.8497	2.0445	2.1682	2.2106	2.2153	2.2181	2.2131	2.2183	2.2184	2.2146	2.2151	2.2153	2.2191	2.2192	2.2176	2.2169
348	Hungary	1.73	1.9269	2.059	2.1061	2.1196	2.1245	2.1296	2.1372	2.1406	2.1377	2.1434	2.1499	2.1502	2.152	2.1514	2.1511
616	Poland	1.6166	1.8304	1.9717	2.0235	2.0373	2.0545	2.0596	2.0671	2.0696	2.076	2.0848	2.0868	2.0944	2.092	2.0967	2.0992
498	Republic of Moldova	1.9485	2.1248	2.2326	2.2627	2.2551	2.2543	2.2549	2.2506	2.2497	2.2424	2.2398	2.2383	2.2321	2.2385	2.2459	2.2469
642	Romania	1.895	2.0697	2.1751	2.2107	2.2104	2.204	2.2125	2.2073	2.2078	2.2092	2.2099	2.2089	2.2117	2.2099	2.2031	2.2072
643	Russian Federation	1.6596	1.9144	2.0808	2.1563	2.1776	2.2006	2.2243	2.2358	2.2395	2.2465	2.2518	2.2522	2.2572	2.2667	2.2732	2.2692
703	Slovakia	1.7254	1.9254	2.0612	2.1116	2.1254	2.138	2.1432	2.1429	2.1437	2.1474	2.1515	2.1527	2.1518	2.158	2.1609	2.167
804	Ukraine	1.4022	1.6702	1.8333	1.9146	1.9429	1.9734	1.9958	2.0101	2.0237	2.0338	2.0489	2.0522	2.0596	2.0655	2.0727	2.0744
924	Northern Europe	1.7377	1.9409	2.0739	2.1252	2.1354	2.1435	2.1528	2.158	2.1641	2.1672	2.1728	2.1714	2.1694	2.171	2.1739	2.1748
208	Denmark	1.8658	2.0641	2.1811	2.2195	2.2209	2.2171	2.2157	2.2187	2.2269	2.2289	2.226	2.2286	2.2284	2.2317	2.2316	2.2328
233	Estonia	1.8252	2.011	2.1308	2.1741	2.1717	2.1692	2.1719	2.1758	2.1767	2.175	2.1725	2.1687	2.1676	2.1737	2.1702	2.1737
234	Faroe Islands	2.8892	2.945	2.9545	2.8973	2.8128	2.7377	2.6791	2.6297	2.5843	2.5394	2.4999	2.4749	2.4329	2.4081	2.3825	2.3631
246	Finland	1.5437	1.7698	1.9146	1.98	2.0004	2.0182	2.0324	2.0449	2.0587	2.059	2.071	2.0697	2.0779	2.0751	2.0813	2.087
831	Guernsey	1.6131	1.8297	1.9639	2.0189	2.0358	2.0475	2.0546	2.0618	2.0667	2.071	2.0734	2.0791	2.0885	2.0877	2.0886	2.0937
352	Iceland	1.8791	2.0461	2.1484	2.1817	2.1749	2.1684	2.1674	2.1601	2.1475	2.1484	2.1478	2.146	2.1393	2.1419	2.1436	2.1517
372	Ireland	1.915	2.0896	2.1965	2.2268	2.2199	2.2134	2.2107	2.2115	2.2031	2.192	2.1942	2.1897	2.1899	2.187	2.1896	2.1923
833	Isle of Man	1.7195	1.9144	2.0359	2.0799	2.0761	2.086	2.0966	2.0998	2.099	2.0932	2.0991	2.1058	2.1076	2.1143	2.1153	2.1138
832	Jersey	1.638	1.8442	1.9771	2.0333	2.0401	2.0524	2.0676	2.0772	2.0818	2.08	2.0824	2.0866	2.0926	2.0931	2.0995	2.1069
428	Latvia	1.7309	1.9295	2.0579	2.1061	2.1045	2.1109	2.1215	2.1289	2.1327	2.1264	2.1264	2.1275	2.13	2.1344	2.1366	2.1337
440	Lithuania	1.774	1.9814	2.1171	2.1715	2.1761	2.1842	2.1913	2.1911	2.191	2.1944	2.2013	2.206	2.2092	2.2088	2.2075	2.2043
578	Norway	1.659	1.8725	2.0107	2.0708	2.0856	2.1031	2.1135	2.1192	2.1177	2.1231	2.1306	2.1386	2.1394	2.1397	2.1481	2.1409
752	Sweden	1.8218	2.0193	2.141	2.1811	2.1843	2.1911	2.1939	2.1932	2.1919	2.1899	2.1923	2.1983	2.193	2.1893	2.192	2.1926
826	United Kingdom	1.7176	1.9241	2.0577	2.1107	2.1267	2.137	2.1477	2.1528	2.161	2.1659	2.1732	2.1703	2.1676	2.1703	2.1723	2.1732
925	Southern Europe	1.4817	1.7011	1.8515	1.9162	1.9386	1.9605	1.9754	1.9861	1.9946	1.9989	2.0079	2.0193	2.03	2.0361	2.038	2.0411
8	Albania	1.5316	1.7243	1.8596	1.9243	1.9446	1.9606	1.9749	1.996	2.0041	2.0175	2.0282	2.0422	2.0471	2.0603	2.0635	2.0694
20	Andorra	1.2985	1.5187	1.6807	1.7599	1.8005	1.8342	1.8652	1.8825	1.9047	1.919	1.9411	1.9585	1.9713	1.9878	1.9971	2.0102
70	Bosnia and Herzegovina	1.4969	1.6983	1.8475	1.9072	1.9314	1.947	1.9593	1.9773	1.9936	2.0065	2.0179	2.0271	2.0384	2.0489	2.0576	2.0561
191	Croatia	1.6003	1.7916	1.9215	1.9762	1.9905	2.0105	2.0251	2.0442	2.0461	2.0532	2.0603	2.0643	2.0797	2.085	2.0808	2.0923
292	Gibraltar	1.9853	2.1437	2.2384	2.2563	2.2469	2.2354	2.2185	2.2134	2.1988	2.1883	2.1921	2.1899	2.1953	2.1952	2.1985	2.1931
300	Greece	1.5218	1.7375	1.8796	1.9393	1.9509	1.9682	1.982	1.9836	1.9963	1.998	2.0038	2.0116	2.0173	2.0229	2.0296	2.0329
380	Italy	1.4377	1.671	1.828	1.8897	1.9104	1.9342	1.948	1.9567	1.9687	1.9738	1.9843	1.9948	2.0071	2.0115	2.0112	2.0163
412	Kosovo (under UNSC res. 1244)	1.6657	1.8526	1.9809	2.0257	2.0394	2.0461	2.0525	2.0594	2.0694	2.0741	2.0781	2.0845	2.0822	2.0877	2.0937	2.0986
470	Malta	1.3507	1.6182	1.8019	1.8899	1.9251	1.9605	1.9881	2.0147	2.0264	2.0342	2.0443	2.0527	2.0557	2.0693	2.0674	2.0723
499	Montenegro	1.8326	1.9946	2.1037	2.1434	2.1393	2.1376	2.1407	2.1388	2.1416	2.1374	2.1436	2.1407	2.1456	2.1532	2.1538	2.1543
807	North Macedonia	1.5214	1.7488	1.8999	1.9688	1.9856	2.0028	2.013	2.0277	2.035	2.043	2.0479	2.0506	2.0532	2.0599	2.0621	2.0689
620	Portugal	1.5232	1.7265	1.8703	1.9289	1.9465	1.9677	1.9774	1.9923	2.0083	2.0138	2.0216	2.0312	2.0498	2.0525	2.053	2.0607
674	San Marino	1.2883	1.5218	1.6907	1.7687	1.795	1.8289	1.8577	1.8879	1.9076	1.9155	1.9365	1.9599	1.9734	1.9848	1.9972	2.0039
688	Serbia	1.6763	1.8794	2.0103	2.0649	2.0741	2.0778	2.0901	2.0971	2.0956	2.1017	2.1069	2.1116	2.1127	2.1203	2.122	2.12
705	Slovenia	1.772	1.9859	2.1188	2.1681	2.1797	2.1846	2.1899	2.1875	2.1867	2.1885	2.1937	2.1956	2.1992	2.1935	2.1955	2.1989
724	Spain	1.4298	1.666	1.8272	1.8925	1.9162	1.9428	1.9636	1.9776	1.9835	1.9892	1.9992	2.0127	2.0203	2.0293	2.0361	2.0389
926	Western Europe	1.7731	1.9787	2.1101	2.1511	2.1503	2.1487	2.1528	2.1579	2.165	2.1668	2.1631	2.1653	2.166	2.1679	2.169	2.1713
40	Austria	1.619	1.8384	1.9776	2.0362	2.0487	2.0646	2.0719	2.0773	2.083	2.0842	2.0912	2.0947	2.1005	2.0929	2.0904	2.0963
56	Belgium	1.736	1.9453	2.0848	2.1395	2.1497	2.1553	2.1632	2.1694	2.1664	2.1666	2.1655	2.1708	2.1736	2.174	2.185	2.1849
250	France	1.9382	2.1223	2.2411	2.2746	2.2801	2.2739	2.2689	2.261	2.2599	2.2591	2.2547	2.2553	2.2544	2.2574	2.2519	2.2485
276	Germany	1.6807	1.8867	2.0173	2.0612	2.0678	2.0794	2.0841	2.0849	2.0945	2.0994	2.0994	2.1088	2.1102	2.1089	2.1103	2.1157
438	Liechtenstein	1.6439	1.8461	1.972	2.0228	2.04	2.0517	2.0619	2.0668	2.0726	2.0744	2.0843	2.0877	2.0897	2.0932	2.0949	2.0994
442	Luxembourg	1.5459	1.7696	1.917	1.9765	1.995	2.0133	2.0282	2.0454	2.0523	2.0567	2.0669	2.0764	2.079	2.0809	2.085	2.0852
492	Monaco	2.2433	2.3745	2.4457	2.4461	2.407	2.3776	2.3573	2.3415	2.3265	2.3046	2.2891	2.2808	2.2685	2.2603	2.2487	2.245
528	Netherlands	1.7795	1.9831	2.1065	2.1513	2.1566	2.1547	2.1516	2.1591	2.1626	2.1631	2.1684	2.1726	2.1701	2.1679	2.1655	2.1691
756	Switzerland	1.6499	1.865	2.0028	2.0558	2.0673	2.0801	2.0875	2.0931	2.0992	2.1056	2.1094	2.121	2.1292	2.1236	2.1226	2.1258
904	Latin America and the Caribbean	2.0062	2.154	2.2488	2.2651	2.2412	2.2301	2.2196	2.2114	2.2056	2.1958	2.1907	2.1852	2.1815	2.1812	2.1792	2.1798
915	Caribbean	2.1883	2.3143	2.3988	2.4094	2.3777	2.3553	2.3331	2.3202	2.2967	2.2781	2.2669	2.2553	2.2479	2.2395	2.235	2.224
660	Anguilla	1.4275	1.6427	1.7882	1.8568	1.8794	1.907	1.9307	1.9422	1.9564	1.9705	1.9875	2.0027	2.015	2.0227	2.037	2.0467
28	Antigua and Barbuda	1.7276	1.917	2.0412	2.08	2.0786	2.086	2.0906	2.0979	2.0981	2.1031	2.1104	2.1164	2.117	2.1252	2.1251	2.1293
533	Aruba	1.3621	1.5519	1.7115	1.7879	1.8208	1.8518	1.8775	1.902	1.9232	1.9431	1.9616	1.9695	1.9869	2.0007	2.0098	2.018
44	Bahamas	1.5343	1.7273	1.8689	1.9343	1.9527	1.9673	1.9822	1.9907	2.0063	2.0157	2.0296	2.0348	2.0424	2.0557	2.0556	2.0711
52	Barbados	1.7806	1.9695	2.0867	2.1265	2.1295	2.1376	2.1391	2.1378	2.1378	2.1401	2.1391	2.1327	2.1366	2.1369	2.1423	2.1406
535	Bonaire, Sint Eustatius and Saba	1.8017	1.9851	2.1015	2.1305	2.1286	2.1293	2.1264	2.1302	2.1255	2.1286	2.1281	2.1216	2.1261	2.1305	2.1362	2.1395
92	British Virgin Islands	1.1633	1.4098	1.5838	1.6695	1.7094	1.7507	1.7914	1.8207	1.8542	1.8773	1.9022	1.9169	1.9351	1.9477	1.9573	1.9724
136	Cayman Islands	1.4147	1.5763	1.7296	1.8068	1.8374	1.8597	1.892	1.9237	1.9393	1.9507	1.9644	1.9777	1.993	2.0017	2.0073	2.0181
192	Cuba	1.611	1.8176	1.967	2.0333	2.0492	2.0625	2.0756	2.0911	2.0913	2.0889	2.0963	2.0985	2.1029	2.1119	2.1106	2.1087
531	Curaçao	1.7964	1.9777	2.0943	2.1373	2.1355	2.1359	2.1405	2.1385	2.1417	2.1397	2.1422	2.1445	2.1429	2.1351	2.1379	2.1415
212	Dominica	1.74	1.9277	2.0434	2.084	2.0873	2.089	2.0965	2.0999	2.1004	2.1036	2.1045	2.1049	2.1154	2.1232	2.1254	2.1295
214	Dominican Republic	2.3971	2.4691	2.4988	2.4684	2.414	2.3756	2.3428	2.322	2.3017	2.2798	2.2692	2.2615	2.2522	2.2422	2.2384	2.2279
308	Grenada	2.1367	2.2525	2.326	2.3385	2.3095	2.2915	2.2738	2.2605	2.2418	2.2333	2.2238	2.2145	2.208	2.2027	2.2001	2.1959
312	Guadeloupe	2.1856	2.3156	2.398	2.4055	2.3717	2.3451	2.3249	2.3087	2.296	2.283	2.2739	2.264	2.2597	2.2566	2.2602	2.2462
332	Haiti	2.9273	2.9314	2.9157	2.8404	2.7344	2.6557	2.5852	2.5364	2.4753	2.4322	2.3987	2.3673	2.3487	2.328	2.3138	2.2905
388	Jamaica	1.4953	1.6921	1.8363	1.8993	1.9225	1.9386	1.9581	1.9709	1.9849	1.999	2.0115	2.0201	2.0335	2.0443	2.0547	2.0588
474	Martinique	2.0562	2.2034	2.2938	2.3121	2.2908	2.2777	2.2549	2.2504	2.2489	2.237	2.2293	2.2231	2.2191	2.2185	2.2111	2.2139
500	Montserrat	1.7155	1.8913	2.0106	2.0547	2.0562	2.0649	2.0731	2.0818	2.0888	2.0936	2.0981	2.1039	2.1099	2.1083	2.1142	2.1164
630	Puerto Rico	1.436	1.6411	1.79	1.8624	1.8809	1.91	1.9286	1.9493	1.959	1.9803	1.9872	2.0026	2.0158	2.0156	2.0264	2.0372
652	Saint Barthélemy	1.1726	1.4191	1.5936	1.6754	1.7176	1.7564	1.7909	1.8213	1.8433	1.8613	1.8848	1.9046	1.9213	1.942	1.9669	1.9833
659	Saint Kitts and Nevis	1.6701	1.8431	1.969	2.0209	2.0332	2.0432	2.0491	2.0581	2.0586	2.062	2.0724	2.0772	2.0805	2.0909	2.0954	2.1008
662	Saint Lucia	1.5421	1.7324	1.8694	1.9282	1.9445	1.9607	1.9805	1.9917	2.0071	2.024	2.0396	2.0481	2.06	2.0675	2.066	2.0766
663	Saint Martin (French part)	2.5375	2.5986	2.6241	2.5928	2.5372	2.4949	2.4605	2.423	2.3878	2.3669	2.351	2.3281	2.3084	2.299	2.2973	2.2837
670	Saint Vincent and the Grenadines	1.9315	2.083	2.1775	2.2044	2.1986	2.1938	2.1871	2.187	2.1833	2.1768	2.1765	2.1726	2.1668	2.1648	2.1668	2.1659
534	Sint Maarten (Dutch part)	1.7243	1.9052	2.0288	2.0734	2.0771	2.0852	2.0927	2.0953	2.0938	2.1027	2.1099	2.1114	2.1137	2.1161	2.1181	2.1233
780	Trinidad and Tobago	1.7647	1.9424	2.0587	2.0965	2.096	2.1003	2.1	2.1034	2.1075	2.1106	2.1197	2.1265	2.1251	2.1267	2.1332	2.1357
796	Turks and Caicos Islands	1.81	1.9703	2.0784	2.1165	2.1117	2.1147	2.1148	2.1176	2.1196	2.1203	2.1245	2.1247	2.1228	2.122	2.1255	2.1295
850	United States Virgin Islands	2.2656	2.3876	2.4418	2.4358	2.404	2.3697	2.3438	2.3303	2.3098	2.2962	2.2865	2.2742	2.2552	2.2484	2.2485	2.2388
916	Central America	2.08	2.1916	2.277	2.289	2.2637	2.2443	2.2319	2.2183	2.2094	2.1974	2.1955	2.1894	2.188	2.1859	2.1826	2.1802
84	Belize	2.1404	2.2664	2.3426	2.3434	2.3156	2.2919	2.2721	2.2503	2.2328	2.2183	2.2129	2.2078	2.2055	2.1985	2.1971	2.1864
188	Costa Rica	1.679	1.8567	1.9818	2.0241	2.027	2.0354	2.0449	2.06	2.0629	2.0745	2.0776	2.0822	2.0875	2.0923	2.1005	2.1012
222	El Salvador	1.941	2.0841	2.1789	2.194	2.1803	2.1725	2.1665	2.1623	2.1588	2.1518	2.1511	2.154	2.1554	2.1529	2.1503	2.1612
320	Guatemala	2.5189	2.5415	2.5526	2.5127	2.4434	2.3869	2.3584	2.3264	2.2972	2.2712	2.2547	2.244	2.2402	2.2279	2.2231	2.219
340	Honduras	2.4883	2.5542	2.5803	2.54	2.4798	2.4258	2.3897	2.3622	2.3318	2.3025	2.28	2.2642	2.259	2.2541	2.25	2.2419
484	Mexico	1.9706	2.0904	2.1895	2.2122	2.1959	2.1869	2.1813	2.1713	2.1688	2.161	2.1649	2.1606	2.1613	2.163	2.1596	2.158
558	Nicaragua	2.4375	2.498	2.5235	2.4911	2.4316	2.3868	2.3494	2.3275	2.3018	2.2738	2.263	2.255	2.2489	2.2398	2.2336	2.22
591	Panama	2.4521	2.5476	2.5896	2.559	2.5019	2.4614	2.4145	2.3839	2.3515	2.3309	2.3132	2.2989	2.2803	2.2675	2.2627	2.2552
931	South America	1.9527	2.1167	2.2164	2.2367	2.2167	2.2122	2.203	2.1956	2.1923	2.1853	2.1802	2.1756	2.1714	2.1731	2.1722	2.1749
32	Argentina	2.0282	2.1772	2.2708	2.2928	2.2702	2.2546	2.2391	2.2251	2.2165	2.2108	2.1974	2.1933	2.1925	2.1918	2.1928	2.1935
68	Bolivia (Plurinational State of)	2.7363	2.7922	2.8054	2.748	2.6679	2.5989	2.5395	2.4942	2.4576	2.414	2.3855	2.3592	2.3406	2.3284	2.3136	2.297
76	Brazil	1.7818	1.9554	2.0709	2.1075	2.1003	2.1085	2.1057	2.1048	2.115	2.1142	2.1136	2.1134	2.1134	2.1223	2.1245	2.134
152	Chile	1.685	1.8721	1.9986	2.0481	2.05	2.0555	2.0583	2.0695	2.0776	2.0797	2.0841	2.0873	2.0915	2.0973	2.1018	2.1025
170	Colombia	1.8542	2.012	2.1197	2.1514	2.1375	2.1338	2.1333	2.1356	2.132	2.1314	2.1352	2.1333	2.1387	2.1389	2.1373	2.1406
218	Ecuador	2.1611	2.2773	2.3457	2.3401	2.3179	2.2936	2.2779	2.2613	2.2545	2.2339	2.2226	2.2133	2.2042	2.1974	2.2009	2.1997
238	Falkland Islands (Malvinas)	1.7368	1.9234	2.0508	2.0927	2.0947	2.105	2.1064	2.1155	2.1191	2.1198	2.1235	2.1269	2.1274	2.125	2.1267	2.1346
254	French Guiana	3.6171	3.5874	3.5382	3.429	3.3081	3.2021	3.0996	3.0092	2.9211	2.8363	2.7772	2.7044	2.6582	2.6037	2.5672	2.5354
328	Guyana	2.5222	2.6082	2.6442	2.606	2.5497	2.4994	2.458	2.4264	2.3949	2.3678	2.3441	2.3257	2.307	2.2917	2.2881	2.2793
600	Paraguay	2.5977	2.6795	2.6972	2.6562	2.5874	2.5339	2.4787	2.4389	2.4001	2.365	2.3396	2.3311	2.3043	2.2974	2.2807	2.2721
604	Peru	2.3181	2.4067	2.4534	2.4347	2.3841	2.349	2.3156	2.2976	2.2801	2.2727	2.2607	2.2485	2.2381	2.2362	2.226	2.2205
740	Suriname	2.4726	2.5481	2.586	2.549	2.4935	2.4556	2.4183	2.3867	2.3535	2.3305	2.3091	2.294	2.2851	2.27	2.2688	2.2647
858	Uruguay	1.6322	1.8253	1.9536	2.005	2.0167	2.0276	2.0405	2.0492	2.0589	2.0644	2.0754	2.0737	2.0889	2.0918	2.0935	2.0942
862	Venezuela (Bolivarian Republic of)	2.3404	2.4466	2.4909	2.4716	2.4215	2.3881	2.3491	2.3239	2.2987	2.2814	2.2668	2.2534	2.2406	2.238	2.235	2.2247
905	Northern America	1.7911	1.9935	2.1273	2.1713	2.1737	2.1813	2.1813	2.1856	2.1874	2.1932	2.1966	2.1971	2.198	2.2021	2.2023	2.2009
60	Bermuda	1.5205	1.7345	1.8776	1.9379	1.9641	1.9799	1.99	2.0034	2.0146	2.0273	2.0463	2.0505	2.0575	2.0576	2.0618	2.0715
124	Canada	1.6174	1.827	1.963	2.0202	2.0304	2.0411	2.05	2.0496	2.051	2.0617	2.068	2.0653	2.0656	2.067	2.0748	2.0758
304	Greenland	2.1121	2.255	2.3415	2.3563	2.334	2.3105	2.2918	2.2797	2.266	2.2591	2.2529	2.2485	2.2371	2.2357	2.223	2.2165
666	Saint Pierre and Miquelon	1.7119	1.9094	2.0381	2.083	2.0856	2.0918	2.0999	2.1078	2.1057	2.1033	2.1105	2.1134	2.1152	2.1163	2.1179	2.1238
840	United States of America	1.8088	2.0089	2.1431	2.187	2.1891	2.1972	2.1962	2.2009	2.2027	2.2083	2.2117	2.2128	2.2138	2.2182	2.2175	2.2161
909	Oceania	2.2969	2.4553	2.5427	2.5519	2.52	2.4825	2.4473	2.4233	2.3996	2.3828	2.366	2.3447	2.3301	2.3112	2.3013	2.2892
927	Australia/New Zealand	1.7781	1.976	2.1036	2.1499	2.1565	2.1603	2.1629	2.1689	2.1707	2.1756	2.1757	2.1801	2.1859	2.1859	2.1856	2.1861
36	Australia	1.7501	1.9564	2.0895	2.1411	2.1498	2.1559	2.159	2.1669	2.1701	2.177	2.1786	2.184	2.1905	2.1907	2.1908	2.1918
554	New Zealand	1.918	2.0737	2.1734	2.1959	2.1935	2.1869	2.1841	2.1797	2.1748	2.1683	2.1598	2.16	2.1621	2.1587	2.1542	2.1508
928	Melanesia	3.289	3.2766	3.244	3.1438	3.0173	2.9163	2.8263	2.7473	2.6778	2.6277	2.5865	2.5326	2.4991	2.4608	2.4397	2.4088
242	Fiji	2.6067	2.6854	2.7044	2.6645	2.5858	2.5339	2.4944	2.4511	2.407	2.3676	2.3518	2.3338	2.3179	2.2976	2.2892	2.2726
540	New Caledonia	2.155	2.2754	2.3455	2.3454	2.3199	2.304	2.2854	2.2731	2.2625	2.2503	2.2373	2.2254	2.22	2.2204	2.2123	2.2047
598	Papua New Guinea	3.3127	3.2846	3.2422	3.1316	2.9971	2.8913	2.7979	2.7164	2.6463	2.5977	2.5578	2.5029	2.4724	2.4344	2.4171	2.3875
90	Solomon Islands	4.0778	4.0053	3.9063	3.7601	3.6	3.451	3.3122	3.2012	3.0902	2.9971	2.9116	2.8285	2.7558	2.7003	2.6399	2.5846
548	Vanuatu	3.847	3.8486	3.7982	3.683	3.5491	3.4282	3.3181	3.2138	3.1215	3.0336	2.9584	2.8857	2.8101	2.746	2.6935	2.6509
954	Micronesia	2.9239	2.9594	2.9497	2.8991	2.8159	2.7419	2.6776	2.6148	2.5656	2.5233	2.489	2.4579	2.4259	2.3994	2.3699	2.3514
316	Guam	2.6974	2.7665	2.7703	2.7254	2.6492	2.5874	2.5328	2.4905	2.4529	2.4133	2.385	2.3584	2.3414	2.3237	2.3006	2.2909
296	Kiribati	3.4203	3.4456	3.4019	3.3066	3.2028	3.1001	2.995	2.9064	2.8297	2.7563	2.6881	2.6319	2.5804	2.5384	2.4958	2.4597
584	Marshall Islands	2.832	2.8231	2.7855	2.6995	2.6101	2.5282	2.4671	2.4216	2.3738	2.3395	2.3105	2.2999	2.282	2.27	2.257	2.2479
583	Micronesia (Fed. States of)	2.8255	2.8566	2.8386	2.7686	2.6698	2.5892	2.5334	2.4817	2.4379	2.4041	2.3744	2.3469	2.3188	2.3079	2.2935	2.2845
520	Nauru	3.6199	3.5772	3.5044	3.3733	3.248	3.1321	3.034	2.9444	2.8652	2.7757	2.7058	2.6425	2.5978	2.5593	2.5177	2.4793
580	Northern Mariana Islands	2.3006	2.4015	2.4616	2.4537	2.4122	2.3811	2.3549	2.334	2.3142	2.2976	2.2814	2.2725	2.2651	2.257	2.2467	2.2409
585	Palau	2.526	2.5655	2.5829	2.5444	2.494	2.4462	2.4138	2.3849	2.3586	2.3341	2.3192	2.3099	2.2954	2.2795	2.2667	2.2558
957	Polynesia	2.7723	2.8843	2.9498	2.9466	2.901	2.8486	2.7865	2.7333	2.6931	2.644	2.6016	2.5546	2.5114	2.471	2.4426	2.4148
16	American Samoa	2.4021	2.4955	2.5386	2.513	2.4603	2.4194	2.3826	2.3522	2.3271	2.308	2.2902	2.2783	2.2681	2.2573	2.2491	2.2407
184	Cook Islands	2.3771	2.4565	2.4951	2.473	2.4202	2.3767	2.3488	2.3313	2.3127	2.2922	2.2762	2.2637	2.2502	2.2368	2.2315	2.2228
258	French Polynesia	1.8402	2.0024	2.113	2.1429	2.1372	2.1355	2.1338	2.13	2.1371	2.1313	2.1349	2.1342	2.1344	2.1346	2.1353	2.1306
570	Niue	2.5689	2.6406	2.6662	2.6225	2.5569	2.5016	2.4537	2.418	2.3867	2.3512	2.3251	2.3054	2.2905	2.2809	2.2759	2.2586
882	Samoa	4.0314	3.9764	3.885	3.7313	3.5591	3.4225	3.2873	3.1725	3.0583	2.9448	2.8564	2.777	2.7079	2.6436	2.5919	2.5439
772	Tokelau	2.8241	2.8266	2.8136	2.744	2.6565	2.5788	2.525	2.4756	2.4345	2.3934	2.3696	2.3419	2.3228	2.3082	2.2898	2.2818
776	Tonga	3.3471	3.3693	3.3582	3.2773	3.167	3.0654	2.9829	2.8869	2.8172	2.7431	2.6857	2.6261	2.5703	2.514	2.4821	2.4537
798	Tuvalu	3.2882	3.3417	3.346	3.2823	3.1864	3.0954	3.0105	2.9264	2.8447	2.7713	2.703	2.6441	2.605	2.5699	2.5297	2.4841
876	Wallis and Futuna Islands	2.0861	2.2112	2.2974	2.3047	2.2815	2.2625	2.2451	2.2388	2.2226	2.2128	2.212	2.2057	2.1968	2.1954	2.1968	2.1939
