country_code	name	2020-2025	2025-2030	2030-2035	2035-2040	2040-2045	2045-2050	2050-2055	2055-2060	2060-2065	2065-2070	2070-2075	2075-2080	2080-2085	2085-2090	2090-2095	2095-2100
900	World	2.2724	2.1838	2.1228	2.0715	2.0359	2.0023	1.9545	1.91	1.8598	1.8178	1.7846	1.7506	1.72	1.6892	1.663	1.6416
1834	Sub-Saharan Africa	4.386	3.9627	3.5942	3.259	2.9848	2.7448	2.5482	2.378	2.2551	2.1356	2.0433	1.9552	1.8847	1.8299	1.7756	1.7354
1833	Northern Africa and Western Asia	2.7091	2.474	2.3264	2.2063	2.1014	2.0222	1.9512	1.897	1.8329	1.7791	1.735	1.7026	1.6744	1.6396	1.6202	1.5978
1831	Central and Southern Asia	2.1114	1.9362	1.8381	1.7721	1.7185	1.6735	1.6374	1.6106	1.5764	1.5562	1.5354	1.5194	1.5048	1.4938	1.4751	1.4748
1832	Eastern and South-Eastern Asia	1.4646	1.3992	1.3958	1.3804	1.3878	1.4066	1.4172	1.4114	1.4156	1.413	1.4084	1.4133	1.4246	1.4188	1.4168	1.4136
1830	Latin America and the Caribbean	1.8291	1.6876	1.6375	1.6012	1.5692	1.5496	1.5372	1.529	1.5182	1.5026	1.491	1.4884	1.4808	1.4688	1.472	1.468
1835	Oceania (excluding Australia and New Zealand)	2.9017	2.4441	2.2783	2.1559	2.0559	1.9786	1.9175	1.8659	1.8086	1.7601	1.7144	1.6722	1.6486	1.6132	1.5852	1.5612
1836	Australia/New Zealand	1.6326	1.4785	1.4431	1.417	1.408	1.3992	1.3872	1.3694	1.3554	1.3522	1.3632	1.3506	1.3496	1.3494	1.3456	1.3456
1829	Europe and Northern America	1.5578	1.4896	1.4924	1.4924	1.4836	1.4872	1.4884	1.4864	1.4808	1.4846	1.482	1.4758	1.4736	1.4794	1.481	1.4818
901	More developed regions	1.541	1.478	1.4828	1.4842	1.4806	1.4846	1.489	1.4874	1.4822	1.4842	1.4844	1.4816	1.4788	1.4856	1.4844	1.485
902	Less developed regions	2.3731	2.2729	2.1968	2.1308	2.0867	2.0469	1.9937	1.9411	1.8883	1.8412	1.8016	1.7626	1.7306	1.6974	1.6694	1.6456
941	Least developed countries	3.7855	3.4982	3.233	3.0015	2.7873	2.6109	2.4518	2.322	2.2122	2.1121	2.0237	1.9364	1.8675	1.8059	1.755	1.7258
934	Less developed regions, excluding least developed countries	2.0634	1.9633	1.9006	1.8457	1.8186	1.8054	1.767	1.7302	1.703	1.6756	1.6492	1.636	1.6186	1.595	1.5828	1.5673
948	Less developed regions, excluding China	2.6377	2.4873	2.3758	2.283	2.2073	2.1354	2.0664	2.0025	1.9425	1.8879	1.8412	1.794	1.754	1.7212	1.6886	1.6616
1636	Land-locked Developing Countries (LLDC)	3.7409	3.3993	3.1118	2.8797	2.6761	2.5158	2.3732	2.2328	2.1072	2.0163	1.9302	1.8687	1.8039	1.751	1.7168	1.6822
1637	Small Island Developing States (SIDS)	2.2329	2.0466	1.9786	1.9211	1.8679	1.8262	1.7844	1.7478	1.7098	1.6826	1.6688	1.6338	1.61	1.591	1.5804	1.5684
1503	High-income countries	1.5554	1.4952	1.4912	1.491	1.4892	1.4888	1.4866	1.4882	1.4848	1.4844	1.4824	1.4798	1.4786	1.4812	1.4794	1.4806
1517	Middle-income countries	2.1204	2.0152	1.9483	1.8975	1.8734	1.8558	1.8198	1.7828	1.7486	1.7176	1.69	1.671	1.6566	1.634	1.6112	1.5966
1502	Upper-middle-income countries	1.5039	1.4228	1.412	1.4098	1.4312	1.451	1.4562	1.4508	1.452	1.4476	1.4505	1.4556	1.4608	1.462	1.4644	1.4588
1501	Lower-middle-income countries	2.4883	2.3131	2.1991	2.1123	2.0388	1.9809	1.9209	1.8687	1.8252	1.7842	1.741	1.7128	1.6912	1.6662	1.6372	1.618
1500	Low-income countries	4.3644	3.95	3.5708	3.2501	2.968	2.7389	2.5319	2.3678	2.2366	2.1302	2.0361	1.9444	1.8659	1.8021	1.7568	1.713
1518	No income group available	2.0351	1.7981	1.7164	1.6339	1.5627	1.521	1.4842	1.4614	1.4428	1.4258	1.4042	1.3936	1.3818	1.3754	1.379	1.3645
903	Africa	4.1358	3.7595	3.4296	3.1389	2.894	2.6809	2.4999	2.3452	2.2255	2.1209	2.0346	1.9486	1.8849	1.8273	1.7732	1.7336
910	Eastern Africa	4.0158	3.5319	3.1725	2.8859	2.6435	2.4517	2.301	2.1786	2.0692	1.9753	1.8975	1.8199	1.7595	1.7055	1.668	1.63
108	Burundi	4.2685	3.569	2.9603	2.5373	2.2904	2.1142	1.9869	1.8664	1.7925	1.7224	1.6647	1.6298	1.5858	1.5706	1.5274	1.5022
174	Comoros	3.5354	3.1294	2.7948	2.5409	2.3338	2.1742	2.0444	1.9587	1.8789	1.8112	1.7646	1.6884	1.6548	1.6049	1.5864	1.5517
262	Djibouti	2.2548	2.0446	1.9136	1.8192	1.7297	1.6689	1.62	1.5834	1.5436	1.5164	1.4874	1.4654	1.4534	1.4344	1.41	1.393
232	Eritrea	3.1449	2.6449	2.3338	2.1378	2.0023	1.8965	1.8126	1.7457	1.6907	1.6455	1.6038	1.575	1.5542	1.515	1.4964	1.478
231	Ethiopia	3.6502	3.1041	2.7185	2.4306	2.2175	2.0438	1.9287	1.8203	1.7481	1.6865	1.6395	1.5881	1.5594	1.5248	1.4926	1.4684
404	Kenya	3.0285	2.6804	2.4254	2.2218	2.0641	1.9384	1.8317	1.7454	1.6741	1.6141	1.568	1.5332	1.5112	1.485	1.4626	1.4394
450	Madagascar	3.3357	2.933	2.6215	2.3946	2.2201	2.0667	1.9565	1.8679	1.7946	1.7303	1.6777	1.6428	1.6018	1.572	1.5402	1.5136
454	Malawi	3.2832	2.8027	2.4508	2.2141	2.0473	1.9361	1.8535	1.7756	1.7138	1.6727	1.6299	1.5907	1.5682	1.5366	1.5102	1.4878
480	Mauritius	1.2935	1.1854	1.1642	1.1532	1.1432	1.1392	1.1314	1.1386	1.1387	1.1308	1.1299	1.1454	1.1385	1.137	1.1374	1.1386
175	Mayotte	4.1757	3.6654	3.3242	3.0624	2.829	2.6283	2.4422	2.3041	2.1798	2.0558	1.9673	1.8837	1.7994	1.7457	1.6995	1.6651
508	Mozambique	3.9733	3.4195	2.9216	2.5338	2.2575	2.0867	1.9605	1.8613	1.7882	1.7209	1.6679	1.6276	1.6	1.5682	1.5336	1.5142
638	Réunion	2.0492	1.8663	1.7626	1.6879	1.6311	1.583	1.5474	1.518	1.493	1.4674	1.4554	1.4332	1.4108	1.4054	1.3881	1.3774
646	Rwanda	3.3942	2.9621	2.6594	2.4184	2.223	2.0592	1.9463	1.8401	1.7753	1.6985	1.6499	1.6018	1.57	1.5362	1.5148	1.5024
690	Seychelles	2.0804	1.9102	1.8048	1.7275	1.666	1.622	1.5832	1.5522	1.5272	1.4968	1.4781	1.463	1.4505	1.4328	1.4215	1.4028
706	Somalia	5.7481	4.8345	4.0093	3.3462	2.8195	2.4393	2.2169	2.0476	1.9264	1.8438	1.7739	1.7048	1.6692	1.6316	1.6026	1.582
728	South Sudan	3.4568	2.9039	2.5511	2.2889	2.0935	1.9538	1.837	1.7519	1.6883	1.6348	1.6036	1.5824	1.559	1.5285	1.5062	1.4812
800	Uganda	4.0231	3.31	2.7698	2.4074	2.1705	1.9966	1.868	1.7664	1.6878	1.6417	1.6012	1.5704	1.544	1.5196	1.4844	1.469
834	United Republic of Tanzania	4.1787	3.671	3.1732	2.7438	2.4514	2.229	2.1116	1.9891	1.8951	1.8154	1.738	1.6919	1.6546	1.616	1.5826	1.5514
894	Zambia	3.7294	3.2284	2.8247	2.5279	2.282	2.1375	2.018	1.9289	1.8426	1.7807	1.7219	1.6701	1.639	1.5948	1.5736	1.561
716	Zimbabwe	3.1286	2.8054	2.5545	2.3637	2.2142	2.0731	1.9563	1.8764	1.7961	1.7239	1.6704	1.6242	1.5974	1.5616	1.5252	1.5004
911	Middle Africa	5.1793	4.6596	4.0858	3.5793	3.1767	2.8692	2.5995	2.3959	2.2365	2.1075	2.012	1.9171	1.8364	1.7755	1.7133	1.648
24	Angola	4.5818	3.9612	3.3601	2.8933	2.5372	2.3098	2.1358	2.0169	1.9039	1.8221	1.7662	1.7121	1.6637	1.6168	1.5886	1.5606
120	Cameroon	4.0322	3.5364	3.1426	2.8111	2.5364	2.3378	2.1854	2.0685	1.9697	1.879	1.8179	1.7615	1.7046	1.664	1.633	1.5944
140	Central African Republic	5.2136	4.4828	3.7354	3.1171	2.6471	2.3051	2.1004	1.9568	1.8584	1.7864	1.7183	1.6689	1.6254	1.5834	1.553	1.5278
148	Chad	5.4885	4.6603	3.9386	3.3751	2.9142	2.5744	2.3287	2.1406	1.9851	1.8775	1.8027	1.7296	1.6916	1.6386	1.6086	1.5767
178	Congo	3.5562	3.1835	2.8596	2.6165	2.4056	2.2484	2.1272	2.0181	1.933	1.8593	1.7965	1.741	1.6966	1.669	1.626	1.5976
180	Democratic Republic of the Congo	5.4612	4.7692	4.0488	3.421	2.9206	2.5622	2.3121	2.1403	2.0013	1.8801	1.8086	1.7515	1.7047	1.6634	1.62	1.5876
226	Equatorial Guinea	3.3137	2.7209	2.3658	2.1162	1.9709	1.8539	1.7682	1.6892	1.6339	1.5979	1.5686	1.535	1.5014	1.4868	1.4694	1.449
266	Gabon	2.8981	2.5941	2.3849	2.1827	2.0272	1.9287	1.8422	1.7722	1.7053	1.6585	1.616	1.5824	1.5494	1.5136	1.501	1.4824
678	Sao Tome and Principe	3.3774	2.9593	2.6178	2.378	2.2105	2.0759	1.9691	1.881	1.7881	1.7213	1.6771	1.6348	1.6084	1.5752	1.5478	1.5239
912	Northern Africa	2.9369	2.5947	2.4063	2.2608	2.1315	2.025	1.9521	1.8916	1.8235	1.7605	1.7144	1.679	1.6376	1.6048	1.5748	1.5556
12	Algeria	2.5254	2.2455	2.0395	1.875	1.7739	1.6966	1.6339	1.6009	1.5564	1.5152	1.4928	1.4676	1.4678	1.4578	1.4304	1.4168
818	Egypt	2.6749	2.4143	2.2292	2.0834	1.9569	1.8564	1.7786	1.7223	1.6799	1.6282	1.5908	1.5518	1.5146	1.4896	1.4804	1.4648
434	Libya	2.0055	1.8199	1.6851	1.5974	1.5383	1.5106	1.4714	1.4542	1.4382	1.4258	1.408	1.3916	1.385	1.3748	1.3645	1.3538
504	Morocco	1.9789	1.8349	1.7366	1.6547	1.5955	1.5496	1.5028	1.4718	1.4458	1.433	1.4162	1.3997	1.3916	1.383	1.3796	1.3704
729	Sudan	3.7459	3.3195	2.9595	2.6721	2.4394	2.2441	2.1047	1.9885	1.9087	1.8324	1.7619	1.7081	1.6688	1.6416	1.6128	1.5868
788	Tunisia	1.8694	1.733	1.6605	1.5963	1.5436	1.5038	1.4724	1.445	1.4208	1.4014	1.3865	1.3656	1.361	1.3558	1.348	1.3516
732	Western Sahara	1.8391	1.7381	1.6482	1.5789	1.5298	1.4877	1.4705	1.4397	1.4194	1.3982	1.3882	1.374	1.3754	1.366	1.349	1.3672
913	Southern Africa	2.2883	2.0333	1.8996	1.8068	1.7245	1.6579	1.613	1.5772	1.5348	1.5034	1.478	1.4594	1.4518	1.4336	1.4163	1.3937
72	Botswana	2.4852	2.2514	2.0693	1.9207	1.8109	1.7318	1.6699	1.6213	1.5724	1.5408	1.505	1.4708	1.4646	1.4572	1.4254	1.4044
748	Eswatini	2.4492	2.1927	2.0407	1.9105	1.8143	1.7232	1.6613	1.6161	1.5656	1.5382	1.5006	1.4686	1.4372	1.4204	1.408	1.3934
426	Lesotho	2.6112	2.3923	2.209	2.0609	1.9381	1.8561	1.7782	1.712	1.6586	1.6155	1.5849	1.5549	1.5269	1.4975	1.4735	1.4649
516	Namibia	2.8385	2.5955	2.3933	2.2168	2.0747	1.9677	1.8762	1.8002	1.7399	1.6799	1.6312	1.5878	1.5544	1.5176	1.4922	1.4744
710	South Africa	2.1168	1.9332	1.8066	1.7201	1.6425	1.5789	1.5378	1.5096	1.4688	1.4426	1.4178	1.4008	1.3938	1.3796	1.3628	1.3487
914	Western Africa	4.6777	4.0918	3.6178	3.2254	2.9309	2.6864	2.4745	2.3005	2.1787	2.0711	1.9782	1.9022	1.8377	1.7847	1.7334	1.6914
204	Benin	4.4159	3.9306	3.5158	3.1423	2.8152	2.5379	2.35	2.199	2.0735	1.9877	1.89	1.8243	1.7557	1.7182	1.6798	1.6344
854	Burkina Faso	4.2507	3.5205	2.9285	2.5037	2.2426	2.0692	1.9455	1.857	1.7725	1.7115	1.6623	1.6042	1.5724	1.5574	1.5286	1.5158
132	Cabo Verde	1.6855	1.5648	1.4998	1.4583	1.4316	1.4076	1.3922	1.367	1.3516	1.3374	1.3314	1.3268	1.3094	1.306	1.302	1.2942
384	Côte d'Ivoire	3.9981	3.5663	3.2255	2.9267	2.6891	2.4815	2.3036	2.167	2.0517	1.9617	1.8821	1.8143	1.7613	1.7081	1.659	1.6254
270	Gambia	4.052	3.4012	2.8459	2.4312	2.1871	1.9963	1.8758	1.7852	1.7295	1.6753	1.6261	1.593	1.5628	1.5378	1.5092	1.4806
288	Ghana	3.2138	2.8596	2.5985	2.3889	2.2257	2.0941	1.9855	1.8994	1.8087	1.7415	1.6893	1.632	1.6	1.5692	1.5368	1.5282
324	Guinea	3.8794	3.2841	2.8244	2.4726	2.2095	2.0491	1.9451	1.8591	1.7658	1.7007	1.6544	1.6114	1.5714	1.5464	1.5248	1.5023
624	Guinea-Bissau	3.5164	3.0031	2.5912	2.3146	2.1432	1.998	1.8741	1.8003	1.7279	1.6768	1.6328	1.602	1.5712	1.545	1.5276	1.5032
430	Liberia	3.5577	3.0859	2.6977	2.4058	2.2132	2.072	1.9551	1.8662	1.7945	1.7199	1.6701	1.62	1.5878	1.5506	1.5244	1.509
466	Mali	5.2769	4.5331	3.8436	3.2579	2.8034	2.4674	2.2463	2.0809	1.9534	1.8497	1.7713	1.7094	1.6586	1.621	1.5936	1.5564
478	Mauritania	3.6258	3.1678	2.7908	2.5021	2.292	2.1234	1.993	1.9017	1.8213	1.7599	1.7005	1.6613	1.6239	1.5836	1.5658	1.5338
562	Niger	6.2033	5.4916	4.7577	4.0812	3.4797	2.9739	2.6125	2.3562	2.1734	2.0272	1.9132	1.8329	1.7755	1.7214	1.6691	1.629
566	Nigeria	4.5406	3.9381	3.3182	2.812	2.4786	2.2271	2.0473	1.9147	1.8199	1.7451	1.6908	1.6408	1.6098	1.5778	1.5399	1.51
654	Saint Helena	1.4144	1.3699	1.3415	1.3239	1.3119	1.3024	1.2966	1.2815	1.2632	1.2554	1.2564	1.2562	1.2549	1.2516	1.2561	1.2562
686	Senegal	3.9298	3.5273	3.1912	2.9069	2.6595	2.4574	2.2854	2.1657	2.0267	1.9327	1.8716	1.8117	1.7459	1.6863	1.6548	1.6226
694	Sierra Leone	3.4149	2.8398	2.4595	2.2083	2.0372	1.9092	1.8192	1.7329	1.6813	1.6206	1.579	1.543	1.522	1.4907	1.4644	1.4456
768	Togo	3.7679	3.3865	3.0764	2.8307	2.5896	2.4126	2.2485	2.124	2.0237	1.9364	1.855	1.7897	1.7301	1.6843	1.6428	1.6126
935	Asia	1.8731	1.7753	1.7211	1.6728	1.6564	1.6528	1.6276	1.606	1.5848	1.5672	1.563	1.5478	1.5406	1.523	1.5128	1.5002
5500	Central Asia	2.7402	2.5026	2.3172	2.169	2.0675	1.9704	1.8905	1.8233	1.7552	1.7114	1.6784	1.6382	1.609	1.5778	1.5558	1.5408
398	Kazakhstan	2.8954	2.6029	2.4083	2.2407	2.1171	2.0102	1.9193	1.8445	1.7807	1.7364	1.6862	1.6416	1.607	1.5684	1.5406	1.5236
417	Kyrgyzstan	2.7525	2.4787	2.2981	2.149	2.0174	1.9215	1.8327	1.761	1.7051	1.654	1.6312	1.5932	1.5692	1.5412	1.5126	1.4946
762	Tajikistan	2.8051	2.5469	2.3587	2.2062	2.0584	1.9465	1.861	1.7949	1.7377	1.6823	1.637	1.5972	1.565	1.5332	1.5178	1.4912
795	Turkmenistan	2.3299	2.1403	1.9976	1.8805	1.7832	1.7147	1.6542	1.6108	1.57	1.5402	1.5054	1.4768	1.4552	1.4339	1.4252	1.42
860	Uzbekistan	2.5824	2.2903	2.1086	1.9596	1.8541	1.7708	1.6905	1.6326	1.582	1.5492	1.5148	1.4906	1.4722	1.4425	1.434	1.4308
906	Eastern Asia	1.1294	1.0564	1.0642	1.0696	1.0802	1.0934	1.1047	1.1176	1.1402	1.1384	1.1439	1.1468	1.1526	1.1678	1.1794	1.187
156	China	1.0694	1.0272	1.0208	1.0272	1.0362	1.0524	1.0618	1.0656	1.0776	1.0791	1.0865	1.0926	1.0944	1.1013	1.1005	1.0945
344	China, Hong Kong SAR	0.6902	0.6274	0.6298	0.6388	0.6648	0.6859	0.7023	0.713	0.7226	0.7256	0.7384	0.7402	0.7531	0.7636	0.776	0.7857
446	China, Macao SAR	0.965	0.9956	1.0225	1.0465	1.074	1.092	1.1091	1.1276	1.1382	1.146	1.1516	1.162	1.1726	1.1676	1.1734	1.199
158	China, Taiwan Province of China	0.9932	0.9952	1.0044	1.0058	1.0132	1.0283	1.0414	1.0556	1.0733	1.0844	1.0921	1.0985	1.1194	1.1145	1.1318	1.1366
408	Dem. People's Republic of Korea	1.5159	1.4438	1.4154	1.397	1.3708	1.3592	1.3492	1.3345	1.3282	1.3237	1.322	1.32	1.3135	1.3032	1.2962	1.2984
392	Japan	1.1938	1.16	1.1412	1.1394	1.1432	1.1466	1.1508	1.15	1.1512	1.1463	1.1443	1.1473	1.1434	1.1519	1.1548	1.166
496	Mongolia	2.6135	2.2715	2.0638	1.9088	1.8027	1.7322	1.6763	1.6218	1.5896	1.5508	1.5272	1.4916	1.4782	1.4586	1.4296	1.4308
410	Republic of Korea	0.7746	0.7292	0.729	0.7416	0.7513	0.7717	0.7863	0.8071	0.8135	0.8286	0.842	0.8542	0.8709	0.8879	0.9011	0.9216
5501	Southern Asia	2.0866	1.9104	1.8125	1.7445	1.6905	1.6481	1.6138	1.5862	1.5532	1.5282	1.5142	1.4982	1.4828	1.4724	1.4545	1.4534
4	Afghanistan	3.9108	3.196	2.6916	2.3516	2.1358	1.9852	1.8715	1.7696	1.7185	1.6739	1.6207	1.5711	1.5376	1.5108	1.4976	1.4803
50	Bangladesh	1.809	1.6434	1.5496	1.4937	1.4515	1.4148	1.3868	1.3678	1.3582	1.3466	1.344	1.3306	1.3213	1.3304	1.3284	1.3151
64	Bhutan	1.2547	1.1568	1.1378	1.1266	1.1278	1.1266	1.1378	1.1444	1.1302	1.1434	1.1395	1.1406	1.1394	1.1337	1.1437	1.1482
356	India	1.8565	1.6973	1.601	1.5427	1.4929	1.4578	1.4378	1.4128	1.3952	1.3888	1.3778	1.3648	1.3604	1.3465	1.3304	1.3282
364	Iran (Islamic Republic of)	1.5763	1.4663	1.4264	1.3896	1.3712	1.3482	1.3388	1.341	1.3211	1.3036	1.2973	1.2974	1.2968	1.2922	1.2958	1.2971
462	Maldives	1.4867	1.3888	1.3549	1.3434	1.32	1.311	1.2902	1.2874	1.285	1.2738	1.277	1.2688	1.2682	1.2713	1.2732	1.2698
524	Nepal	1.7736	1.6347	1.5508	1.4985	1.4483	1.4196	1.389	1.3756	1.3612	1.3448	1.334	1.3235	1.3094	1.3046	1.307	1.3011
586	Pakistan	2.973	2.6332	2.368	2.1864	2.034	1.9239	1.8245	1.7519	1.6999	1.6398	1.6016	1.5646	1.5428	1.5044	1.4896	1.4634
144	Sri Lanka	1.6957	1.6174	1.5592	1.5132	1.4826	1.4524	1.4378	1.4256	1.4165	1.3885	1.3729	1.3636	1.3491	1.3418	1.3319	1.322
920	South-Eastern Asia	2.0436	1.897	1.8243	1.7641	1.7172	1.675	1.6454	1.6188	1.5976	1.5766	1.5546	1.5376	1.535	1.5216	1.5091	1.4918
96	Brunei Darussalam	1.5609	1.4533	1.4084	1.384	1.355	1.3428	1.327	1.3128	1.3084	1.2958	1.287	1.2828	1.2724	1.2799	1.2838	1.2857
116	Cambodia	2.0107	1.8437	1.7414	1.6545	1.6005	1.547	1.5008	1.475	1.456	1.4358	1.4244	1.4115	1.41	1.4004	1.3892	1.3713
360	Indonesia	1.9223	1.7916	1.7107	1.6335	1.5808	1.552	1.5192	1.4894	1.4602	1.443	1.4222	1.4146	1.4028	1.3832	1.3765	1.3673
418	Lao People's Democratic Republic	2.1251	1.934	1.7923	1.6962	1.6209	1.5717	1.5221	1.4854	1.4532	1.4234	1.416	1.4086	1.3996	1.3854	1.3745	1.362
458	Malaysia	1.6053	1.5056	1.4471	1.4138	1.3916	1.357	1.3478	1.3286	1.3206	1.2962	1.305	1.2951	1.2866	1.289	1.2894	1.2872
104	Myanmar	1.8493	1.7195	1.6349	1.5798	1.5418	1.5072	1.478	1.4548	1.4328	1.4091	1.4078	1.3953	1.3773	1.3715	1.3562	1.35
608	Philippines	2.3982	2.2024	2.055	1.9495	1.8455	1.7651	1.7025	1.6375	1.594	1.558	1.5292	1.505	1.4748	1.4662	1.4428	1.426
702	Singapore	0.9093	0.8826	0.8698	0.8684	0.8772	0.8744	0.8662	0.8696	0.8814	0.8743	0.8882	0.9134	0.9118	0.9034	0.9174	0.913
764	Thailand	1.1553	1.0868	1.0812	1.0844	1.0816	1.0812	1.0834	1.0896	1.0824	1.086	1.0909	1.0924	1.1049	1.112	1.115	1.1123
626	Timor-Leste	2.5535	2.1426	1.9303	1.8069	1.7134	1.6481	1.5891	1.533	1.4952	1.4664	1.4624	1.4408	1.4221	1.4104	1.3837	1.3684
704	Viet Nam	1.8088	1.7097	1.6598	1.6106	1.5798	1.5534	1.5204	1.5005	1.4835	1.4696	1.4527	1.4304	1.421	1.406	1.4017	1.3798
922	Western Asia	2.4547	2.2682	2.1376	2.0306	1.9557	1.8942	1.8293	1.7757	1.7103	1.673	1.647	1.6152	1.5928	1.572	1.5462	1.5278
51	Armenia	1.4084	1.376	1.3486	1.3304	1.3142	1.3091	1.2976	1.2964	1.2777	1.2636	1.2529	1.2502	1.2481	1.2497	1.24	1.2548
31	Azerbaijan	1.4674	1.3888	1.35	1.3358	1.3206	1.3062	1.291	1.2853	1.2742	1.2692	1.2712	1.2678	1.2634	1.2602	1.2644	1.2594
48	Bahrain	1.6075	1.4955	1.4361	1.3957	1.38	1.3634	1.3478	1.3334	1.3244	1.309	1.2968	1.2836	1.2906	1.2866	1.2728	1.27
196	Cyprus	1.1821	1.111	1.1034	1.1034	1.1002	1.102	1.0914	1.1086	1.1066	1.109	1.1198	1.1182	1.1202	1.1264	1.128	1.123
268	Georgia	1.8635	1.757	1.6692	1.6133	1.5677	1.5287	1.5049	1.4765	1.4439	1.4287	1.4135	1.4011	1.3907	1.3816	1.3601	1.3548
368	Iraq	3.0673	2.7498	2.4956	2.2892	2.1365	2.0163	1.9133	1.8299	1.7601	1.7183	1.6577	1.6192	1.5858	1.5448	1.5202	1.5008
376	Israel	2.8177	2.5427	2.3587	2.2058	2.0838	1.9726	1.8808	1.8192	1.7591	1.7105	1.6684	1.6315	1.5936	1.5618	1.5444	1.528
400	Jordan	2.4491	2.2191	2.0403	1.8892	1.7712	1.6958	1.6312	1.5799	1.5384	1.4974	1.4606	1.4422	1.4258	1.3992	1.3908	1.3736
414	Kuwait	1.8602	1.7234	1.6303	1.5722	1.5269	1.4989	1.4696	1.4438	1.4174	1.4048	1.3862	1.3722	1.3494	1.3454	1.3306	1.3258
422	Lebanon	1.7624	1.6309	1.5739	1.5336	1.4976	1.4644	1.444	1.4274	1.4149	1.3955	1.384	1.3772	1.3654	1.3632	1.3552	1.3429
512	Oman	2.4007	2.0814	1.8746	1.7441	1.6515	1.582	1.5475	1.5185	1.4973	1.4726	1.4502	1.4256	1.419	1.402	1.3828	1.3814
634	Qatar	1.6119	1.496	1.4253	1.3851	1.3594	1.3368	1.3211	1.3054	1.2974	1.2832	1.2894	1.2894	1.2877	1.2842	1.2784	1.2764
682	Saudi Arabia	2.1136	1.9245	1.7787	1.6845	1.6129	1.5462	1.5051	1.4696	1.458	1.4352	1.422	1.4092	1.3938	1.3864	1.3774	1.373
275	State of Palestine	3.0665	2.6861	2.4076	2.1917	2.0368	1.9103	1.8189	1.7452	1.6746	1.6189	1.5643	1.5392	1.5058	1.4748	1.4632	1.4394
760	Syrian Arab Republic	2.2549	2.0335	1.8991	1.7994	1.7239	1.6661	1.6097	1.5642	1.5246	1.4872	1.461	1.4496	1.4237	1.406	1.3994	1.3912
792	Türkiye	1.7044	1.5911	1.5241	1.4766	1.4448	1.4184	1.4066	1.3856	1.369	1.3525	1.3386	1.3366	1.3229	1.3122	1.3078	1.3048
784	United Arab Emirates	1.3405	1.2316	1.1975	1.1806	1.182	1.1756	1.1666	1.1682	1.1662	1.1578	1.157	1.1514	1.152	1.1608	1.1666	1.1718
887	Yemen	3.1754	2.6215	2.3625	2.1456	1.993	1.8688	1.7672	1.6884	1.6415	1.5926	1.5552	1.5226	1.5042	1.4742	1.4404	1.4304
908	Europe	1.5046	1.4534	1.47	1.4726	1.4722	1.4774	1.4884	1.4954	1.4936	1.4944	1.4978	1.5038	1.507	1.512	1.5078	1.51
923	Eastern Europe	1.522	1.4208	1.423	1.4214	1.4252	1.4398	1.4558	1.4626	1.4648	1.4668	1.4702	1.4736	1.4846	1.4874	1.4828	1.4836
112	Belarus	1.3577	1.3374	1.342	1.34	1.3324	1.3478	1.351	1.3486	1.344	1.3516	1.3498	1.3616	1.3666	1.3776	1.3776	1.367
100	Bulgaria	1.4736	1.4293	1.4109	1.3954	1.3915	1.3795	1.374	1.3651	1.3631	1.3574	1.3653	1.3676	1.3603	1.3678	1.3673	1.3707
203	Czechia	1.6011	1.5334	1.5016	1.4842	1.461	1.4492	1.4494	1.4386	1.4364	1.4394	1.438	1.4274	1.4248	1.419	1.4202	1.4264
348	Hungary	1.4999	1.4205	1.3829	1.3611	1.3422	1.3418	1.3406	1.336	1.3282	1.3338	1.3324	1.3232	1.3143	1.3175	1.313	1.3149
616	Poland	1.3428	1.3015	1.2756	1.2624	1.2535	1.256	1.2422	1.2422	1.2373	1.2349	1.2463	1.2383	1.2359	1.2397	1.2425	1.243
498	Republic of Moldova	1.6885	1.6105	1.5595	1.5199	1.4949	1.4766	1.4706	1.4576	1.4434	1.4354	1.4258	1.4148	1.416	1.4124	1.4028	1.4062
642	Romania	1.619	1.5451	1.5057	1.483	1.4646	1.4426	1.433	1.4353	1.4242	1.4185	1.4196	1.4138	1.4106	1.4042	1.3988	1.4078
643	Russian Federation	1.3884	1.3814	1.3818	1.386	1.3968	1.407	1.4058	1.4092	1.4164	1.4154	1.4248	1.4373	1.4408	1.443	1.4338	1.4348
703	Slovakia	1.4554	1.4061	1.372	1.3586	1.3524	1.3512	1.353	1.3413	1.3342	1.3346	1.343	1.321	1.3243	1.3178	1.3162	1.3138
804	Ukraine	1.1339	1.1336	1.127	1.1288	1.1403	1.1464	1.1551	1.1647	1.1634	1.1607	1.1781	1.1837	1.1932	1.1875	1.2002	1.2076
924	Northern Europe	1.5839	1.4646	1.4408	1.4254	1.4204	1.422	1.4202	1.4116	1.4054	1.3966	1.3972	1.4064	1.406	1.4128	1.4156	1.4154
208	Denmark	1.6163	1.5437	1.4948	1.472	1.4524	1.4392	1.4226	1.4024	1.3988	1.39	1.3826	1.383	1.3706	1.375	1.3826	1.3918
233	Estonia	1.555	1.4897	1.4476	1.4325	1.411	1.3946	1.388	1.3886	1.3903	1.3745	1.3602	1.352	1.3476	1.3337	1.3462	1.3405
234	Faroe Islands	2.5378	2.3142	2.1604	2.0449	1.9403	1.8609	1.7946	1.736	1.6842	1.634	1.5996	1.5648	1.5334	1.5092	1.4912	1.4682
246	Finland	1.294	1.2424	1.2172	1.2024	1.1958	1.2016	1.1986	1.1894	1.1876	1.183	1.1874	1.1836	1.1822	1.1768	1.1884	1.169
831	Guernsey	1.3229	1.2838	1.27	1.2562	1.2498	1.2516	1.257	1.2666	1.2692	1.2556	1.2522	1.2522	1.2594	1.2698	1.2766	1.2688
352	Iceland	1.5689	1.4613	1.4214	1.3912	1.3658	1.3564	1.336	1.3178	1.302	1.2916	1.2902	1.2766	1.2548	1.257	1.2598	1.249
372	Ireland	1.6403	1.5635	1.5084	1.4814	1.4472	1.4244	1.4048	1.3898	1.3704	1.3608	1.3486	1.3384	1.3342	1.321	1.3106	1.3096
833	Isle of Man	1.4175	1.3614	1.3284	1.3002	1.2842	1.2652	1.2488	1.2422	1.2322	1.2254	1.2288	1.2256	1.2236	1.2288	1.2184	1.2296
832	Jersey	1.3581	1.3135	1.2886	1.2766	1.2758	1.2786	1.2784	1.2656	1.2522	1.2542	1.2588	1.2584	1.2656	1.2648	1.2686	1.265
428	Latvia	1.4896	1.4111	1.3603	1.3469	1.3209	1.2927	1.2829	1.2692	1.2608	1.2564	1.2525	1.2522	1.2488	1.2338	1.2383	1.243
440	Lithuania	1.5078	1.4565	1.4337	1.4247	1.4093	1.4128	1.3982	1.396	1.3837	1.3876	1.3784	1.386	1.383	1.3818	1.3806	1.3732
578	Norway	1.4046	1.3407	1.3162	1.3002	1.295	1.2908	1.2902	1.2762	1.2716	1.2634	1.265	1.262	1.2586	1.2492	1.2558	1.2542
752	Sweden	1.6029	1.5047	1.4608	1.4354	1.4052	1.3956	1.3938	1.3864	1.3724	1.352	1.3388	1.3368	1.3348	1.3226	1.3312	1.3216
826	United Kingdom	1.4543	1.3972	1.3674	1.3432	1.3396	1.3358	1.3198	1.3062	1.3	1.288	1.2962	1.2986	1.3038	1.303	1.2926	1.2876
925	Southern Europe	1.3084	1.248	1.2454	1.25	1.2598	1.2648	1.2794	1.2778	1.2774	1.2816	1.285	1.2923	1.304	1.3026	1.303	1.3133
8	Albania	1.1965	1.1402	1.131	1.1248	1.1194	1.1094	1.1124	1.1212	1.1143	1.1083	1.1138	1.1249	1.1219	1.1328	1.1431	1.1442
20	Andorra	1.0363	0.9826	0.9756	0.9752	0.9842	0.9828	0.9816	0.992	0.99	0.9982	1.011	1.0104	1.0198	1.0173	1.0179	1.0348
70	Bosnia and Herzegovina	1.2077	1.1367	1.1148	1.1106	1.1086	1.109	1.1068	1.1152	1.1122	1.1157	1.1114	1.1169	1.1267	1.1286	1.1287	1.1341
191	Croatia	1.3067	1.2277	1.2053	1.196	1.1892	1.1913	1.1775	1.1749	1.169	1.1708	1.1678	1.1757	1.1802	1.1859	1.1782	1.1804
292	Gibraltar	1.5897	1.5076	1.4742	1.4496	1.4202	1.3984	1.381	1.3678	1.3493	1.3301	1.327	1.328	1.3144	1.3148	1.3028	1.3047
300	Greece	1.2676	1.2151	1.1954	1.1753	1.1706	1.1713	1.1674	1.1682	1.1613	1.1632	1.1642	1.1704	1.1617	1.1632	1.1739	1.1718
380	Italy	1.1973	1.1526	1.1312	1.1166	1.1193	1.1128	1.1204	1.1109	1.107	1.1144	1.1225	1.1258	1.1248	1.1266	1.1324	1.1346
412	Kosovo (under UNSC res. 1244)	1.3609	1.2772	1.2438	1.2266	1.2158	1.2112	1.2038	1.197	1.1856	1.1884	1.184	1.1876	1.19	1.1934	1.1962	1.201
470	Malta	1.0735	1.067	1.0708	1.087	1.1002	1.109	1.1204	1.1258	1.1314	1.1377	1.1553	1.1596	1.1793	1.1912	1.1974	1.1976
499	Montenegro	1.5686	1.4439	1.4015	1.3654	1.3485	1.3288	1.3194	1.3109	1.3014	1.2984	1.2841	1.277	1.2686	1.2672	1.269	1.2698
807	North Macedonia	1.2473	1.222	1.209	1.1988	1.1904	1.1913	1.1924	1.1918	1.1902	1.1984	1.1971	1.199	1.1998	1.1955	1.1941	1.1843
620	Portugal	1.2669	1.1987	1.1645	1.1476	1.1391	1.1263	1.1165	1.1242	1.1145	1.1242	1.1343	1.141	1.1375	1.1337	1.1247	1.1222
674	San Marino	0.9872	0.9642	0.9652	0.9688	0.9636	0.9724	0.9772	0.9915	1.002	0.994	1.0034	1.0096	1.0248	1.0336	1.0457	1.0453
688	Serbia	1.4114	1.3587	1.3293	1.3139	1.2993	1.2911	1.2721	1.2755	1.2711	1.2726	1.261	1.2666	1.2654	1.2683	1.2659	1.2614
705	Slovenia	1.5586	1.4761	1.4456	1.4294	1.4238	1.4308	1.426	1.4145	1.405	1.4052	1.4092	1.414	1.4078	1.4046	1.3934	1.396
724	Spain	1.1786	1.1442	1.1348	1.121	1.1116	1.118	1.1196	1.1156	1.1058	1.119	1.1263	1.1266	1.1401	1.1432	1.1482	1.1553
926	Western Europe	1.5826	1.5116	1.4874	1.4666	1.4502	1.427	1.4244	1.4294	1.4294	1.428	1.4238	1.4256	1.4208	1.4228	1.42	1.4218
40	Austria	1.4068	1.332	1.2934	1.2794	1.2744	1.2746	1.2678	1.264	1.2596	1.2512	1.2484	1.246	1.2458	1.2498	1.2452	1.2462
56	Belgium	1.4815	1.4242	1.3896	1.3768	1.3688	1.3518	1.3442	1.3328	1.3288	1.321	1.3268	1.3218	1.3134	1.3208	1.3136	1.319
250	France	1.7213	1.615	1.5684	1.527	1.4948	1.4702	1.4532	1.4338	1.422	1.4102	1.3896	1.3916	1.3866	1.3702	1.3732	1.366
276	Germany	1.4639	1.3757	1.3341	1.3084	1.2974	1.2876	1.2808	1.2804	1.2776	1.2672	1.2756	1.2792	1.2778	1.2772	1.28	1.2748
438	Liechtenstein	1.375	1.32	1.2856	1.2506	1.2394	1.223	1.2124	1.21	1.2074	1.2038	1.2138	1.2062	1.1974	1.1978	1.1992	1.1966
442	Luxembourg	1.3023	1.2453	1.2222	1.2092	1.1994	1.187	1.1858	1.196	1.1986	1.1918	1.1864	1.1884	1.1864	1.1904	1.2094	1.2044
492	Monaco	1.9335	1.7985	1.7138	1.6504	1.5946	1.5666	1.531	1.5008	1.4814	1.4614	1.4462	1.4329	1.4157	1.3944	1.375	1.3598
528	Netherlands	1.5411	1.4714	1.4314	1.4042	1.3784	1.3634	1.3608	1.3504	1.3416	1.329	1.3252	1.3276	1.3252	1.324	1.3214	1.3226
756	Switzerland	1.3778	1.3375	1.3058	1.293	1.2824	1.2742	1.2748	1.2766	1.2734	1.273	1.2688	1.2682	1.265	1.2628	1.2656	1.2716
904	Latin America and the Caribbean	1.8291	1.6876	1.6375	1.6012	1.5692	1.5496	1.5372	1.529	1.5182	1.5026	1.491	1.4884	1.4808	1.4688	1.472	1.468
915	Caribbean	1.9774	1.7977	1.7368	1.6868	1.652	1.6262	1.5978	1.5782	1.5518	1.5208	1.5099	1.4907	1.4794	1.4654	1.4598	1.4498
660	Anguilla	1.0304	1.0036	1.0024	1.0064	1.014	1.0242	1.0354	1.0338	1.0374	1.0395	1.0525	1.0665	1.0701	1.0756	1.0722	1.0788
28	Antigua and Barbuda	1.4647	1.3699	1.3254	1.311	1.2954	1.2808	1.2734	1.2666	1.2594	1.2638	1.2514	1.2439	1.2358	1.2505	1.2464	1.2321
533	Aruba	1.106	1.0098	1.0064	1.006	1.0036	1.0016	0.9985	1.0126	1.0219	1.0312	1.0312	1.0291	1.0497	1.062	1.0554	1.0616
44	Bahamas	1.1957	1.1288	1.1242	1.1274	1.1244	1.1212	1.1264	1.1264	1.1264	1.1294	1.1298	1.1322	1.1272	1.1248	1.1184	1.128
52	Barbados	1.422	1.3974	1.381	1.3598	1.3452	1.3406	1.3279	1.3196	1.311	1.2975	1.3012	1.2988	1.2996	1.3014	1.297	1.3
535	Bonaire, Sint Eustatius and Saba	1.5075	1.4345	1.3894	1.3596	1.3298	1.3174	1.2984	1.2888	1.278	1.2784	1.277	1.2694	1.2628	1.2546	1.2502	1.2546
92	British Virgin Islands	0.8634	0.8466	0.8384	0.8452	0.8466	0.8666	0.8808	0.8926	0.906	0.9206	0.9177	0.9311	0.9424	0.9597	0.9849	0.987
136	Cayman Islands	1.1162	1.0079	1.0118	1.0126	0.9996	1.0002	1.013	1.0206	1.0242	1.0242	1.0252	1.028	1.027	1.0528	1.0532	1.0548
192	Cuba	1.3922	1.3043	1.2804	1.2654	1.261	1.2648	1.2692	1.2633	1.257	1.2513	1.2609	1.2427	1.2408	1.2447	1.252	1.2531
531	Curaçao	1.4674	1.3956	1.3678	1.3458	1.3268	1.3114	1.302	1.281	1.2898	1.2874	1.2742	1.2752	1.2694	1.2657	1.2644	1.2636
212	Dominica	1.3283	1.289	1.268	1.2596	1.2454	1.2438	1.2424	1.2376	1.2336	1.2365	1.2329	1.2274	1.2271	1.2165	1.2053	1.2121
214	Dominican Republic	2.0436	1.8528	1.7354	1.6465	1.5856	1.542	1.5018	1.465	1.4484	1.4249	1.4038	1.3951	1.3719	1.3605	1.3597	1.35
308	Grenada	1.6942	1.5991	1.5418	1.506	1.4784	1.461	1.4432	1.4344	1.4119	1.3846	1.3723	1.3483	1.3424	1.3498	1.344	1.3384
312	Guadeloupe	1.8176	1.7098	1.6514	1.6016	1.5575	1.5198	1.5043	1.4815	1.4635	1.4439	1.4223	1.4004	1.4032	1.3963	1.3844	1.3739
332	Haiti	2.4	2.1805	2.0149	1.8839	1.783	1.7147	1.657	1.611	1.5788	1.5354	1.5031	1.4736	1.452	1.4432	1.4276	1.4169
388	Jamaica	1.1704	1.1046	1.0904	1.0992	1.0972	1.0988	1.1018	1.0974	1.0956	1.1031	1.1122	1.1147	1.1249	1.1301	1.1262	1.1269
474	Martinique	1.7118	1.6153	1.5557	1.5029	1.4679	1.4357	1.4188	1.4128	1.398	1.3841	1.3798	1.3692	1.3593	1.3532	1.3414	1.3396
500	Montserrat	1.3491	1.2902	1.2696	1.2533	1.2417	1.2334	1.2318	1.2216	1.2206	1.232	1.2264	1.2271	1.2321	1.2308	1.229	1.2276
630	Puerto Rico	1.18	1.0908	1.0748	1.0761	1.0585	1.0625	1.0563	1.0549	1.0524	1.0623	1.0714	1.0741	1.0756	1.0873	1.0833	1.0942
652	Saint Barthélemy	0.8431	0.841	0.8434	0.8516	0.8542	0.8686	0.8774	0.8922	0.9021	0.9183	0.9353	0.9506	0.9641	0.9752	0.987	0.9936
659	Saint Kitts and Nevis	1.2559	1.1756	1.1682	1.176	1.1822	1.1823	1.1788	1.174	1.173	1.1767	1.1856	1.1954	1.1901	1.1872	1.1812	1.1852
662	Saint Lucia	1.1026	1.068	1.0678	1.083	1.0964	1.1024	1.1054	1.1073	1.1052	1.1101	1.1223	1.1207	1.1071	1.119	1.1393	1.1419
663	Saint Martin (French part)	2.1752	1.9905	1.8727	1.7827	1.7184	1.6644	1.6228	1.5787	1.5525	1.5191	1.4896	1.4654	1.4516	1.4468	1.425	1.4152
670	Saint Vincent and the Grenadines	1.5794	1.4642	1.4126	1.3908	1.374	1.3574	1.3448	1.3274	1.3093	1.2998	1.301	1.2942	1.2951	1.2925	1.281	1.281
534	Sint Maarten (Dutch part)	1.3091	1.2678	1.2496	1.2438	1.2478	1.2479	1.2458	1.2442	1.2364	1.2308	1.2198	1.2208	1.2118	1.21	1.215	1.2196
780	Trinidad and Tobago	1.3256	1.2736	1.2572	1.2562	1.2594	1.2514	1.2444	1.2368	1.2334	1.2272	1.2292	1.2226	1.2288	1.2311	1.2287	1.2238
796	Turks and Caicos Islands	1.4824	1.3915	1.344	1.312	1.2942	1.28	1.265	1.2568	1.253	1.2472	1.2404	1.2378	1.2388	1.248	1.2422	1.241
850	United States Virgin Islands	1.8423	1.7291	1.6594	1.6137	1.5702	1.5276	1.4992	1.4662	1.4482	1.429	1.4035	1.394	1.3885	1.3798	1.3692	1.3588
916	Central America	1.8485	1.6468	1.5879	1.5443	1.5064	1.482	1.4694	1.4532	1.4382	1.4266	1.4222	1.4186	1.4077	1.4128	1.4051	1.3966
84	Belize	1.8147	1.6745	1.5977	1.5398	1.4949	1.4569	1.4284	1.3966	1.381	1.3608	1.3592	1.35	1.3351	1.3264	1.3182	1.3108
188	Costa Rica	1.3828	1.2831	1.2554	1.2386	1.2166	1.2038	1.198	1.192	1.1948	1.1925	1.1882	1.189	1.1822	1.1828	1.187	1.1753
222	El Salvador	1.5614	1.4686	1.4218	1.3842	1.3472	1.327	1.3228	1.3111	1.2952	1.2928	1.2924	1.2876	1.2785	1.2771	1.2846	1.2728
320	Guatemala	2.1844	1.9138	1.7646	1.6493	1.5712	1.5339	1.4987	1.4616	1.436	1.4098	1.3932	1.384	1.3704	1.3644	1.3513	1.3408
340	Honduras	2.0005	1.8552	1.7451	1.6701	1.6139	1.5693	1.5261	1.495	1.4578	1.4348	1.4094	1.4036	1.3902	1.376	1.365	1.3506
484	Mexico	1.6266	1.4999	1.4486	1.407	1.3814	1.3616	1.342	1.3148	1.3138	1.306	1.2982	1.2844	1.2962	1.2816	1.2805	1.2813
558	Nicaragua	1.9236	1.803	1.7053	1.6096	1.5507	1.5114	1.4838	1.4562	1.4306	1.4058	1.3946	1.3745	1.3626	1.3592	1.3482	1.338
591	Panama	2.0975	1.9341	1.827	1.7248	1.6649	1.6219	1.5764	1.543	1.5184	1.4882	1.466	1.451	1.4412	1.431	1.4156	1.3942
931	South America	1.7669	1.6162	1.5657	1.5266	1.4966	1.4838	1.4672	1.4662	1.4578	1.4334	1.4256	1.4254	1.4224	1.4221	1.4252	1.4262
32	Argentina	1.6932	1.5899	1.5275	1.4862	1.4556	1.4328	1.416	1.4004	1.3844	1.3655	1.3444	1.3426	1.3324	1.3248	1.3206	1.3129
68	Bolivia (Plurinational State of)	2.2245	2.0694	1.9327	1.8253	1.7438	1.6913	1.6211	1.5764	1.5352	1.5006	1.474	1.4428	1.4308	1.4128	1.4178	1.4009
76	Brazil	1.519	1.4029	1.3518	1.3158	1.2936	1.2854	1.2752	1.269	1.2526	1.2414	1.238	1.2375	1.2395	1.2329	1.2493	1.2576
152	Chile	1.328	1.2746	1.2594	1.2494	1.2416	1.2334	1.2334	1.2234	1.2204	1.2056	1.2119	1.2028	1.2044	1.1948	1.2036	1.202
170	Colombia	1.5234	1.4311	1.3873	1.3646	1.3374	1.322	1.3012	1.2992	1.2972	1.2862	1.2761	1.2788	1.2647	1.2569	1.2719	1.2667
218	Ecuador	1.8106	1.6813	1.6068	1.5371	1.4797	1.4432	1.4094	1.3922	1.3752	1.3574	1.3532	1.333	1.3276	1.3278	1.3188	1.3112
238	Falkland Islands (Malvinas)	1.3811	1.3516	1.3294	1.3158	1.2984	1.2796	1.2726	1.2638	1.2575	1.2464	1.2422	1.2424	1.2448	1.2267	1.2297	1.2342
254	French Guiana	3.1644	2.878	2.6537	2.4776	2.3248	2.2044	2.0928	2.0038	1.9247	1.8554	1.801	1.74	1.6851	1.6435	1.6146	1.5845
328	Guyana	2.0826	1.9523	1.846	1.7584	1.7022	1.6591	1.6101	1.5705	1.5415	1.504	1.4743	1.4606	1.4447	1.4337	1.4262	1.4173
600	Paraguay	2.1151	1.9766	1.8723	1.7834	1.7071	1.6515	1.5922	1.5496	1.513	1.4799	1.4468	1.4258	1.4068	1.406	1.401	1.3819
604	Peru	1.8811	1.7501	1.6634	1.5949	1.5413	1.5032	1.4876	1.4704	1.4396	1.4174	1.404	1.3782	1.3647	1.361	1.3584	1.3396
740	Suriname	2.0917	1.9265	1.8237	1.7329	1.6725	1.6162	1.571	1.5328	1.5042	1.4716	1.4456	1.4314	1.4107	1.3964	1.3882	1.3744
858	Uruguay	1.3285	1.253	1.2286	1.2038	1.1958	1.199	1.1864	1.1878	1.1712	1.1761	1.1725	1.1805	1.1953	1.1983	1.1977	1.1979
862	Venezuela (Bolivarian Republic of)	1.8974	1.7861	1.7104	1.6285	1.5557	1.51	1.4712	1.4518	1.4342	1.4164	1.3932	1.3836	1.3686	1.36	1.3634	1.3515
905	Northern America	1.6142	1.4883	1.4503	1.4222	1.4056	1.378	1.3662	1.3506	1.3418	1.33	1.329	1.3178	1.3138	1.314	1.3066	1.2988
60	Bermuda	1.2804	1.2134	1.1861	1.1692	1.1616	1.1475	1.1423	1.1465	1.1452	1.1423	1.1418	1.1441	1.1478	1.1511	1.1504	1.1445
124	Canada	1.3454	1.2955	1.2724	1.2614	1.241	1.2274	1.2324	1.2338	1.2282	1.2224	1.2134	1.2204	1.2158	1.2214	1.2236	1.218
304	Greenland	1.7557	1.6536	1.6032	1.5698	1.5291	1.5023	1.4726	1.4523	1.432	1.4122	1.3997	1.3893	1.373	1.3716	1.3543	1.3551
666	Saint Pierre and Miquelon	1.3825	1.3409	1.3123	1.2912	1.291	1.274	1.2469	1.2406	1.2374	1.2433	1.2391	1.2302	1.2367	1.2316	1.2427	1.2465
840	United States of America	1.5589	1.4939	1.4518	1.4212	1.399	1.3666	1.3572	1.337	1.3256	1.3178	1.3164	1.2984	1.2968	1.2916	1.2832	1.2778
909	Oceania	2.1156	1.9131	1.8574	1.8167	1.7637	1.7281	1.6836	1.6614	1.636	1.6202	1.5946	1.5694	1.5604	1.5456	1.529	1.5118
927	Australia/New Zealand	1.6326	1.4785	1.4431	1.417	1.408	1.3992	1.3872	1.3694	1.3554	1.3522	1.3632	1.3506	1.3496	1.3494	1.3456	1.3456
36	Australia	1.5078	1.4375	1.3999	1.3764	1.3626	1.355	1.341	1.3276	1.3156	1.3122	1.3176	1.3086	1.302	1.2998	1.2964	1.2992
554	New Zealand	1.6469	1.5172	1.4617	1.4161	1.3896	1.3696	1.357	1.3404	1.3128	1.316	1.2996	1.2914	1.283	1.2714	1.2606	1.2686
928	Melanesia	2.9219	2.4336	2.2674	2.1381	2.0317	1.9543	1.8929	1.8395	1.7861	1.737	1.692	1.6532	1.6288	1.5958	1.5642	1.5436
242	Fiji	2.1359	1.9966	1.8756	1.7809	1.7169	1.6492	1.6012	1.5636	1.5346	1.5024	1.4756	1.4486	1.4445	1.4278	1.3979	1.3881
540	New Caledonia	1.7121	1.6438	1.5864	1.5417	1.5036	1.469	1.443	1.4178	1.403	1.3866	1.3812	1.3752	1.3558	1.3338	1.3304	1.325
598	Papua New Guinea	2.662	2.3486	2.1655	2.0343	1.9311	1.8384	1.7841	1.7282	1.6744	1.625	1.5792	1.5492	1.5324	1.5158	1.4864	1.4646
90	Solomon Islands	3.4913	3.1247	2.8481	2.6228	2.4431	2.2811	2.1728	2.0632	1.9624	1.874	1.8161	1.7605	1.7026	1.6566	1.6192	1.578
548	Vanuatu	3.166	2.9083	2.7043	2.5285	2.3843	2.2459	2.1529	2.0398	1.9541	1.8915	1.819	1.7679	1.7205	1.6802	1.6526	1.6264
954	Micronesia	2.6651	2.4033	2.2555	2.1414	2.0525	1.9669	1.9046	1.8372	1.7828	1.7348	1.6896	1.6566	1.6328	1.6093	1.5796	1.5712
316	Guam	2.3222	2.1219	1.9786	1.8749	1.7907	1.7232	1.6716	1.6312	1.5881	1.5388	1.514	1.5026	1.4769	1.4562	1.4395	1.4211
296	Kiribati	2.9363	2.6921	2.4882	2.3323	2.1864	2.0731	1.9674	1.8937	1.808	1.7436	1.689	1.6508	1.607	1.5784	1.5546	1.5289
584	Marshall Islands	2.2551	2.0181	1.8593	1.7556	1.6733	1.6156	1.5688	1.5274	1.4848	1.4592	1.4382	1.42	1.4033	1.3904	1.3822	1.3647
583	Micronesia (Fed. States of)	2.2155	2.0446	1.9182	1.8161	1.7276	1.6736	1.6214	1.5751	1.5312	1.5032	1.4909	1.4681	1.4512	1.4369	1.4116	1.4049
520	Nauru	3.069	2.7911	2.5646	2.3968	2.2475	2.1131	2.0177	1.927	1.8482	1.7867	1.7322	1.6837	1.6431	1.6034	1.568	1.5464
580	Northern Mariana Islands	1.8357	1.7277	1.6784	1.6238	1.5841	1.5487	1.5227	1.4913	1.464	1.452	1.4312	1.422	1.4033	1.3799	1.3709	1.3748
585	Palau	2.1541	1.9575	1.8351	1.7447	1.6713	1.6213	1.5772	1.5439	1.5047	1.4823	1.4736	1.4535	1.438	1.4175	1.41	1.401
957	Polynesia	2.5458	2.3275	2.2433	2.1743	2.1085	2.0387	1.956	1.8856	1.8398	1.7836	1.7423	1.6905	1.6515	1.6181	1.5854	1.569
16	American Samoa	2.0223	1.8589	1.7504	1.6774	1.6108	1.5646	1.5266	1.4912	1.4633	1.442	1.4242	1.4098	1.4027	1.3768	1.3699	1.366
184	Cook Islands	1.9354	1.8158	1.7186	1.6428	1.575	1.5194	1.491	1.4656	1.4441	1.4144	1.4062	1.399	1.3845	1.377	1.3649	1.366
258	French Polynesia	1.5707	1.4458	1.3871	1.35	1.3378	1.3094	1.3014	1.3032	1.2894	1.2824	1.2768	1.264	1.2604	1.2584	1.2538	1.2584
570	Niue	2.0899	1.9576	1.8452	1.7588	1.6764	1.6362	1.5954	1.5494	1.5084	1.4694	1.443	1.4362	1.4262	1.4186	1.3892	1.384
882	Samoa	3.4585	3.1581	2.8994	2.7059	2.5343	2.3549	2.1987	2.0672	1.9693	1.8809	1.803	1.748	1.7016	1.6563	1.6151	1.5836
772	Tokelau	2.1753	2.0318	1.895	1.7955	1.7247	1.6665	1.6268	1.5783	1.5364	1.5076	1.4822	1.4576	1.446	1.4326	1.4092	1.3993
776	Tonga	2.7796	2.5328	2.3607	2.2254	2.1011	1.9872	1.9003	1.8185	1.7493	1.6975	1.6641	1.6213	1.5926	1.5623	1.5395	1.5326
798	Tuvalu	2.8637	2.6406	2.4631	2.3067	2.1863	2.0787	1.9798	1.9112	1.8459	1.7819	1.7341	1.6759	1.6461	1.6103	1.5774	1.5424
876	Wallis and Futuna Islands	1.5776	1.5249	1.4892	1.462	1.4338	1.4176	1.3908	1.3732	1.3702	1.365	1.3532	1.3548	1.3423	1.3342	1.3219	1.3142
