country_code	name	2020-2025	2025-2030	2030-2035	2035-2040	2040-2045	2045-2050	2050-2055	2055-2060	2060-2065	2065-2070	2070-2075	2075-2080	2080-2085	2085-2090	2090-2095	2095-2100
900	World	2.3874	2.4517	2.4548	2.4448	2.4452	2.4435	2.4164	2.3985	2.3705	2.3478	2.3362	2.3272	2.337	2.3416	2.3556	2.3686
1834	Sub-Saharan Africa	4.6155	4.4824	4.2465	4.0303	3.8278	3.6441	3.4709	3.3351	3.2288	3.1406	3.0714	3.0375	3.0216	2.9929	2.9804	2.9604
1833	Northern Africa and Western Asia	2.9005	2.8803	2.817	2.7393	2.6721	2.6382	2.6091	2.5767	2.5393	2.5044	2.4693	2.4615	2.4466	2.4384	2.4314	2.4096
1831	Central and Southern Asia	2.3513	2.4729	2.4765	2.4499	2.4356	2.4235	2.4132	2.4113	2.3978	2.3727	2.3437	2.3447	2.3548	2.379	2.3806	2.3808
1832	Eastern and South-Eastern Asia	1.6245	1.7551	1.813	1.8526	1.8968	1.9354	1.9476	1.9278	1.9168	1.9276	1.9352	1.965	1.9871	2.0048	2.014	2.0132
1830	Latin America and the Caribbean	1.9673	2.0055	2.0265	2.0356	2.0266	2.0364	2.0306	2.046	2.0556	2.048	2.0484	2.0558	2.0676	2.069	2.0972	2.1188
1835	Oceania (excluding Australia and New Zealand)	3.5851	3.649	3.5413	3.4493	3.3519	3.2882	3.2236	3.152	3.065	3.0054	2.951	2.901	2.8465	2.7846	2.7742	2.7251
1836	Australia/New Zealand	1.7938	1.8719	1.9396	1.9825	2.0141	2.0683	2.0842	2.0964	2.1108	2.1062	2.1158	2.1282	2.1559	2.1554	2.1647	2.173
1829	Europe and Northern America	1.6448	1.7207	1.7882	1.8224	1.8436	1.8734	1.9018	1.9158	1.9376	1.9568	1.9544	1.9608	1.9664	1.9876	2.016	2.0292
901	More developed regions	1.6236	1.6984	1.7654	1.8014	1.8208	1.849	1.8722	1.8912	1.9104	1.9266	1.9276	1.9362	1.9454	1.9648	1.9852	1.9972
902	Less developed regions	2.5016	2.5631	2.558	2.5379	2.5299	2.5205	2.4869	2.4645	2.4323	2.4099	2.3898	2.3808	2.392	2.3922	2.4056	2.4156
941	Least developed countries	3.9726	3.9178	3.7606	3.623	3.4834	3.3751	3.2721	3.1767	3.1124	3.0609	3.0226	3.0152	3.0118	2.9981	3.0244	3.0114
934	Less developed regions, excluding least developed countries	2.2034	2.2745	2.2864	2.2774	2.2827	2.3006	2.294	2.277	2.2624	2.2466	2.224	2.224	2.2242	2.2366	2.2454	2.2354
948	Less developed regions, excluding China	2.7724	2.7932	2.7544	2.7099	2.6651	2.633	2.5795	2.5525	2.519	2.4867	2.4575	2.4424	2.4429	2.4422	2.4568	2.4643
1636	Land-locked Developing Countries (LLDC)	3.9711	3.892	3.7089	3.5407	3.3853	3.2515	3.1442	3.0449	2.958	2.9076	2.8618	2.8372	2.8365	2.8125	2.8322	2.854
1637	Small Island Developing States (SIDS)	2.4329	2.45	2.4435	2.4214	2.4008	2.3909	2.3668	2.3554	2.3352	2.3208	2.3088	2.292	2.2854	2.27	2.2786	2.265
1503	High-income countries	1.6379	1.7121	1.7676	1.806	1.8254	1.8478	1.8698	1.892	1.907	1.918	1.9232	1.9324	1.9356	1.9496	1.965	1.9858
1517	Middle-income countries	2.2559	2.3211	2.3292	2.3224	2.3295	2.3396	2.3346	2.3247	2.2966	2.2804	2.248	2.2452	2.249	2.2526	2.251	2.2342
1502	Upper-middle-income countries	1.6427	1.7315	1.7844	1.8244	1.8714	1.9	1.908	1.8926	1.8988	1.9054	1.9232	1.9354	1.9534	1.9576	1.9672	1.9756
1501	Lower-middle-income countries	2.6643	2.7046	2.6733	2.6316	2.5976	2.5772	2.5459	2.5272	2.4933	2.4563	2.4145	2.3767	2.3765	2.3768	2.3664	2.3443
1500	Low-income countries	4.6144	4.4897	4.2339	4.013	3.8156	3.6433	3.5134	3.4075	3.3346	3.2762	3.2229	3.2145	3.1922	3.2132	3.2415	3.2278
1518	No income group available	2.5094	2.6414	2.6205	2.5785	2.5111	2.4991	2.4644	2.4578	2.4462	2.4257	2.412	2.4221	2.43	2.4517	2.4618	2.454
903	Africa	4.3371	4.2218	4.0137	3.8218	3.6474	3.4857	3.3386	3.2219	3.1236	3.0468	2.989	2.9528	2.935	2.9184	2.9033	2.8817
910	Eastern Africa	4.3082	4.1626	3.9303	3.7157	3.5222	3.3547	3.2055	3.0951	2.9884	2.9009	2.8255	2.744	2.7102	2.6613	2.6259	2.6268
108	Burundi	5.8408	5.553	5.3254	5.1135	4.8475	4.6458	4.492	4.3117	4.1713	4.0118	3.8716	3.771	3.6793	3.5744	3.5036	3.4445
174	Comoros	4.5293	4.3705	4.2524	4.1058	3.9997	3.8785	3.7551	3.6298	3.5232	3.4297	3.3646	3.2952	3.2521	3.2054	3.1578	3.1218
262	Djibouti	3.5609	3.488	3.3464	3.2327	3.1255	3.029	2.9406	2.8803	2.822	2.7834	2.7424	2.7104	2.7049	2.664	2.6591	2.6602
232	Eritrea	4.9269	4.6094	4.4022	4.1955	4.0827	3.9211	3.747	3.6311	3.5173	3.3875	3.2987	3.2532	3.1293	3.0967	3.0265	2.9801
231	Ethiopia	4.6598	4.4536	4.2529	4.087	3.8916	3.7234	3.6152	3.4951	3.3974	3.3121	3.2053	3.1345	3.0525	3.0104	2.9376	2.8689
404	Kenya	3.733	3.6512	3.548	3.4416	3.3912	3.3278	3.2176	3.147	3.0555	2.9734	2.9429	2.8739	2.835	2.7999	2.7513	2.7064
450	Madagascar	4.4348	4.3354	4.2199	4.088	4.0277	3.9194	3.7762	3.6837	3.6441	3.5886	3.4889	3.4029	3.3661	3.2911	3.2073	3.1757
454	Malawi	4.6156	4.4662	4.3218	4.1889	4.0501	3.9112	3.7809	3.6717	3.5577	3.4621	3.3692	3.2814	3.2287	3.1815	3.1728	3.0991
480	Mauritius	1.5606	1.7056	1.7855	1.8454	1.8914	1.94	1.977	1.9948	2.0388	2.034	2.052	2.0804	2.1089	2.1254	2.1472	2.1438
175	Mayotte	4.6773	4.6586	4.5813	4.458	4.3634	4.2741	4.1518	4.04	3.9347	3.8354	3.7766	3.7028	3.584	3.4733	3.3956	3.3588
508	Mozambique	5.4328	5.2354	5.042	4.8353	4.6401	4.4819	4.2857	4.1291	3.9408	3.8189	3.7315	3.6077	3.5239	3.4238	3.3197	3.2109
638	Réunion	2.4972	2.4953	2.4703	2.4692	2.4861	2.5007	2.4866	2.4912	2.496	2.4919	2.5238	2.5178	2.5248	2.5226	2.5433	2.5403
646	Rwanda	4.3218	4.2143	4.0555	3.9167	3.7987	3.6804	3.5894	3.4804	3.3729	3.3119	3.2032	3.1028	3.0692	3.0011	2.9379	2.879
690	Seychelles	2.7102	2.6372	2.5883	2.5257	2.5111	2.498	2.5005	2.5242	2.5384	2.5448	2.5558	2.5696	2.5802	2.5856	2.6369	2.6307
706	Somalia	6.8219	6.6933	6.4908	6.2779	6.0361	5.787	5.5405	5.2517	5.025	4.8324	4.634	4.5375	4.3267	4.1612	4.031	3.9164
728	South Sudan	5.6774	5.4537	5.1937	4.9033	4.6718	4.4256	4.2062	4.0071	3.8402	3.7037	3.5898	3.4665	3.3546	3.2494	3.1728	3.0954
800	Uganda	5.0608	4.822	4.5746	4.3357	4.1282	3.9276	3.7994	3.6754	3.5148	3.4007	3.3716	3.272	3.1304	3.0648	3.0422	2.9751
834	United Republic of Tanzania	5.2798	5.1623	4.9812	4.7938	4.6484	4.5223	4.3792	4.2336	4.0603	3.9305	3.7738	3.74	3.6422	3.5638	3.499	3.415
894	Zambia	4.9764	4.8495	4.7078	4.5901	4.4449	4.3402	4.2329	4.1398	3.9909	3.8658	3.7881	3.7249	3.6954	3.5908	3.4853	3.4363
716	Zimbabwe	3.942	3.8719	3.756	3.6418	3.562	3.4279	3.3611	3.2631	3.1947	3.1297	3.0561	3.0295	2.9759	2.9195	2.8326	2.7979
911	Middle Africa	5.6883	5.7792	5.5881	5.3903	5.2278	5.1038	4.9566	4.8588	4.8024	4.7326	4.6485	4.6148	4.5664	4.471	4.3712	4.2021
24	Angola	5.9272	5.7884	5.5919	5.3625	5.188	4.9576	4.7861	4.6017	4.4215	4.2787	4.185	4.0174	3.8937	3.7743	3.671	3.5634
120	Cameroon	4.9328	4.8089	4.6553	4.5206	4.3651	4.2205	4.0846	3.962	3.8292	3.7415	3.6562	3.5637	3.4619	3.3942	3.3415	3.2924
140	Central African Republic	6.2053	5.9581	5.922	5.8723	5.7893	5.7037	5.5895	5.4321	5.2422	5.0007	4.666	4.3403	4.0357	3.8183	3.5578	3.401
148	Chad	7.2202	7.2038	7.1316	7.0565	6.9393	6.8319	6.7328	6.5847	6.4119	6.2641	6.0619	5.7406	5.5162	5.2211	4.9517	4.5972
178	Congo	4.8942	4.7193	4.5367	4.4236	4.2968	4.1721	4.06	3.9338	3.8222	3.763	3.691	3.5897	3.5044	3.4211	3.3611	3.2772
180	Democratic Republic of the Congo	6.7722	6.6778	6.634	6.6026	6.5612	6.5261	6.4558	6.3467	6.2507	6.1206	5.9358	5.8231	5.6901	5.4893	5.2982	4.9904
226	Equatorial Guinea	5.4688	5.2934	5.1657	5.0388	4.7214	4.3872	4.1508	3.8836	3.6416	3.4995	3.3814	3.276	3.1569	3.0641	3.0037	2.9285
266	Gabon	4.3865	4.2371	4.0513	3.8471	3.7288	3.5629	3.4702	3.3623	3.2875	3.216	3.1682	3.0843	3.02	2.964	2.9047	2.8579
678	Sao Tome and Principe	4.3156	4.2088	4.083	3.9613	3.8541	3.7462	3.6521	3.5887	3.4884	3.443	3.3686	3.2807	3.2361	3.1844	3.1343	3.1
912	Northern Africa	3.2292	3.2031	3.1196	3.0449	2.9672	2.9463	2.9159	2.8811	2.8542	2.8114	2.771	2.7632	2.7373	2.739	2.7105	2.6725
12	Algeria	3.2786	3.0961	2.9419	2.8224	2.719	2.6326	2.5774	2.5567	2.5373	2.536	2.5215	2.5374	2.5623	2.5704	2.5759	2.5742
818	Egypt	3.224	3.2579	3.218	3.158	3.1079	3.0826	3.025	2.9644	2.9219	2.9	2.8617	2.8533	2.8164	2.7662	2.7698	2.7248
434	Libya	2.9734	2.7942	2.6555	2.5543	2.5143	2.4851	2.4468	2.4452	2.462	2.4782	2.4871	2.4892	2.4674	2.4851	2.521	2.5254
504	Morocco	2.8104	2.7398	2.6775	2.614	2.5539	2.5137	2.4707	2.4483	2.4528	2.4672	2.4633	2.4715	2.487	2.4898	2.5043	2.5232
729	Sudan	5.2947	5.0199	4.8296	4.6769	4.5276	4.3882	4.2762	4.1663	4.0178	3.8877	3.7794	3.7055	3.6452	3.5746	3.4964	3.401
788	Tunisia	2.3549	2.3613	2.3754	2.3768	2.3959	2.3951	2.4006	2.4121	2.4401	2.4526	2.4602	2.4574	2.441	2.4458	2.4499	2.4741
732	Western Sahara	2.8865	2.8513	2.7643	2.7162	2.6884	2.6066	2.5479	2.5143	2.4991	2.4892	2.4861	2.4684	2.4593	2.4737	2.4922	2.4817
913	Southern Africa	2.6474	2.7326	2.7074	2.6545	2.6196	2.5814	2.5528	2.5318	2.5143	2.511	2.5037	2.4763	2.4676	2.4736	2.471	2.4811
72	Botswana	3.1701	3.1007	3.0239	2.9525	2.9109	2.8423	2.7885	2.7309	2.657	2.6527	2.5963	2.5932	2.5697	2.5694	2.5653	2.5924
748	Eswatini	3.4145	3.2836	3.1839	3.0902	2.9986	2.9407	2.8527	2.7906	2.7447	2.7176	2.7032	2.6602	2.6515	2.6361	2.6125	2.5992
426	Lesotho	3.5227	3.4322	3.3697	3.2723	3.1912	3.1439	3.0765	3.008	2.9197	2.8924	2.876	2.8225	2.8047	2.7802	2.7475	2.7352
516	Namibia	3.9296	3.7833	3.6745	3.5731	3.5051	3.4128	3.3262	3.2465	3.1593	3.1081	3.0452	2.9735	2.9066	2.8714	2.8416	2.7666
710	South Africa	2.7325	2.7086	2.6827	2.6413	2.6232	2.5899	2.57	2.5647	2.5502	2.5473	2.5443	2.5203	2.519	2.5339	2.5279	2.5391
914	Western Africa	5.1371	5.0656	4.847	4.6142	4.4288	4.2351	4.0592	3.8618	3.6964	3.5767	3.4132	3.3498	3.2922	3.2607	3.2333	3.172
204	Benin	5.5895	5.4061	5.202	5.0206	4.8578	4.7187	4.5183	4.4072	4.237	4.1315	4.0377	3.9156	3.7966	3.756	3.637	3.5136
854	Burkina Faso	5.2712	5.0878	4.8829	4.6964	4.5163	4.3386	4.2184	4.0471	3.9699	3.8527	3.7539	3.6174	3.5373	3.4183	3.3611	3.3076
132	Cabo Verde	2.19	2.223	2.2145	2.2462	2.2753	2.3169	2.3168	2.3184	2.3298	2.3482	2.3604	2.3804	2.3956	2.3942	2.3774	2.3898
384	Côte d'Ivoire	4.8625	4.7811	4.6836	4.5663	4.4254	4.2905	4.1938	4.1093	4.0212	3.9354	3.8553	3.7854	3.6615	3.5634	3.5164	3.3975
270	Gambia	5.2851	5.1604	4.9575	4.7556	4.5394	4.3497	4.0513	3.8997	3.7801	3.645	3.5532	3.4149	3.2888	3.1731	3.1182	3.0313
288	Ghana	3.9963	3.935	3.8298	3.7279	3.6176	3.5276	3.4991	3.4139	3.3184	3.2803	3.2457	3.1909	3.1469	3.0947	3.0644	3.0055
324	Guinea	4.9143	4.7422	4.5582	4.3777	4.2278	4.1243	3.9518	3.836	3.7232	3.598	3.4985	3.4416	3.3516	3.2847	3.2442	3.1445
624	Guinea-Bissau	4.529	4.3464	4.1934	4.0382	3.8854	3.7841	3.6741	3.5806	3.4616	3.3384	3.2554	3.1924	3.1639	3.0935	3.0603	3.0248
430	Liberia	4.6433	4.5325	4.3705	4.1993	4.1097	3.9754	3.8648	3.7585	3.6659	3.5749	3.475	3.4161	3.3513	3.2725	3.2412	3.1829
466	Mali	6.6895	6.6469	6.5241	6.4304	6.3226	6.1899	5.9978	5.7687	5.5749	5.4074	5.0391	4.8277	4.5111	4.3076	4.0358	3.9034
478	Mauritania	5.3482	5.2497	5.0504	4.8479	4.6005	4.4661	4.2882	4.1335	3.9914	3.8464	3.7543	3.6557	3.5675	3.5576	3.4861	3.419
562	Niger	7.4855	7.4471	7.3893	7.3182	7.1926	7.0751	6.9426	6.8356	6.683	6.524	6.3042	6.011	5.7666	5.522	5.1831	4.8945
566	Nigeria	5.8811	5.7526	5.6041	5.4067	5.2185	5.0296	4.8427	4.6292	4.3288	4.1255	3.9667	3.7686	3.6345	3.532	3.4296	3.3095
654	Saint Helena	1.9828	2.0487	2.0801	2.1105	2.1248	2.1267	2.1547	2.1812	2.1975	2.2256	2.2234	2.2416	2.2716	2.2784	2.2794	2.3052
686	Senegal	4.8772	4.7559	4.6243	4.4862	4.3649	4.2694	4.1567	4.0227	3.9241	3.8155	3.7396	3.6696	3.5821	3.535	3.4771	3.394
694	Sierra Leone	4.5926	4.3443	4.1215	3.8962	3.7264	3.5865	3.4483	3.3402	3.2221	3.1495	3.0573	2.985	2.874	2.8468	2.7899	2.7566
768	Togo	4.8279	4.7186	4.6159	4.4833	4.3722	4.2569	4.1603	4.0503	3.9979	3.9558	3.7986	3.6706	3.66	3.6009	3.57	3.4859
935	Asia	2.0303	2.1345	2.1496	2.1386	2.1591	2.1788	2.185	2.1788	2.1556	2.143	2.1406	2.1488	2.174	2.1812	2.1828	2.1834
5500	Central Asia	3.0093	3.1174	3.0313	2.9595	2.8896	2.8295	2.7878	2.7005	2.6405	2.5812	2.5693	2.5457	2.523	2.5213	2.5066	2.4874
398	Kazakhstan	3.3164	3.4089	3.4295	3.4377	3.3963	3.3495	3.2866	3.2572	3.1871	3.1452	3.0944	3.0645	3.0018	2.9592	2.9553	2.9309
417	Kyrgyzstan	3.2835	3.2887	3.2396	3.1929	3.1308	3.0928	3.0403	2.9955	2.9621	2.9049	2.8799	2.8419	2.8093	2.7667	2.746	2.7559
762	Tajikistan	3.6964	3.6647	3.5863	3.4977	3.4057	3.3326	3.3018	3.1927	3.1232	3.0663	3.0191	2.9753	2.9064	2.9	2.8916	2.877
795	Turkmenistan	3.1003	3.068	3.007	2.9598	2.8967	2.8342	2.8164	2.7563	2.707	2.6845	2.6471	2.6143	2.5869	2.5896	2.5836	2.5662
860	Uzbekistan	3.1745	3.1253	3.0469	2.938	2.8663	2.8414	2.7754	2.7283	2.6911	2.6493	2.619	2.6011	2.5866	2.5661	2.5648	2.5686
906	Eastern Asia	1.3349	1.5114	1.618	1.6858	1.74	1.7802	1.8099	1.8223	1.853	1.8726	1.876	1.8886	1.9086	1.9397	1.9606	1.9752
156	China	1.4114	1.5335	1.6424	1.7122	1.7684	1.8118	1.8481	1.8639	1.8887	1.9112	1.914	1.9388	1.9555	1.9832	2.0082	2.0302
344	China, Hong Kong SAR	0.9359	1.1266	1.2969	1.3918	1.4946	1.574	1.6326	1.6969	1.7319	1.7839	1.8056	1.8397	1.872	1.8995	1.9294	1.9414
446	China, Macao SAR	1.3357	1.5014	1.6246	1.7201	1.8129	1.8806	1.9178	1.9365	1.9659	1.9997	2.0291	2.0543	2.0444	2.0686	2.0895	2.1193
158	China, Taiwan Province of China	1.3429	1.515	1.6455	1.7292	1.805	1.8591	1.9008	1.9353	1.959	1.9805	2.0032	2.0222	2.0427	2.068	2.0992	2.1124
408	Dem. People's Republic of Korea	2.3374	2.3248	2.3176	2.3384	2.325	2.331	2.3264	2.3146	2.313	2.3478	2.3566	2.3478	2.3528	2.3626	2.3834	2.3834
392	Japan	1.4826	1.6427	1.7297	1.8087	1.8677	1.9215	1.9558	1.9833	2.0073	2.0243	2.0476	2.0737	2.0886	2.0932	2.1276	2.1248
496	Mongolia	3.043	2.9592	2.861	2.7478	2.665	2.6067	2.5909	2.5531	2.5543	2.5597	2.5486	2.5515	2.5604	2.5568	2.5811	2.5919
410	Republic of Korea	1.0557	1.2433	1.3746	1.4917	1.5811	1.6559	1.7303	1.7601	1.7842	1.843	1.8717	1.8994	1.9177	1.9479	1.9812	1.9848
5501	Southern Asia	2.3342	2.4631	2.4675	2.4469	2.4342	2.4287	2.4207	2.4199	2.408	2.3847	2.3576	2.3589	2.3678	2.3964	2.3985	2.3934
4	Afghanistan	5.4496	5.0669	4.8135	4.5969	4.3592	4.1537	3.97	3.8089	3.7028	3.506	3.3682	3.2471	3.1497	3.0497	2.9681	2.9098
50	Bangladesh	2.1929	2.2353	2.2698	2.2945	2.3044	2.3211	2.3372	2.3408	2.3688	2.3767	2.4154	2.437	2.4212	2.4579	2.4776	2.4794
64	Bhutan	1.6324	1.7278	1.7914	1.8624	1.9073	1.9397	1.9818	1.9968	2.0214	2.0664	2.0698	2.0824	2.1024	2.1264	2.1456	2.1576
356	India	2.2648	2.3349	2.3543	2.3625	2.3443	2.358	2.3858	2.388	2.3908	2.389	2.3848	2.3846	2.4107	2.4421	2.4521	2.4264
364	Iran (Islamic Republic of)	1.8511	1.9682	2.0307	2.092	2.1115	2.1493	2.1801	2.232	2.2532	2.2698	2.257	2.276	2.284	2.3102	2.335	2.3516
462	Maldives	1.9867	2.0373	2.0818	2.1191	2.156	2.1728	2.2085	2.2145	2.2278	2.2454	2.266	2.2754	2.2916	2.3176	2.3496	2.3706
524	Nepal	2.3897	2.3675	2.3379	2.3302	2.3172	2.3146	2.3166	2.3369	2.3726	2.3878	2.3878	2.3962	2.3933	2.4274	2.4236	2.426
586	Pakistan	4.0595	3.9311	3.7814	3.6483	3.5433	3.4623	3.3685	3.2673	3.172	3.1137	3.0235	2.9674	2.931	2.9156	2.8583	2.8089
144	Sri Lanka	2.4022	2.4306	2.4034	2.4088	2.3988	2.4172	2.4422	2.4246	2.4214	2.4114	2.404	2.4036	2.4164	2.4514	2.4228	2.414
920	South-Eastern Asia	2.2625	2.339	2.3333	2.3287	2.3058	2.2984	2.2856	2.2744	2.2608	2.2606	2.2442	2.2524	2.2594	2.2594	2.2738	2.2812
96	Brunei Darussalam	2.0769	2.1129	2.1408	2.1543	2.1799	2.2102	2.215	2.2246	2.238	2.2602	2.2868	2.3004	2.3128	2.3258	2.3538	2.3412
116	Cambodia	2.8998	2.8452	2.7866	2.7051	2.652	2.613	2.5641	2.5405	2.5191	2.5113	2.4999	2.4678	2.457	2.479	2.498	2.5206
360	Indonesia	2.5325	2.5401	2.5189	2.5056	2.5088	2.4908	2.4782	2.481	2.467	2.4756	2.5017	2.5144	2.526	2.521	2.5299	2.5538
418	Lao People's Democratic Republic	2.9216	2.835	2.769	2.6693	2.6181	2.5757	2.5481	2.5256	2.4993	2.4903	2.4824	2.4784	2.48	2.478	2.5105	2.5192
458	Malaysia	2.0726	2.1301	2.1521	2.1818	2.1915	2.225	2.2448	2.2454	2.2517	2.2756	2.3024	2.312	2.2994	2.3166	2.3459	2.3528
104	Myanmar	2.5978	2.5667	2.5438	2.4985	2.4638	2.4906	2.4771	2.486	2.4676	2.4522	2.45	2.4474	2.4534	2.4648	2.453	2.4584
608	Philippines	3.3078	3.2604	3.2287	3.1482	3.0865	3.0396	2.9892	2.9349	2.8663	2.8336	2.7938	2.7385	2.698	2.6784	2.6357	2.619
702	Singapore	1.2219	1.3898	1.4992	1.5754	1.6473	1.6946	1.7198	1.7716	1.8102	1.8524	1.8872	1.9018	1.9186	1.9486	1.954	1.9984
764	Thailand	1.5802	1.6771	1.7466	1.803	1.8584	1.9077	1.9525	1.9738	1.9882	2.0026	2.0299	2.0644	2.0943	2.1144	2.135	2.155
626	Timor-Leste	3.8345	3.5586	3.3512	3.1582	3.0668	2.9721	2.8695	2.7896	2.7207	2.6658	2.6063	2.593	2.5723	2.5584	2.5586	2.5397
704	Viet Nam	2.1405	2.216	2.2743	2.316	2.3308	2.3372	2.3592	2.3592	2.3778	2.3998	2.414	2.4158	2.4482	2.4664	2.4902	2.5137
922	Western Asia	2.6984	2.7684	2.7337	2.6649	2.6082	2.5846	2.5636	2.5397	2.4977	2.4676	2.4585	2.4377	2.4298	2.4124	2.3979	2.3915
51	Armenia	1.8216	1.903	1.9484	1.9798	2.0166	2.0372	2.0683	2.0978	2.1234	2.1154	2.1203	2.1372	2.1479	2.1676	2.1801	2.2028
31	Azerbaijan	1.9764	2.0251	2.0743	2.0886	2.1152	2.1436	2.1758	2.2038	2.2388	2.2678	2.2636	2.2948	2.3176	2.3308	2.3304	2.3482
48	Bahrain	2.1004	2.1357	2.1485	2.178	2.2123	2.2373	2.2703	2.3149	2.3345	2.332	2.3584	2.3634	2.3897	2.4103	2.4304	2.4376
196	Cyprus	1.5431	1.6597	1.7414	1.7975	1.8408	1.8747	1.9214	1.9493	1.9888	2.0052	2.0252	2.0488	2.0822	2.0872	2.119	2.1266
268	Georgia	2.3168	2.4058	2.4528	2.4554	2.46	2.474	2.4566	2.481	2.4752	2.506	2.4774	2.474	2.4836	2.5186	2.5148	2.5256
368	Iraq	4.0141	3.9448	3.8671	3.8018	3.7122	3.6484	3.6127	3.5495	3.4756	3.4079	3.3099	3.2398	3.1925	3.1269	3.0751	3.0287
376	Israel	3.1679	3.2921	3.3134	3.319	3.3114	3.2947	3.2453	3.2183	3.189	3.1475	3.1376	3.0507	3.0437	3.0276	3.0261	2.9539
400	Jordan	3.3321	3.2447	3.1416	3.0579	2.9818	2.9197	2.8311	2.7547	2.6966	2.5993	2.5922	2.5589	2.5359	2.5324	2.5496	2.5548
414	Kuwait	2.4479	2.4403	2.4168	2.3948	2.4005	2.4	2.4096	2.4436	2.4622	2.4747	2.4835	2.4659	2.4764	2.4925	2.5111	2.4905
422	Lebanon	2.6237	2.6057	2.557	2.5389	2.5091	2.4805	2.4464	2.4584	2.4574	2.4612	2.4361	2.435	2.4383	2.4759	2.4875	2.4639
512	Oman	2.8493	2.7805	2.6959	2.6149	2.5472	2.5184	2.5088	2.5057	2.5083	2.5266	2.5333	2.522	2.5295	2.5452	2.5356	2.5589
634	Qatar	2.0529	2.1037	2.1377	2.1531	2.1844	2.2004	2.2199	2.2521	2.2605	2.2984	2.306	2.3359	2.3549	2.3728	2.3637	2.3533
682	Saudi Arabia	2.8358	2.7517	2.6951	2.6105	2.5407	2.5064	2.4896	2.5006	2.4948	2.4993	2.4837	2.4722	2.4804	2.475	2.4716	2.4798
275	State of Palestine	4.0399	3.9174	3.8181	3.6798	3.5701	3.4754	3.3573	3.2667	3.2031	3.1217	3.0544	2.9995	2.9639	2.8688	2.8111	2.7885
760	Syrian Arab Republic	3.4669	3.3419	3.2397	3.1243	2.9651	2.8753	2.7812	2.6897	2.6658	2.6396	2.6104	2.5843	2.5799	2.553	2.5773	2.5778
792	Türkiye	2.1505	2.1876	2.2209	2.2466	2.2678	2.2858	2.2827	2.3086	2.3328	2.353	2.3522	2.362	2.374	2.399	2.4088	2.4188
784	United Arab Emirates	1.6095	1.7424	1.8191	1.8738	1.9345	1.9794	2.0093	2.0413	2.087	2.1123	2.1227	2.1266	2.1493	2.1767	2.1939	2.1936
887	Yemen	4.907	4.5055	4.2859	4.0334	3.8633	3.7318	3.6016	3.4533	3.298	3.1877	3.0522	2.9827	2.9154	2.8266	2.7775	2.7271
908	Europe	1.5884	1.669	1.7378	1.7692	1.7874	1.8108	1.833	1.857	1.8756	1.8894	1.89	1.8942	1.9024	1.9114	1.9234	1.9236
923	Eastern Europe	1.658	1.7513	1.8318	1.8694	1.9047	1.9338	1.9669	1.9854	2.0076	2.0244	2.0318	2.0494	2.064	2.0628	2.0786	2.0964
112	Belarus	1.7046	1.8381	1.9289	1.9972	2.0404	2.0805	2.1059	2.128	2.144	2.1584	2.1682	2.19	2.2322	2.2228	2.2398	2.2514
100	Bulgaria	1.771	1.8784	1.9536	1.9892	2.0327	2.0625	2.1202	2.1198	2.1408	2.1377	2.1519	2.1795	2.1853	2.2016	2.2262	2.2116
203	Czechia	1.8552	1.9856	2.0576	2.1144	2.147	2.165	2.1676	2.1858	2.195	2.1978	2.225	2.2268	2.2486	2.248	2.2594	2.2543
348	Hungary	1.7042	1.8503	1.9297	1.9907	2.0415	2.0786	2.0916	2.1176	2.1552	2.1662	2.1776	2.1976	2.1844	2.1802	2.1922	2.1824
616	Poland	1.6445	1.7763	1.8562	1.9052	1.9571	1.9934	2.0242	2.047	2.0707	2.1003	2.1306	2.136	2.1628	2.1578	2.1686	2.1762
498	Republic of Moldova	1.9603	2.0659	2.1056	2.1448	2.1654	2.1842	2.1926	2.1886	2.2074	2.2238	2.2204	2.226	2.2474	2.2446	2.2676	2.252
642	Romania	1.9281	2.0201	2.0702	2.1052	2.1182	2.1472	2.1702	2.1948	2.2124	2.2124	2.2346	2.2392	2.2362	2.2268	2.2326	2.2262
643	Russian Federation	1.6883	1.8656	1.9666	2.0248	2.0652	2.1032	2.143	2.1798	2.1942	2.2086	2.2102	2.2326	2.2422	2.244	2.2644	2.273
703	Slovakia	1.7529	1.8686	1.9376	2.0068	2.0498	2.0806	2.1094	2.1332	2.1502	2.1652	2.1932	2.196	2.1952	2.2176	2.238	2.2388
804	Ukraine	1.4466	1.6158	1.7221	1.7863	1.8481	1.8774	1.9249	1.9659	1.9884	2.0269	2.0511	2.0684	2.0898	2.0888	2.1114	2.1426
924	Northern Europe	1.7239	1.8009	1.8615	1.9116	1.9406	1.9628	1.9828	2.0032	2.0178	2.0332	2.0328	2.0504	2.0658	2.0824	2.0856	2.112
208	Denmark	1.869	1.9816	2.0413	2.0775	2.1233	2.1645	2.1676	2.184	2.1963	2.2212	2.2478	2.2392	2.2653	2.2768	2.2881	2.2938
233	Estonia	1.8649	1.9659	2.0129	2.0561	2.083	2.1054	2.1292	2.1423	2.1524	2.1669	2.1876	2.197	2.1982	2.1924	2.2114	2.2276
234	Faroe Islands	3.0519	3.0976	3.1135	3.1083	3.0781	3.0499	3.0285	2.9831	2.95	2.8874	2.8894	2.8479	2.801	2.7856	2.7554	2.7224
246	Finland	1.55	1.7129	1.8177	1.8834	1.9254	1.9676	2.0036	2.0394	2.0476	2.0632	2.0672	2.0912	2.1184	2.1142	2.1226	2.145
831	Guernsey	1.6754	1.785	1.8559	1.9051	1.9397	1.989	2.0256	2.0428	2.0656	2.0986	2.1036	2.1412	2.1356	2.1558	2.1868	2.205
352	Iceland	1.9713	2.0503	2.102	2.1415	2.168	2.1858	2.2154	2.2364	2.2527	2.28	2.2982	2.3162	2.3164	2.3494	2.3742	2.3736
372	Ireland	1.945	2.0338	2.0995	2.1399	2.1644	2.18	2.2076	2.218	2.2178	2.2266	2.2354	2.2438	2.2544	2.2676	2.248	2.2536
833	Isle of Man	1.8027	1.8915	1.9625	2.0207	2.0604	2.0772	2.102	2.1258	2.1554	2.1598	2.175	2.192	2.2171	2.2461	2.247	2.2591
832	Jersey	1.677	1.7821	1.8502	1.9207	1.9797	2.0032	2.0166	2.0503	2.0746	2.0986	2.1178	2.1375	2.1394	2.1739	2.1926	2.2004
428	Latvia	1.7197	1.8613	1.9396	1.9988	2.0413	2.0722	2.1206	2.1431	2.1613	2.1908	2.1868	2.1978	2.2102	2.2296	2.2708	2.2848
440	Lithuania	1.8056	1.9288	1.9825	2.0393	2.0829	2.1317	2.1438	2.1747	2.2082	2.2082	2.224	2.245	2.255	2.2558	2.2708	2.264
578	Norway	1.6706	1.8103	1.9025	1.9718	2.0005	2.0219	2.0522	2.062	2.0798	2.0951	2.1266	2.1345	2.1736	2.1654	2.1943	2.2156
752	Sweden	1.7772	1.9375	2.0158	2.0703	2.1011	2.1266	2.1527	2.1734	2.2074	2.2064	2.2424	2.2452	2.2554	2.2753	2.2876	2.2973
826	United Kingdom	1.7297	1.8638	1.9365	2.0007	2.0442	2.0717	2.0952	2.1218	2.1312	2.1552	2.1558	2.185	2.196	2.2232	2.233	2.247
925	Southern Europe	1.4143	1.5273	1.5997	1.6596	1.7065	1.7372	1.7637	1.7853	1.8133	1.8237	1.8403	1.861	1.8732	1.875	1.8886	1.9054
8	Albania	1.6738	1.7466	1.8036	1.8663	1.9114	1.927	1.948	1.9775	2.0196	2.0441	2.0682	2.0911	2.108	2.1211	2.1347	2.1451
20	Andorra	1.3189	1.4658	1.5801	1.6591	1.7279	1.7876	1.8372	1.8787	1.9123	1.9397	1.9691	1.9788	2.0028	2.031	2.047	2.067
70	Bosnia and Herzegovina	1.5625	1.6833	1.7489	1.8195	1.8673	1.9139	1.9513	1.9826	2.0002	2.0066	2.0304	2.0496	2.0773	2.1145	2.1563	2.1732
191	Croatia	1.6689	1.7821	1.8439	1.9033	1.9631	1.9849	2.0163	2.0372	2.0549	2.1079	2.1252	2.1306	2.1688	2.1882	2.186	2.2258
292	Gibraltar	2.2442	2.2678	2.283	2.2936	2.2824	2.2942	2.3198	2.3496	2.3544	2.3852	2.392	2.3772	2.3818	2.3932	2.4094	2.4164
300	Greece	1.5355	1.6753	1.7675	1.8235	1.8803	1.9152	1.9533	1.9938	2.0183	2.0358	2.0763	2.0847	2.084	2.0884	2.1006	2.1078
380	Italy	1.4188	1.5827	1.6891	1.7831	1.8323	1.8807	1.9265	1.9505	1.9887	2.0014	2.0246	2.0395	2.0554	2.0438	2.0484	2.081
412	Kosovo (under UNSC res. 1244)	1.7512	1.8546	1.9305	1.9904	2.0246	2.0706	2.095	2.1114	2.1254	2.1476	2.1624	2.1746	2.2026	2.2053	2.2207	2.2473
470	Malta	1.3856	1.5753	1.7089	1.7868	1.8476	1.8958	1.9424	1.9552	1.9788	2.0018	2.0124	2.0449	2.0716	2.0702	2.088	2.0928
499	Montenegro	1.8532	1.9756	2.0172	2.065	2.1	2.1334	2.1544	2.1668	2.1944	2.2026	2.2374	2.2678	2.291	2.288	2.3082	2.305
807	North Macedonia	1.5555	1.6949	1.7734	1.8392	1.8884	1.9346	1.9636	1.9818	2.0122	2.0378	2.0384	2.0624	2.0623	2.0837	2.106	2.1154
620	Portugal	1.5335	1.6652	1.7624	1.8276	1.8777	1.9363	1.9686	2.0113	2.032	2.0628	2.0682	2.1015	2.109	2.1346	2.167	2.1818
674	San Marino	1.3665	1.4908	1.602	1.6854	1.7534	1.8118	1.8514	1.9013	1.917	1.9431	1.9638	1.9834	2.0122	2.0126	2.0316	2.0436
688	Serbia	1.7105	1.8257	1.8889	1.9282	1.9813	2.0231	2.0378	2.0474	2.0785	2.0901	2.115	2.1365	2.1405	2.1513	2.1495	2.1545
705	Slovenia	1.7213	1.892	1.9798	2.0188	2.0748	2.1134	2.123	2.1526	2.1556	2.1642	2.1766	2.1856	2.1964	2.221	2.219	2.226
724	Spain	1.4307	1.612	1.6984	1.7718	1.8414	1.8846	1.9132	1.937	1.9734	1.9888	2.0045	2.037	2.0702	2.083	2.0868	2.108
926	Western Europe	1.7	1.8341	1.897	1.9288	1.9484	1.9694	1.998	2.029	2.0524	2.046	2.0528	2.0642	2.0802	2.0866	2.0856	2.1034
40	Austria	1.5679	1.7513	1.8283	1.9012	1.952	2.0066	2.018	2.0476	2.0834	2.09	2.1136	2.1144	2.15	2.1622	2.1616	2.181
56	Belgium	1.7367	1.8795	1.9527	2.0053	2.0481	2.0822	2.1018	2.1232	2.1586	2.1704	2.1944	2.2048	2.2094	2.2004	2.2086	2.2072
250	France	1.8928	2.0416	2.1157	2.1622	2.1968	2.2134	2.2476	2.2694	2.287	2.3	2.3136	2.317	2.3316	2.3496	2.3534	2.3754
276	Germany	1.634	1.806	1.892	1.9368	1.9762	2.0298	2.0564	2.1008	2.1164	2.1296	2.1524	2.1792	2.1796	2.1686	2.1876	2.1946
438	Liechtenstein	1.6775	1.8032	1.8794	1.924	1.9674	2.0026	2.0304	2.0808	2.1104	2.1376	2.1688	2.1913	2.2094	2.2288	2.2412	2.2376
442	Luxembourg	1.5343	1.6971	1.7879	1.8641	1.907	1.9604	1.9911	2.0298	2.0384	2.0593	2.0706	2.0752	2.0973	2.106	2.1281	2.1514
492	Monaco	2.3564	2.4328	2.4814	2.4946	2.4808	2.4867	2.4818	2.483	2.5	2.4965	2.5187	2.5255	2.5182	2.5294	2.5325	2.5394
528	Netherlands	1.7644	1.9109	1.9857	2.0156	2.055	2.0922	2.1088	2.1214	2.157	2.1686	2.1826	2.1984	2.22	2.196	2.203	2.2136
756	Switzerland	1.6805	1.8097	1.8852	1.9397	1.9711	2.0032	2.0262	2.0465	2.0706	2.08	2.1059	2.125	2.128	2.1474	2.1652	2.1724
904	Latin America and the Caribbean	1.9673	2.0055	2.0265	2.0356	2.0266	2.0364	2.0306	2.046	2.0556	2.048	2.0484	2.0558	2.0676	2.069	2.0972	2.1188
915	Caribbean	2.2047	2.2678	2.2808	2.2942	2.3	2.3074	2.286	2.292	2.3128	2.337	2.3306	2.3126	2.2956	2.3002	2.3056	2.3202
660	Anguilla	1.6903	1.7645	1.8095	1.8474	1.8864	1.9164	1.9424	1.973	2.0153	2.0332	2.0395	2.0748	2.0888	2.0982	2.1202	2.1472
28	Antigua and Barbuda	1.7407	1.8782	1.9467	1.9978	2.0403	2.077	2.1198	2.1472	2.1808	2.1976	2.2012	2.238	2.2418	2.2492	2.253	2.2802
533	Aruba	1.3684	1.5064	1.6206	1.7012	1.7465	1.8085	1.8641	1.904	1.9354	1.9699	1.9915	2.0374	2.0516	2.0583	2.0758	2.097
44	Bahamas	1.6939	1.7865	1.8422	1.8806	1.9249	1.9662	1.992	2.0202	2.0314	2.0603	2.0974	2.1404	2.1634	2.1756	2.1948	2.203
52	Barbados	1.9494	1.9982	2.0298	2.0552	2.0596	2.0798	2.1136	2.1526	2.1498	2.1646	2.1886	2.205	2.2098	2.221	2.2274	2.2238
535	Bonaire, Sint Eustatius and Saba	1.8636	1.9396	1.9983	2.0365	2.0765	2.1014	2.1445	2.1796	2.2124	2.226	2.2272	2.2305	2.254	2.2797	2.283	2.2896
92	British Virgin Islands	1.2439	1.3964	1.5107	1.6172	1.6819	1.7567	1.8016	1.846	1.8708	1.9176	1.9222	1.9408	1.963	1.9996	2.0086	2.033
136	Cayman Islands	1.4891	1.566	1.6579	1.7313	1.7837	1.8419	1.8749	1.9322	1.9496	1.9786	2.007	2.0441	2.0812	2.0953	2.116	2.1146
192	Cuba	1.5647	1.7356	1.8284	1.8978	1.9388	1.9843	2.0275	2.055	2.0702	2.1025	2.1142	2.1176	2.1336	2.1251	2.1426	2.1564
531	Curaçao	1.9353	2.0091	2.0647	2.0994	2.1236	2.1418	2.1652	2.1866	2.198	2.2242	2.2282	2.2557	2.2989	2.327	2.333	2.335
212	Dominica	1.979	2.0147	2.0433	2.0664	2.073	2.1	2.1506	2.1744	2.1848	2.2094	2.2176	2.2246	2.2395	2.2602	2.2712	2.2948
214	Dominican Republic	2.5711	2.5705	2.5428	2.5022	2.4717	2.4588	2.467	2.4888	2.4866	2.497	2.5052	2.4992	2.5036	2.5068	2.5296	2.5236
308	Grenada	2.4153	2.4292	2.3938	2.3896	2.363	2.3716	2.3788	2.3832	2.3768	2.3898	2.399	2.3866	2.3992	2.4284	2.4192	2.41
312	Guadeloupe	2.3802	2.3706	2.3558	2.369	2.3752	2.3834	2.3896	2.4196	2.4134	2.4374	2.4404	2.4666	2.4736	2.4862	2.5087	2.5164
332	Haiti	3.3434	3.2541	3.1654	3.1058	3.0613	2.9983	2.9242	2.8831	2.8457	2.825	2.7635	2.6995	2.6447	2.623	2.5766	2.6105
388	Jamaica	1.6103	1.7085	1.7664	1.8308	1.8775	1.9249	1.9548	1.9763	1.9881	2.0076	2.0413	2.0598	2.1139	2.1343	2.1571	2.1763
474	Martinique	2.1903	2.2286	2.2432	2.2802	2.3289	2.3331	2.3433	2.3663	2.3619	2.3887	2.4106	2.433	2.4426	2.4742	2.4956	2.5052
500	Montserrat	1.9163	1.945	1.9816	2.0128	2.0562	2.0867	2.1033	2.1322	2.158	2.1832	2.2062	2.2412	2.2688	2.269	2.2824	2.276
630	Puerto Rico	1.4381	1.6015	1.6986	1.7824	1.8401	1.8831	1.9255	1.9497	1.9724	1.9991	2.0285	2.0429	2.0658	2.0829	2.1135	2.1458
652	Saint Barthélemy	1.2643	1.416	1.5177	1.6278	1.6942	1.7506	1.7925	1.8539	1.8845	1.9145	1.9276	1.9383	1.956	1.9987	2.024	2.0343
659	Saint Kitts and Nevis	2.0262	2.006	2.0245	2.0558	2.0654	2.0818	2.1076	2.1412	2.143	2.151	2.171	2.2022	2.2256	2.235	2.242	2.2496
662	Saint Lucia	1.9266	1.9026	1.9298	1.9403	1.9768	2.0124	2.0304	2.0704	2.0856	2.0944	2.0906	2.1179	2.1302	2.1579	2.1758	2.1924
663	Saint Martin (French part)	2.7259	2.7038	2.6656	2.6319	2.5883	2.5762	2.564	2.5572	2.5798	2.5878	2.57	2.5606	2.5655	2.5889	2.5981	2.5952
670	Saint Vincent and the Grenadines	2.1142	2.1526	2.1541	2.1784	2.198	2.2044	2.213	2.2492	2.2874	2.3062	2.3126	2.3284	2.359	2.3624	2.378	2.378
534	Sint Maarten (Dutch part)	1.9829	2.0473	2.0525	2.0926	2.1052	2.1276	2.1449	2.1981	2.2034	2.209	2.228	2.2564	2.2416	2.2458	2.2676	2.2832
780	Trinidad and Tobago	2.1286	2.1184	2.1144	2.1284	2.161	2.176	2.1766	2.2004	2.2332	2.2298	2.2452	2.264	2.298	2.3222	2.333	2.3246
796	Turks and Caicos Islands	1.9278	1.9942	2.0255	2.0587	2.0764	2.1081	2.1217	2.1442	2.1766	2.1904	2.2026	2.227	2.2661	2.2644	2.2861	2.3065
850	United States Virgin Islands	2.5977	2.5686	2.5628	2.5115	2.4944	2.494	2.5023	2.5127	2.523	2.5222	2.5286	2.5446	2.5677	2.5492	2.5536	2.5798
916	Central America	2.0989	2.1532	2.1629	2.1782	2.1756	2.1632	2.1708	2.186	2.209	2.2116	2.223	2.219	2.2298	2.2538	2.264	2.2908
84	Belize	2.2615	2.3156	2.3213	2.3106	2.3291	2.336	2.3477	2.3661	2.3917	2.373	2.3771	2.3838	2.3822	2.4113	2.4378	2.4578
188	Costa Rica	1.7505	1.8537	1.9322	1.9604	1.9917	2.0303	2.0536	2.0782	2.0974	2.124	2.1574	2.2112	2.2468	2.2468	2.2636	2.2778
222	El Salvador	2.1375	2.1567	2.1843	2.2106	2.2102	2.2224	2.224	2.2444	2.2762	2.3032	2.326	2.3178	2.3632	2.3568	2.3468	2.3498
320	Guatemala	2.6452	2.6572	2.6435	2.6176	2.595	2.5962	2.5618	2.5316	2.4921	2.4442	2.4594	2.4484	2.4631	2.4648	2.4437	2.4752
340	Honduras	2.8708	2.8571	2.8298	2.7604	2.6981	2.6786	2.6381	2.6134	2.5811	2.5856	2.5567	2.5248	2.5036	2.5081	2.5434	2.5171
484	Mexico	2.1216	2.1393	2.1639	2.2008	2.2076	2.201	2.2309	2.2582	2.301	2.313	2.3286	2.3354	2.3598	2.3778	2.3716	2.3916
558	Nicaragua	2.9259	2.7988	2.7252	2.6575	2.5894	2.5335	2.5006	2.5058	2.4875	2.4851	2.4643	2.4633	2.4709	2.4718	2.4852	2.4699
591	Panama	2.6365	2.6787	2.663	2.6456	2.6229	2.6121	2.6012	2.5846	2.5738	2.5792	2.574	2.5785	2.5674	2.5848	2.6006	2.5914
931	South America	1.9335	2.0075	2.0424	2.0624	2.0722	2.0892	2.099	2.1128	2.1212	2.1264	2.1188	2.1246	2.1404	2.153	2.1728	2.1836
32	Argentina	2.1677	2.2266	2.2431	2.275	2.3061	2.3194	2.32	2.3568	2.357	2.3683	2.3926	2.4076	2.4202	2.4231	2.433	2.434
68	Bolivia (Plurinational State of)	3.19	3.1351	3.0799	3.0382	2.9808	2.9283	2.8912	2.8706	2.8406	2.8118	2.7497	2.7024	2.6643	2.6604	2.637	2.6131
76	Brazil	1.8011	1.9139	1.9813	2.0237	2.0773	2.0982	2.1282	2.1574	2.1774	2.1894	2.1884	2.1954	2.2484	2.2532	2.2488	2.2674
152	Chile	1.8441	1.8991	1.9453	1.9852	2.0171	2.0476	2.0724	2.1064	2.1126	2.1402	2.174	2.1724	2.2162	2.2276	2.2474	2.2744
170	Colombia	1.993	2.0439	2.0833	2.1	2.1313	2.163	2.1951	2.2281	2.2512	2.2538	2.276	2.2928	2.2988	2.2884	2.3272	2.3514
218	Ecuador	2.3126	2.3362	2.3656	2.3802	2.369	2.3691	2.3979	2.406	2.4037	2.4311	2.4305	2.4407	2.433	2.4526	2.4452	2.4476
238	Falkland Islands (Malvinas)	1.9021	1.955	2.0189	2.057	2.096	2.126	2.1386	2.1632	2.185	2.1892	2.2021	2.2278	2.2634	2.303	2.319	2.3416
254	French Guiana	3.9381	3.8783	3.7998	3.695	3.5949	3.4766	3.3993	3.3413	3.265	3.2216	3.1545	3.1162	3.0327	2.9853	2.9704	2.9476
328	Guyana	2.8381	2.82	2.7781	2.733	2.6947	2.6423	2.5988	2.5862	2.6026	2.5882	2.5796	2.587	2.6072	2.5934	2.6152	2.6068
600	Paraguay	3.0004	2.9694	2.9187	2.8885	2.8292	2.7992	2.7414	2.6901	2.6538	2.6256	2.6279	2.5968	2.5836	2.5696	2.5553	2.5608
604	Peru	2.6278	2.6114	2.5817	2.5517	2.5167	2.4749	2.4524	2.4468	2.4546	2.4562	2.4632	2.445	2.4221	2.415	2.4329	2.4516
740	Suriname	2.7015	2.7286	2.6866	2.6578	2.6357	2.635	2.5921	2.565	2.5292	2.539	2.5363	2.516	2.537	2.5406	2.5434	2.5502
858	Uruguay	1.7112	1.8221	1.8911	1.9522	1.9972	2.0402	2.0528	2.0996	2.1146	2.1426	2.1744	2.1844	2.2034	2.2284	2.2546	2.2724
862	Venezuela (Bolivarian Republic of)	2.6668	2.6512	2.6297	2.5898	2.5221	2.5119	2.4748	2.4672	2.4566	2.4379	2.4246	2.4309	2.4387	2.4659	2.4754	2.4732
905	Northern America	1.7899	1.9153	1.9907	2.0429	2.0749	2.1063	2.145	2.1662	2.1733	2.1828	2.21	2.2084	2.2206	2.2466	2.2635	2.2886
60	Bermuda	1.5063	1.6576	1.7568	1.8304	1.8815	1.9357	1.9803	2.0181	2.0457	2.074	2.0874	2.1004	2.1509	2.1704	2.208	2.2184
124	Canada	1.6458	1.7693	1.8384	1.8903	1.9341	1.9848	2.0145	2.0349	2.0623	2.0693	2.0733	2.0962	2.1227	2.147	2.1518	2.1847
304	Greenland	2.2804	2.3221	2.3523	2.378	2.3828	2.4006	2.4076	2.4374	2.4536	2.4668	2.5036	2.5168	2.5086	2.5174	2.5298	2.5474
666	Saint Pierre and Miquelon	1.8405	1.9227	1.9814	2.0266	2.057	2.0866	2.1255	2.1474	2.1381	2.1556	2.1772	2.1916	2.2026	2.2386	2.2534	2.2548
840	United States of America	1.8122	1.9521	2.0302	2.0821	2.116	2.1501	2.1932	2.2108	2.225	2.2342	2.2596	2.2582	2.2711	2.3048	2.3199	2.3446
909	Oceania	2.3676	2.4102	2.4121	2.4104	2.4082	2.4255	2.4106	2.4093	2.3877	2.375	2.363	2.3424	2.3282	2.3113	2.3116	2.2928
927	Australia/New Zealand	1.7938	1.8719	1.9396	1.9825	2.0141	2.0683	2.0842	2.0964	2.1108	2.1062	2.1158	2.1282	2.1559	2.1554	2.1647	2.173
36	Australia	1.7418	1.8932	1.9608	2.0141	2.0537	2.1008	2.1305	2.1495	2.1724	2.1658	2.1739	2.1787	2.2019	2.2108	2.2182	2.2303
554	New Zealand	1.9408	2.0517	2.0971	2.1279	2.1613	2.2069	2.224	2.2516	2.274	2.2969	2.3286	2.3339	2.3329	2.3492	2.3551	2.3649
928	Melanesia	3.6667	3.7403	3.6308	3.535	3.4266	3.3532	3.286	3.2112	3.12	3.056	3.0021	2.9497	2.8897	2.8232	2.8071	2.7617
242	Fiji	2.9481	2.9242	2.8891	2.8611	2.8454	2.7652	2.7528	2.7147	2.664	2.6577	2.6486	2.5946	2.5941	2.5934	2.5873	2.6099
540	New Caledonia	2.4142	2.4263	2.4163	2.4212	2.3932	2.3893	2.3714	2.3731	2.3842	2.3833	2.4212	2.4239	2.4392	2.4274	2.4448	2.4466
598	Papua New Guinea	4.0688	3.898	3.7798	3.6754	3.5705	3.4852	3.4188	3.3461	3.2476	3.1766	3.1201	3.0699	3.0043	2.943	2.9356	2.8703
90	Solomon Islands	4.7133	4.5384	4.356	4.2536	4.1591	4.0746	3.9518	3.8021	3.6925	3.6266	3.5612	3.4797	3.3805	3.3627	3.3244	3.2592
548	Vanuatu	4.587	4.4551	4.3604	4.2843	4.2305	4.1304	4.0399	3.9445	3.8581	3.7914	3.7518	3.6667	3.6222	3.5682	3.5487	3.5442
954	Micronesia	2.9513	2.9706	2.8874	2.8118	2.7493	2.7068	2.6648	2.6088	2.5665	2.5137	2.4914	2.4732	2.4862	2.469	2.474	2.4676
316	Guam	2.9029	2.9258	2.9025	2.877	2.8388	2.8125	2.7514	2.7185	2.6547	2.6345	2.6088	2.5793	2.5888	2.5926	2.6031	2.6162
296	Kiribati	3.7863	3.7664	3.7088	3.6271	3.5828	3.5151	3.4445	3.3518	3.2997	3.2146	3.1682	3.136	3.084	3.0399	2.9976	2.9691
584	Marshall Islands	3.3755	3.286	3.1648	3.0873	2.9661	2.8712	2.8045	2.7869	2.7409	2.6738	2.6303	2.607	2.5885	2.5801	2.5693	2.5388
583	Micronesia (Fed. States of)	3.5107	3.3673	3.2531	3.1564	3.0689	3.0083	2.9568	2.8746	2.8066	2.7501	2.6933	2.6696	2.623	2.6126	2.5706	2.568
520	Nauru	4.2297	4.0453	3.9168	3.7841	3.6836	3.5784	3.4362	3.3365	3.2681	3.1794	3.1287	3.0883	3.0438	3.0005	2.9797	2.9429
580	Northern Mariana Islands	2.6206	2.5628	2.4943	2.4582	2.4732	2.4856	2.4684	2.4798	2.4946	2.5051	2.5168	2.4994	2.5104	2.5265	2.5358	2.541
585	Palau	2.7036	2.6692	2.6174	2.558	2.5354	2.5292	2.5378	2.5224	2.5242	2.5148	2.5224	2.519	2.5108	2.5067	2.53	2.5469
957	Polynesia	2.8124	2.8812	2.9027	2.9086	2.9147	2.9139	2.9074	2.9183	2.8971	2.8731	2.8593	2.8389	2.8032	2.7495	2.7246	2.7004
16	American Samoa	2.6326	2.6634	2.6773	2.6768	2.6728	2.6373	2.5986	2.5754	2.5638	2.5726	2.5538	2.5368	2.5357	2.5469	2.552	2.5522
184	Cook Islands	2.6742	2.6517	2.5973	2.5623	2.5447	2.5266	2.5354	2.5163	2.4772	2.4892	2.4746	2.4802	2.4817	2.505	2.5054	2.4944
258	French Polynesia	1.86	1.9692	2.0243	2.0619	2.1065	2.138	2.1694	2.193	2.2206	2.2522	2.2854	2.2782	2.297	2.3184	2.3244	2.35
570	Niue	2.9676	2.9057	2.8409	2.7979	2.753	2.6998	2.6323	2.597	2.5772	2.5731	2.5661	2.5741	2.6005	2.5989	2.594	2.594
882	Samoa	4.5336	4.4331	4.3069	4.1791	4.0471	3.9524	3.8679	3.7904	3.7022	3.6166	3.5148	3.4448	3.3907	3.3098	3.2313	3.1596
772	Tokelau	3.3866	3.3283	3.2156	3.0804	2.9939	2.9113	2.8429	2.7821	2.741	2.7033	2.6953	2.6581	2.6229	2.6297	2.623	2.5927
776	Tonga	3.8502	3.8495	3.7641	3.7094	3.6157	3.5607	3.498	3.4394	3.3834	3.3572	3.315	3.2517	3.2169	3.1976	3.1295	3.0879
798	Tuvalu	3.5762	3.5881	3.5829	3.5777	3.5321	3.5058	3.4623	3.4299	3.3749	3.3354	3.3133	3.235	3.2033	3.1589	3.1424	3.0907
876	Wallis and Futuna Islands	2.4268	2.3912	2.3461	2.3295	2.3062	2.297	2.3022	2.3056	2.3234	2.3386	2.369	2.362	2.3708	2.396	2.4314	2.4306
