"country"	"country_code"	"1740-1745"	"1745-1750"	"1750-1755"	"1755-1760"	"1760-1765"	"1765-1770"	"1770-1775"	"1775-1780"	"1780-1785"	"1785-1790"	"1790-1795"	"1795-1800"	"1800-1805"	"1805-1810"	"1810-1815"	"1815-1820"	"1820-1825"	"1825-1830"	"1830-1835"	"1835-1840"	"1840-1845"	"1845-1850"	"1850-1855"	"1855-1860"	"1860-1865"	"1865-1870"	"1870-1875"	"1875-1880"	"1880-1885"	"1885-1890"	"1890-1895"	"1895-1900"	"1900-1905"	"1905-1910"	"1910-1915"	"1915-1920"	"1920-1925"	"1925-1930"	"1930-1935"	"1935-1940"	"1940-1945"	"1945-1950"	"Source"
"Albania"	8																																						3.802144035	3.582441091	4.232421019	4.513661268	5.141854445	GapMinder (1925-1950)
"Azerbaijan"	31																																8.05422433	7.951743722	7.81756921	7.657299189	7.476532054	7.280818643	7.056196747	6.76293556	6.424371526	6.076686971	5.756307493	GapMinder (1895-1950)
"Argentina"	32																										6.785989928	6.589822683	6.563881136	6.473793663	6.079449119	6.325601117	6.075538437	5.885328348	5.545308574	5.281539757	5.14437642	4.727340118	4.262791013	3.776702771	3.446308004	3.371107325	3.189441075	GapMinder (1865-1950)
"Australia"	36													6.468510938	6.393713325	6.296465082	6.181485639	6.053426475	5.890182194	5.642717499	5.360673742	5.112711151	4.970739377	4.97475	5.6010325	5.677725887	5.319130675	4.966730938	4.75432	4.71211	4.721850769	4.337604988	3.720403409	3.525165119	3.365465714	3.48	3.09445	3.026318419	2.722640293	2.196855758	2.215839471	2.539280692	3.010615367	GapMinder (1800-1905) and Chesnais (1906-1950)
"Austria"	40																									4.83951089	4.662872033	4.773338746	4.689251911	4.54234415	4.4318626	4.365564211	4.351850164	4.193844475	3.835162533	3.303428512	2.763508577	3.061898884	2.440968073	1.994518909	2.177647548	2.193505373	1.8907583	GapMinder  (1860-1950) and Festy (1869-1950)
"Bangladesh"	50																																						6.55166848	6.37445248	6.27557248	6.23198848	6.2220245	GapMinder (1925-1950)
"Armenia"	51																																8.096504684	8.079163984	8.045419857	7.994614203	7.926088924	7.839057866	7.666371715	7.149843558	6.073836832	2.839147535	3.935727359	GapMinder (1895-1950)
"Barbados"	52													4.764736019	4.557634561	4.469368495	4.462356659	4.704973259	5.144026741	5.387004359	5.395501216	5.383254339	5.36414209	5.339254211	5.309680444	5.27651053	5.240834211	5.203741228	5.166321323	5.129664236	5.09485971	5.062997486	5.035167305	5.01245891	4.99596204	4.986766438	5.004216414	4.840558827	4.490509957	4.278959467	4.29838232	4.33413456	4.44174296	GapMinder (1800-1950)
"Belgium"	56													4.815391178	4.771401022	4.743418312	4.72780499	4.720923002	4.719782728	4.86346446	4.988328506	4.844780199	4.512913628	4.241805931	4.48589488	4.632516817	4.76138112	4.856611506	4.778002792	4.597929668	4.316029896	4.166083277	3.965016771	3.651053207	3.344608912	3.052533391	2.78113537	2.536723573	2.325782835	2.09498424	1.991359091	1.987243348	2.409410061	"GapMinder (1800-1850, 1901-1930), Chesnais (1851-1900, 1946-1950) and Festy (1931-1945)"
"Bolivia"	68																																	6.48	6.48	6.48	6.48	6.48	6.480031309	6.492696636	6.545142388	6.620897128	6.694823597	GapMinder (1900-1950)
"Bosnia and Herzegovina"	70																							5.750994792	5.510040005	5.392780104	5.352542986	5.321618619	5.297292139	5.278084961	5.2625185	5.249114172	5.23639339	5.222877571	5.207094218	5.190212021	5.177957922	5.169075676	5.160749112	5.150162058	5.134498343	5.110941794	5.075029119	GapMinder (1850-1950)
"Brazil"	76																												6.285246429	6.293269664	6.260757477	6.195955336	5.984500352	5.781790666	5.868159668	5.896	5.896	5.896	5.896	5.896	5.8962059	5.965012	6.138848767	GapMinder (1875-1950)
"Bulgaria"	100																												4.65671875	4.927092365	4.895144915	5.034434739	5.528932801	5.789357747	5.676109313	5.440673847	5.362743873	5.139010906	4.516476833	3.798415858	3.155165981	3.12059087	2.88694625	GapMinder  (1875-1946) and  HFD (1947-1950)
"Belarus"	112																													6.816616205	6.525506166	6.264383415	6.046314867	5.880660145	5.750498154	5.628884953	5.4887726	5.30311315	4.982575291	4.33691261	3.734055351	3.543631821	3.433655596	GapMinder (1880-1950)
"Canada"	124																									4.903503368	4.986117083	4.737246995	4.62460924	4.487467757	4.300701115	4.15543492	4.051528663	4.026955434	4.043439	4.009080758	3.757251762	3.314014271	3.277928875	2.939545722	2.68922443	2.972733865	3.430844072	"GapMinder (1861-1900), Chesnay (1901-1920) and HFD (1921-1950)"
"Sri Lanka"	144																												5.683198438	5.738286083	5.597283455	5.416891418	5.545270257	5.31185675	5.638787241	5.639038124	5.931905698	5.934852936	6.124232	5.621533677	5.465819211	5.708838519	5.957426878	GapMinder (1875-1950)
"Chile"	152																					6.123560938	6.230476157	6.05771908	5.868225455	5.413753143	5.437566857	5.835510086	5.281129914	5.261975278	4.677558472	4.997036046	4.67665496	6.174078534	6.13876512	6.07882156	5.752457738	5.669458561	5.583602249	5.302626374	4.910199468	4.862561278	4.723410936	GapMinder (1840-1950)
"China"	156																																						5.49981875	5.43925	5.286724803	5.505462963	5.992305984	GapMinder (1925-1950)
"Taiwan"	158																												5.770168172	5.693374215	5.643563241	5.614869382	5.601426773	5.59736955	5.726979004	5.935088167	5.71847595	5.970981977	6.347213889	6.468611111	6.325170068	5.805859581	5.848357353	GapMinder (1875-1950)
"Colombia"	170																																	6.271561309	6.339134013	6.35020472	6.363837	6.43274064	6.420102652	6.2145376	6.127401628	6.124483992	6.457670187	GapMinder (1900-1950)
"Costa Rica"	188																													6.913710938	6.901579861	6.921337627	7.008293467	7.07387335	7.2552522	7.19011365	6.7261388	6.78088	6.882230028	6.642326069	6.611638581	6.95269851	6.740623692	GapMinder (1880-1950)
"Croatia"	191																													5.449574533	5.65881464	5.641595307	5.642050706	5.285794363	5.042907839	4.929257246	5.261686951	5.153207264	4.688208146	4.045676578	3.385464752	2.896573051	2.878270961	GapMinder (1881-1950)
"Cuba"	192																															4.632777778	4.130596094	5.588201305	5.817042316	5.809090909	5.780433201	5.471134314	4.813139258	4.381366115	4.121968308	4.048053686	4.558827448	GapMinder (1890-1950)
"Cyprus"	196																												5.717970011	5.24959268	4.84956684	4.514198619	4.239794145	4.024575254	4.143452546	4.500726504	4.3129106	3.600346605	3.946645648	4.31844504	4.394795682	4.248303188	3.939811616	GapMinder (1875-1950)
"Czech Rep."	203													5.29374016	5.24085616	5.19536416	5.16158416	5.143825758	5.141487712	5.142673312	5.144377312	5.146023712	5.146977647	5.1272254	5.07687147	5.084197	5.132607996	5.12982248	5.079831903	5.016650082	4.943775545	4.898332686	4.865296668	4.691418539	4.230345712	3.657165323	3.082948791	2.746324633	2.218983564	1.858747258	1.866107529	2.615537016	2.915344318	GapMinder (1800-1950)
"Denmark"	208													4.050130928	4.077933299	4.118323279	4.175638852	4.217229333	4.032114669	3.93989837	4.058845728	4.158309739	4.221559444	4.317108459	4.438975334	4.183692462	4.123217944	4.162228449	4.320030978	4.373092646	4.248570427	4.1022128	4.059517663	3.996553704	3.789883904	3.45267658	3.14362601	2.859160504	2.406206344	2.156360268	2.169353744	2.640931755	2.749311376	GapMinder (1800-1890) and  Festy (1891-1950)
"Dominican Rep."	214																																								6.556218463	7.072036604	7.411864631	GapMinder (1935-1950)
"Ecuador"	218																																	6.986637136	6.907849735	6.822375992	6.819190874	7.014553378	7.150082066	7.06083418	6.904359944	6.717083959	6.701010831	GapMinder (1900-1950)
"El Salvador"	222																																	5.859142013	5.8662051	5.9306256	5.861420024	6.25156683	6.297895852	6.197365078	6.080524435	6.043339941	6.062723822	GapMinder (1900-1950)
"Estonia"	233													5.316589071	4.990840401	5.01986512	4.96165016	5.108324922	5.060856613	4.876758235	4.558688989	4.397571003	4.3611324	4.621450534	4.764796397	5.094315946	4.38300064	4.468631764	4.248825344	4.0635411	3.930470336	3.793340096	3.892838377	3.804619807	3.525058505	3.243096287	2.643924186	2.540915211	2.427915688	2.195219144	2.146571855	2.145307776	2.105591341	GapMinder (1800-1950)
"Fiji"	242																																	6.102964479	5.620671046	5.261018566	5.011476086	4.859512653	4.792780945	4.851006952	5.06785079	5.272069559	5.891927797	GapMinder (1900-1950)
"Finland"	246				5.672547771	6.088819677	5.875302031	5.674631283	5.47591423	5.285177515	5.230148018	5.23	5.080564516	5.082629234	4.54780625	4.775	4.739548193	4.926451807	4.909647697	4.458455751	4.359396552	4.721	4.716	4.9025	4.772043478	5.0023864	4.356291052	4.969820736	5.01450119	4.930082143	4.991375	4.702525	4.893475	4.7725	4.695848718	4.213878555	3.526318182	3.369892045	2.888188937	2.405873563	2.45005	2.575499941	3.342140363	"GapMinder (1800-1865), Festy (1866-1938), HFD (1939-1950)"
"France"	250	5.426120111	5.3895085	5.365600444	5.439492	5.228652	5.191228	5.0547	5.091108	5.091856	5.146861071	4.95348483	4.789218032	4.215567117	3.960833076	3.880721053	3.854763158	3.815494737	3.754231579	3.678179059	3.590113774	3.537599014	3.508048342	3.385710282	3.43	3.495	3.509	3.437	3.475	3.38	3.179	2.971	2.896	2.80821	2.62146	2.35913	1.56586	2.46574	2.30915	2.18137	2.10413	2.09763	2.91932	Festy (1740-1950)
"French Polynesia"	258																																						5.97038304	5.86331504	5.80357504	5.77724304	5.772399272	GapMinder (1925-1950)
"Georgia"	268																																	7.759190499	7.57163301	7.243833143	6.806952399	6.292152282	5.73002801	4.967002112	3.966191611	3.489280071	3.255798914	GapMinder (1900-1950)
"Germany"	276													5.364826817	5.330090225	5.318242907	5.338099225	5.318268212	4.9602699	4.850644808	4.899779192	4.971770873	5.012663092	4.604531611	4.652961506	5.004885807	5.131853435	5.362815844	5.225307233	5.237317561	5.22314	5.156803385	5.031951114	4.764898366	4.319269001	3.461352096	2.393331885	2.466025059	1.972270625	1.781015318	2.234310777	1.927531842	2.057205	GapMinder (1800-1880) and Chesnay (1881-1950)
"Greece"	300																							4.806511173	3.905088513	3.86054	3.853438	3.813372	3.595596875	3.53415483	4.334325161	5.04899716	5.412350381	5.29897551	4.608864075	3.705535925	3.01542449	2.89820341	3.972343569	3.89611839	3.452384532	2.987557666	2.399109392	GapMinder (1850-1950)
"Guatemala"	320																																	6.18641148	6.156517084	6.35868288	6.167211353	6.73262346	6.760425267	6.3546352	6.168269787	6.378760112	6.980100818	GapMinder (1900-1950)
"Guyana"	328																													4.549663632	4.177742308	4.274694325	5.241548989	5.346833984	5.517004221	4.787964977	4.380831006	4.923207012	5.005299753	5.008420732	5.071036121	5.542422316	6.288078474	GapMinder (1880-1950)
"Honduras"	340																																		6.292784273	6.227366337	6.09769728	6.36531815	6.281546138	6.051263029	6.087960745	6.322000411	6.441800217	GapMinder (1905-1950)
"Hungary"	348																							4.989844335	4.860898909	5.098243996	5.009387203	5.225775965	5.38638854	5.452810854	5.3346793	5.100678218	4.926989058	5.178936071	4.825186848	4.410754764	3.976446836	3.45737925	3.03016129	2.694196581	2.471386794	2.512945	2.580734602	GapMinder (1850-1925) and Festy (1926-1950)
"Iceland"	352																							4.86700072	4.825185775	4.671687744	4.331422229	4.049588224	3.844410876	3.813482152	3.84155402	3.917872063	4.054435598	4.088199158	3.925485443	3.928911092	3.907374697	3.684470287	3.474	3.219869091	2.814496126	3.268134783	3.625140625	GapMinder (1850-1950)
"India"	356																													5.834451727	5.750753591	5.735282872	5.727651186	5.72308125	5.715829188	5.70399	5.711145127	5.769237826	5.838358554	5.908329565	5.928305598	5.918580652	5.89931488	Bhat (1881-1951)
"Indonesia"	360																																6.063486914	6.014738361	6.201127784	5.979575019	5.361156928	5.4761596	5.457234693	5.428152007	5.3961671	5.368535526	5.353865473	GapMinder (1895-1950)
"Iran"	364																																						7.047202062	7.000732062	6.965782062	6.942628985	6.931543518	GapMinder (1925-1950)
"Ireland"	372																							3.731698517	3.32985999	3.29171864	3.585200353	3.6266594	3.4510098	3.209107194	3.063219606	3.06776771	3.111766433	3.081581657	3.123693383	3.059497772	2.838228967	2.768242352	2.699014225	2.616253259	2.642620628	2.963140381	3.474387737	GapMinder (1850-1950)
"Israel"	376																																						4.414663895	4.27763912	3.510001781	3.613781973	4.36023231	GapMinder (1925-1950)
"Italy"	380																							5.309352142	5.080651899	4.92016013	4.914072	4.886230222	4.92988	5.045650505	5.011798233	4.836572053	4.593261767	4.44451122	4.456100748	4.180212	3.270751252	3.782533356	3.488560609	3.058561571	2.987662449	2.607414474	2.72760625	GapMinder (1850-1929) and Festy (1930-1950)
"Jamaica"	388																											4.723222222	4.635269055	5.116348183	5.142577726	5.190186011	4.95251136	5.079721065	5.220553003	4.907134012	5.28246224	5.06619696	4.88379272	4.785941629	4.283750026	4.060249738	3.881197033	GapMinder (1870-1950)
"Japan"	392													4.191403833	4.352511175	4.435085805	4.465805946	4.484763687	4.499235235	4.515864411	4.541904776	4.593102956	4.668738683	4.748546255	4.811483187	4.796257372	4.126763	3.542126625	3.634798237	3.828006572	4.236707978	4.28335086	4.669961231	4.766717002	4.954618148	5.07351115	4.969262643	5.182234684	4.992534091	4.635818182	4.142160714	3.942046429	4.004570853	GapMinder (1800-1920) and Chesnais (1921-1950)
"Kazakhstan"	398																																6.447340534	6.434496794	6.41037712	6.375393568	6.329958196	6.274404214	6.176455689	5.958840727	5.646367692	5.125693494	4.445106492	GapMinder (1895-1950)
"Korea, Dem. Rep."	408																																	6.111028583	6.126223982	6.136141155	6.139834291	6.112336	5.907578353	6.086168	6.183776222	5.780414647	2.858269376	GapMinder (1900-1950)
"Korea, Rep."	410																																	5.967685185	5.934643347	5.922177641	5.924971036	5.95518	5.890534839	6.020988	6.162945297	6.067834798	5.215701047	GapMinder (1900-1950)
"Kyrgyzstan"	417																																						5.917154	5.004496593	4.499015009	4.436094	4.47116395	GapMinder (1925-1950)
"Latvia"	428													5.197447807	5.185390494	5.163435364	5.13267731	5.094211228	5.049132014	4.998534561	4.943513765	4.885164522	4.824565388	4.755776503	4.661231918	4.542628164	4.405888252	4.256935192	4.101691995	3.946081671	3.79602723	3.657451684	3.53677585	3.440305415	3.358669477	3.275575208	3.174650701	3.039268381	2.79156826	2.453852543	2.43545057	2.371846	2.07870055	GapMinder (1800-1950)
"Lithuania"	440													5.761262227	5.757644753	5.750711871	5.740435991	5.726789525	5.709744883	5.689274475	5.665350714	5.637946008	5.60703277	5.572583409	5.534570337	5.492965965	5.447742702	5.398872959	5.346329149	5.29008368	5.230108964	5.166377412	5.087047661	4.891638786	4.575312976	4.215662947	3.891490365	3.681596895	3.650745777	3.358829137	3.101792411	2.962358895	2.723458328	GapMinder (1800-1950)
"Luxembourg"	442													4.777643311	4.770195136	4.758591868	4.743719407	4.726463655	4.707696367	4.682872839	4.643196525	4.601587161	4.58143867	4.355201302	4.477007529	4.429183854	4.310228514	4.3279997	4.40605555	4.1664075	3.9353562	3.84804595	3.97221975	4.139325272	3.979918527	3.408154957	2.908994618	2.656792167	2.651403273	2.213209253	1.755025031	1.754355631	2.353233787	GapMinder (1800-1950)
"Malaysia"	458																																					5.118123281	4.87011706	4.919905647	5.374210455	4.9859725	5.454046889	GapMinder (1920-1950)
"Maldives"	462																																						5.86257088	5.72227488	5.64399488	5.60949088	5.604582008	GapMinder (1925-1950)
"Malta"	470																													5.39191575	5.285697	5.23887825	5.227460313	5.384841456	5.153005733	4.336903211	4.40664896	4.52730792	4.534189845	4.569826593	4.434539562	4.826967134	4.790826634	GapMinder (1880-1950)
"Martinique"	474																																						5.68836832	5.66252432	5.64810432	5.64174832	5.641167805	GapMinder (1925-1950)
"Mauritius"	480																												5.024757293	4.96073494	4.840523261	4.885950681	5.099173665	5.078324853	4.773655307	4.925882983	4.684146055	5.305403762	4.82857744	4.32904152	4.101654275	4.566504437	5.764209527	GapMinder (1875-1950)
"Mexico"	484																																	6.261371462	6.093701955	5.702308044	5.59004048	6.02262464	5.94897824	5.94181728	5.855228796	6.054890621	6.482689292	GapMinder (1900-1950)
"Mongolia"	496																																						5.843792714	5.707480714	5.604960714	5.537045022	5.504527654	GapMinder (1925-1950)
"Moldova"	498																																4.472591732	6.35228062	6.262294663	6.12455952	5.943065686	5.721803654	5.335175628	4.391330172	3.540544053	3.40065017	3.45659323	GapMinder (1897-1950)
"Montenegro"	499																							5.744230639	5.508143116	5.393002512	5.355388189	5.329594707	5.311668535	5.298837473	5.288329317	5.277371866	5.263192919	5.243020274	5.2140534	5.161545794	5.052564797	4.889289685	4.681361307	4.438420513	4.170108151	3.886065071	3.595756473	GapMinder (1850-1950)
"Netherlands"	528																					5.026275164	4.977379844	4.655140156	4.634363822	4.94666048	5.059075313	5.23369952	5.392997936	5.259521071	5.135638211	4.971393286	4.696481031	4.410581818	4.100331225	3.797586957	3.5826	3.501249206	3.071088294	2.7183125	2.59525	2.9315	3.427400147	"GapMinder (1840-1850), Chesnay (1851-1905)  and Festy (1906-1950)"
"Aruba"	533																																							5.699445	5.76382	5.792195	5.79859475	GapMinder (1930-1950)
"Vanuatu"	548																																						6.877983618	7.240067618	7.479207618	7.616486695	7.672346539	GapMinder (1925-1950)
"New Zealand"	554																							5.24293812	5.1115305	5.08588171	5.649022939	5.362680458	5.495929611	4.885860442	4.182909256	3.708547718	3.456024021	3.559479344	3.625938485	3.486446515	3.243212173	2.993691081	2.649373746	2.411676399	2.657749324	3.114553363	3.558823083	GapMinder (1850-1950)
"Nicaragua"	558																																							6.164117272	6.212441567	6.419327822	6.739195092	GapMinder (1930-1950)
"Norway"	578													4.100372061	3.948270434	4.007752196	4.691000805	4.841458968	4.730436006	4.47133141	4.143786922	4.357003132	4.447208	4.627015684	4.599038989	4.545777244	4.354190476	4.471670635	4.645234319	4.507158358	4.446254545	4.4407	4.472114286	4.161954464	3.88826875	3.632225	3.421204942	3.020650618	2.342048606	1.9207	1.869333333	2.239	2.595	GapMinder (1800-1870) and Festy (1871-1950)
"Micronesia, Fed. Sts."	583																																						6.341714203	6.765758203	7.051498203	7.219648049	7.290330181	GapMinder (1925-1950)
"Panama"	591																																	5.393754672	5.44196512	5.4783488	5.09753152	5.328636578	5.173346658	5.023578874	5.113760011	5.301593178	5.430767878	GapMinder (1900-1950)
"Peru"	604																																	6.746387875	6.655634981	6.593359866	6.55440975	6.533631856	6.525932356	6.549308438	6.644050625	6.763917813	6.846161359	GapMinder (1900-1950)
"Philippines"	608													6.36423038	6.098502276	6.027207814	6.77240482	6.97471206	7.112318782	6.586520849	6.00157123	5.864391079	6.242312007	6.431546478	6.4276048	6.46600384	6.40213408	6.433940825	5.968705082	6.387610711	6.549367879	6.369322639	6.429971592	5.888061604	5.47695614	6.018329574	5.807869464	5.975076674	5.969948148	5.645223568	5.643093416	5.315469948	6.041948524	GapMinder (1800-1950)
"Poland"	616													6.198870814	6.096470875	6.041462941	6.123825805	6.0367	6.2133656	6.2178144	6.34222	6.0836	5.2997	5.407857143	6.082642857	6.34050037	5.546145946	5.67088	5.301375	5.204225	5.5208	5.676575	5.572725	5.1858	4.97475	4.528381111	3.821828889	4.678971447	4.310428406	3.718490147	3.296911834	3.094505082	3.618455941	GapMinder (1800-1950)
"Portugal"	620																							4.363896467	4.185348353	4.101106636	4.124558163	4.197049271	4.235543738	4.179577188	4.288582785	4.02632395	3.928872381	4.150887619	4.060850345	4.380087572	4.008902083	4.28025	4.05015	3.797824719	3.323997158	3.253955788	3.29421663	GapMinder (1850-1939) and  HFD (1940-1950)
"Puerto Rico"	630																																	4.7820535	4.526438248	4.77260832	5.099076456	5.05657643	4.815798279	5.220748875	5.221913	5.383115	5.36641	GapMinder (1900-1950)
"Romania"	642																							4.407481481	4.035513717	4.401619645	4.431311396	4.580403272	4.822106444	5.578528766	5.515727143	5.45782	5.40355	5.279312857	5.414540801	5.607424607	4.03386737	4.902852629	4.617739378	4.42267	3.910410507	2.974509493	3.20062	GapMinder (1850-1950)
"Russia"	643																					6.733687748	6.786437387	6.775939358	6.698253514	6.685615425	6.702093601	6.587409077	6.641046597	6.665610027	6.363084805	6.493818717	7.211220537	7.142724	7.10491968	6.28024	5.392212598	6.089852	6.183079722	4.71748	4.505844	2.820507802	2.74110277	GapMinder (1840-1950)
"Saint Vincent and the Grenadines"	670																																						6.647217966	6.812133105	6.959962998	7.093140199	7.213929588	GapMinder (1925-1950)
"Serbia"	688																							5.643175781	5.451909144	5.697336673	5.996813426	5.87606884	5.542246588	5.428834907	5.404128798	5.4685802	5.639242265	5.27411136	5.134196818	5.206357361	5.115589469	4.955627516	4.740188591	4.482989781	4.197748178	3.898180869	3.597838467	GapMinder (1850-1950)
"Singapore"	702																														5.692310191	5.675711303	5.564750358	5.455379827	5.383171181	5.411786514	5.617670006	5.90582592	6.472176276	7.186327785	7.451152358	6.004484136	6.459964175	GapMinder (1883-1950)
"Slovak Republic"	703																											4.16761172	5.91116612	5.77792992	5.823443271	5.549475459	5.418875391	5.159581972	4.871167666	4.05017829	3.146732877	4.460623065	3.672973333	3.055080952	2.789279209	2.936001076	3.284129045	GapMinder (1872-1950)
"Vietnam"	704																																	4.488992604	4.245508876	4.211454068	4.4529875	4.5856475	4.760015	4.861445556	5.114620708	5.511855533	5.880474966	GapMinder (1900-1950)
"Slovenia"	705													4.928899241	4.923042885	4.910660491	4.890514349	4.861366748	4.821979981	4.771116336	4.707538105	4.630007577	4.537287043	4.428138794	4.270499125	4.2211	4.414521429	4.457290336	4.446038235	4.55455	4.5721	4.5071	4.519821429	4.460578571	4.3421625	3.8192375	2.745372078	3.909350373	3.563579335	3.224348214	2.850621429	2.596639427	2.832976645	GapMinder (1800-1950)
"Spain"	724																							4.803973018	4.731016124	5.095395845	4.925694949	4.814701297	4.770606292	4.80564915	4.765872436	4.665599327	4.541543137	4.67784013	4.531444165	4.296410406	4.1722456	3.975084016	3.740727273	3.501654275	2.740118452	2.74715625	2.686510417	GapMinder (1850-1921) and Festy (1922-1950)
"Sweden"	752			4.8178226	4.6208639	4.650725122	4.5685262	4.296475478	4.5198044	4.188698409	4.1789424	4.422646714	4.325986968	4.432741626	4.326093791	4.659841011	4.793606973	5.058978643	4.745251994	4.601765589	4.333835453	4.435234236	4.376462432	4.329027102	4.523010267	4.607350363	4.238131012	4.457643988	4.50950223	4.32157277	4.245980708	3.997219005	3.958202352	3.840020292	3.671924595	3.263691613	2.884739466	2.557783728	2.030163434	1.741696203	1.791383903	2.311915661	2.427486975	"Hofsten and Lundstrom (1751-1950), Festy (1751-1890) and HFD (1891-1950)"
"Switzerland"	756																							3.769988036	4.015937804	4.249047474	4.128841206	4.064184327	4.182754167	3.8369225	3.6978975	3.703224	3.816856	3.7252	3.432342567	2.939362939	2.46477072	2.386412538	2.113581626	1.903946725	1.795108148	2.354574353	2.506351852	"GapMinder (1850-1870), Festy (1871-1930) and  HFD (1931-1950)"
"Thailand"	764																																						6.301896357	6.233740357	6.182480357	6.148522511	6.132263827	GapMinder (1925-1950)
"Tonga"	776																																						6.706307892	6.975642892	7.161617892	7.274248277	7.323240584	GapMinder (1925-1950)
"Trinidad and Tobago"	780																4.52427361	4.616767979	4.695070955	4.760365156	4.813833196	4.856657693	4.890021261	4.915106518	4.933096078	4.945172558	4.952518575	4.956316743	4.95774968	4.91904976	4.473909106	4.47374633	4.816118724	4.922463687	4.571114766	4.3349	4.188599234	4.272673525	4.208352041	4.099988209	4.393241141	5.086951087	5.273625733	GapMinder (1814-1950)
"Tunisia"	788																																							6.390403878	6.326635352	6.162230914	5.857675445	GapMinder (1930-1950)
"Turkey"	792																																	6.917989524	6.908384896	6.890616738	6.865269837	6.83292898	6.794178952	6.749604542	6.69377137	6.62970898	6.894941599	GapMinder (1900-1950)
"Ukraine"	804																													7.417972854	7.256347169	7.06389221	6.844698886	6.597722632	6.318044422	6.001332403	5.643276702	5.239567446	4.735786306	3.992241774	3.309552816	2.959114903	2.772540578	GapMinder (1880-1950)
"Macedonia, FYR"	807																																						5.896098199	5.875844429	5.834195402	5.768079969	5.673066312	GapMinder (1925-1950)
"Egypt"	818																																			5.98888964	6.022058517	6.072062278	6.326709318	6.195575843	5.893821522	5.974718352	6.126664548	GapMinder (1912-1950)
"United Kingdom"	826													5.347733271	5.392615979	5.516820438	5.581426479	5.510405697	5.065711236	4.8600104	4.851952933	4.833982067	4.760157792	4.881642208	4.889903375	4.925267958	4.904869667	4.910579385	4.86294075	4.549733415	4.170480287	3.89625936	3.62508613	3.397739234	3.12588669	2.843609696	2.409158709	2.411699945	2.012247548	1.791814069	1.793115024	2.012294552	2.362613011	GapMinder (1800-1950)
"Channel Islands"	830																											4.890102526	4.598483812	4.319488443	4.054758595	3.805936446	3.574664172	3.362583952	3.1713201	2.994914302	2.815496068	2.636947039	2.467823456	2.316681557	2.192077582	2.102567771	2.056680406	GapMinder (1870-1950)
"United States"	840													6.960906325	6.847486397	6.736527603	6.628124145	6.526051908	6.434990587	6.341976416	6.23092591	6.074097486	5.847567397	5.592973762	5.362814409	5.19406942	5.064260767	4.944518052	4.809633674	4.621368681	4.358031392	4.089034974	3.897997754	3.818170131	3.641322275	3.531818166	3.292423132	3.128825684	2.687629577	2.172584992	2.063865283	2.430211407	2.998211809	"GapMinder (1800-1900),  Chesnais (1901-1932) and HFD (1933-1950)"
"Uruguay"	858																							5.799870292	5.798971397	5.796585087	5.792021261	5.784589815	5.773600647	5.582836353	5.569300001	5.223129166	4.5996559	4.363483689	4.430647602	4.218509995	3.689313368	3.457154461	3.268105719	2.910930278	2.685733778	2.680395352	2.685980507	GapMinder (1850-1950)
"Venezuela"	862																														5.98425701	6.032495148	5.734173777	5.650209088	5.87063648	5.869367297	5.55049375	5.578966233	5.67105152	5.363862718	5.416648066	5.604795853	6.114863708	GapMinder (1885-1950)
